0.0282843       0.484782
0.0565685       0.469641
0.0848528       0.454892
0.113137       0.438915
0.141421       0.423147
0.169706        0.40802
0.19799       0.392241
0.226274       0.378189
0.254558       0.362886
0.282843       0.347527
0.311127       0.333324
0.339411       0.318281
0.367696       0.305061
0.39598       0.291164
0.424264       0.277861
0.452548       0.263432
0.480833       0.250786
0.509117       0.238111
0.537401       0.225418
0.565685       0.212389
0.59397       0.200241
0.622254       0.186699
0.650538       0.174999
0.678823       0.163797
0.707107       0.150681
0.735391       0.139348
0.763675       0.127456
0.79196        0.11657
0.820244       0.105167
0.848528       0.094138
0.876812       0.083962
0.905097       0.074664
0.933381       0.065194
0.961665       0.055652
0.989949       0.047565
1.01823       0.039148
1.04652       0.031306
1.0748       0.024769
1.10309       0.018221
1.13137       0.012709
1.15966       0.007177
1.18794       0.000364
1.21622       0.004534
1.24451        0.00953
1.27279       0.013242
1.30108       0.017142
1.32936       0.021311
1.35765       0.024502
1.38593       0.028077
1.41421       0.031139
1.4425       0.036418
1.47078       0.037814
1.49907       0.039634
1.52735       0.042019
1.55563       0.044094
1.58392       0.045435
1.6122       0.047509
1.64049       0.049041
1.66877       0.050428
1.69706       0.051966
1.72534       0.052469
1.75362       0.053332
1.78191       0.054585
1.81019       0.055106
1.83848       0.055932
1.86676       0.055994
1.89505       0.055772
1.92333       0.056146
1.95161       0.056626
1.9799       0.057409
2.00818       0.056973
2.03647       0.056456
2.06475       0.057235
2.09304       0.057823
2.12132       0.058482
2.1496       0.059218
2.17789       0.059606
2.20617       0.060339
2.23446       0.062242
2.26274       0.063041
2.29103       0.065435
2.31931       0.066976
2.34759       0.068246
2.37588       0.068381
2.40416       0.072803
2.43245       0.072906
2.46073        0.07534
2.48902       0.077267
2.5173       0.079698
2.54558       0.081582
2.57387       0.083747
2.60215       0.086502
2.63044       0.087946
2.65872       0.091495
2.68701       0.093481
2.71529       0.096335
2.74357       0.098082
2.77186       0.101319
2.80014       0.103858
2.82843       0.106689
2.85671       0.110478
2.885       0.111655
2.91328       0.114457
2.94156       0.117755
2.96985       0.120138
2.99813       0.123165
3.02642       0.125944
3.0547       0.128165
3.08299       0.130755
3.11127       0.133881
3.13955       0.136328
3.16784       0.139111
3.19612       0.141948
3.22441       0.144382
3.25269        0.14765
3.28098       0.149665
3.30926       0.152577
3.33754       0.155345
3.36583       0.157973
3.39411       0.159863
3.4224       0.161364
3.45068        0.16584
3.47897       0.167999
3.50725       0.170489
3.53553         0.1729
3.56382       0.174968
3.5921       0.176577
3.62039       0.179169
3.64867        0.18222
3.67696       0.183933
3.70524       0.186571
3.73352       0.187777
3.76181        0.19131
3.79009       0.193161
3.81838       0.195336
3.84666       0.197564
3.87495       0.200824
3.90323       0.200858
3.93151        0.20374
3.9598       0.207323
3.98808       0.207982
4.01637       0.210051
4.04465       0.212227
4.07294       0.214562
4.10122       0.215958
4.1295       0.219195
4.15779       0.220743
4.18607       0.221595
4.21436       0.224626
4.24264       0.226806
4.27092       0.228611
4.29921       0.230752
4.32749       0.232192
4.35578       0.234523
4.38406       0.235056
4.41235       0.236887
4.44063       0.238504
4.46891       0.240722
4.4972       0.242583
4.52548       0.243425
4.55377        0.24552
4.58205       0.247315
4.61034       0.248566
4.63862       0.250653
4.6669       0.251473
4.69519       0.252775
4.72347       0.254936
4.75176       0.256205
4.78004       0.257855
4.80833       0.259967
4.83661       0.260927
4.86489       0.262124
4.89318       0.263295
4.92146       0.265119
4.94975       0.265844
4.97803       0.267796
5.00632       0.267904
5.0346       0.270048
5.06288       0.271462
5.09117       0.272677
5.11945       0.273397
5.14774       0.274934
5.17602       0.276577
5.20431       0.277402
5.23259        0.27857
5.26087       0.280203
5.28916       0.281348
5.31744       0.282784
5.34573       0.283697
5.37401       0.284713
5.4023       0.285511
5.43058       0.287272
5.45886       0.287599
5.48715       0.288442
5.51543       0.290506
5.54372       0.291194
5.572       0.292003
5.60029       0.293401
5.62857       0.294176
5.65685       0.295664
5.68514       0.296741
5.71342       0.297432
5.74171       0.298449
5.76999       0.299256
5.79828       0.300666
5.82656        0.30201
5.85484       0.302833
5.88313       0.303164
5.91141       0.304464
5.9397       0.304866
5.96798       0.305806
5.99627       0.307373
6.02455       0.307786
6.05283       0.308788
6.08112       0.310212
6.1094       0.311187
6.13769       0.311432
6.16597       0.312688
6.19426       0.312838
6.22254       0.313731
6.25082       0.314972
6.27911        0.31625
6.30739       0.316406
6.33568       0.317958
6.36396       0.318474
6.39225       0.319225
6.42053       0.319811
6.44881        0.32061
6.4771       0.321417
6.50538       0.322271
6.53367       0.323315
6.56195       0.324257
6.59024       0.324478
6.61852       0.324946
6.6468       0.325517
6.67509        0.32676
6.70337       0.328202
6.73166       0.328079
6.75994        0.32905
6.78823       0.329297
6.81651       0.330383
6.84479       0.330476
6.87308       0.331895
6.90136        0.33266
6.92965       0.332947
6.95793       0.333691
6.98621       0.334344
7.0145       0.335502
7.04278       0.335659
7.07107       0.336386
7.09935       0.336765
7.12764       0.338188
7.15592       0.337659
7.1842       0.338907
7.21249       0.340091
7.24077       0.339639
7.26906        0.34096
7.29734       0.341373
7.32563       0.342346
7.35391       0.342536
7.38219       0.344502
7.41048       0.343674
7.43876       0.344138
7.46705       0.345398
7.49533       0.345529
7.52362       0.346436
7.5519       0.347101
7.58018       0.347093
7.60847       0.348626
7.63675       0.348025
7.66504       0.348631
7.69332       0.349593
7.72161       0.350377
7.74989       0.351422
7.77817       0.352031
7.80646       0.352086
7.83474       0.352064
7.86303        0.35301
7.89131       0.353075
7.9196       0.353417
7.94788       0.354838
7.97616       0.354981
8.00445       0.356357
8.03273       0.355616
8.06102       0.356241
8.0893       0.357277
8.11759        0.35721
8.14587       0.357898
8.17415       0.358749
8.20244       0.359314
8.23072       0.359846
8.25901       0.359931
8.28729       0.360012
8.31558       0.360714
8.34386       0.360897
8.37214       0.362097
8.40043       0.362332
8.42871       0.362367
8.457       0.363903
8.48528       0.363685
8.51357       0.363631
8.54185        0.36547
8.57013       0.364628
8.59842       0.365247
8.6267       0.365848
8.65499       0.366071
8.68327       0.366335
8.71156       0.366879
8.73984       0.367532
8.76812       0.368019
8.79641       0.368434
8.82469       0.369639
8.85298       0.370179
8.88126       0.370738
8.90955       0.369825
8.93783       0.370787
8.96611       0.370894
8.9944        0.37088
9.02268       0.371665
9.05097       0.371956
9.07925       0.372834
9.10754       0.373098
9.13582       0.373541
9.1641       0.374457
9.19239       0.374376
9.22067       0.374146
9.24896       0.374773
9.27724       0.375144
9.30553       0.376123
9.33381       0.375405
9.36209       0.376613
9.39038        0.37723
9.41866       0.376867
9.44695       0.377985
9.47523       0.378111
9.50352       0.378095
9.5318       0.378353
9.56008       0.378841
9.58837       0.379304
9.61665       0.380096
9.64494       0.380312
9.67322       0.380254
9.70151       0.380887
9.72979       0.380715
9.75807       0.381275
9.78636       0.381982
9.81464       0.381833
9.84293       0.382451
9.87121       0.382858
9.89949       0.382887
9.92778       0.383204
9.95606       0.383503
9.98435       0.384279
10.0126       0.384791
10.0409       0.384185
10.0692       0.385327
10.0975       0.385765
10.1258       0.386035
10.1541       0.385936
10.1823         0.3868
10.2106       0.387083
10.2389       0.387392
10.2672       0.387638
10.2955       0.388343
10.3238       0.387482
10.352       0.388406
10.3803       0.388939
10.4086       0.388406
10.4369       0.389395
10.4652       0.389611
10.4935       0.390174
10.5217       0.390567
10.55       0.390566
10.5783       0.390402
10.6066       0.391156
10.6349       0.391245
10.6632       0.391555
10.6915       0.391983
10.7197       0.392285
10.748       0.392322
10.7763       0.393264
10.8046       0.393596
10.8329       0.393168
10.8612       0.393439
10.8894       0.393797
10.9177        0.39405
10.946       0.394271
10.9743       0.395107
11.0026       0.394924
11.0309       0.394752
11.0592       0.395689
11.0874       0.395971
11.1157       0.395335
11.144       0.396246
11.1723       0.396949
11.2006       0.396873
11.2289       0.396723
11.2571       0.397724
11.2854       0.397257
11.3137       0.397449
11.342       0.397641
11.3703       0.398324
11.3986       0.398605
11.4268       0.398718
11.4551       0.399081
11.4834       0.399773
11.5117       0.399532
11.54       0.399788
11.5683        0.40025
11.5966       0.400577
11.6248       0.400684
11.6531       0.401028
11.6814        0.40041
11.7097       0.401475
11.738        0.40149
11.7663       0.402027
11.7945       0.402206
11.8228       0.402591
11.8511        0.40292
11.8794       0.403117
11.9077       0.402915
11.936       0.403139
11.9642       0.403459
11.9925       0.403254
12.0208       0.403571
12.0491       0.404491
12.0774       0.404185
12.1057       0.404863
12.134        0.40496
12.1622       0.404827
12.1905       0.405133
12.2188       0.405015
12.2471       0.405547
12.2754       0.405676
12.3037       0.405755
12.3319       0.406435
12.3602       0.406252
12.3885       0.406768
12.4168       0.406798
12.4451       0.406696
12.4734       0.407143
12.5016       0.407313
12.5299       0.407937
12.5582        0.40786
12.5865       0.408423
12.6148       0.408379
12.6431       0.408339
12.6714       0.409393
12.6996       0.408703
12.7279       0.408922
12.7562       0.409346
12.7845       0.410386
12.8128       0.409819
12.8411       0.409953
12.8693       0.409654
12.8976       0.410663
12.9259       0.410602
12.9542       0.410214
12.9825       0.411259
13.0108        0.41159
13.039       0.410861
13.0673       0.411324
13.0956       0.411438
13.1239       0.411759
13.1522       0.411995
13.1805       0.412681
13.2088       0.411985
13.237         0.4121
13.2653       0.412833
13.2936       0.413352
13.3219       0.413264
13.3502        0.41325
13.3785        0.41353
13.4067       0.413632
13.435       0.413645
13.4633       0.413326
13.4916       0.413911
13.5199       0.414703
13.5482       0.414358
13.5765       0.414598
13.6047        0.41541
13.633       0.415319
13.6613       0.415509
13.6896       0.415607
13.7179       0.415928
13.7462       0.415627
13.7744       0.416403
13.8027        0.41697
13.831       0.416245
13.8593       0.416412
13.8876       0.416551
13.9159        0.41645
13.9441       0.417305
13.9724       0.417366
14.0007       0.417132
14.029       0.417799
14.0573          0.418
14.0856       0.417953
14.1139         0.4182
14.1421        0.41803
14.1704       0.418815
14.1987       0.418788
14.227       0.418935
14.2553       0.418727
14.2836       0.418952
14.3118       0.419231
14.3401       0.419678
14.3684       0.420009
14.3967       0.419889
14.425        0.41991
14.4533       0.419979
14.4815       0.419969
14.5098        0.42077
14.5381       0.420726
14.5664        0.42123
14.5947       0.421061
14.623       0.420911
14.6513       0.420896
14.6795       0.421042
14.7078       0.421088
14.7361        0.42115
14.7644         0.4217
14.7927       0.422147
14.821       0.422584
14.8492       0.422216
14.8775       0.422313
14.9058       0.422963
14.9341       0.422722
14.9624       0.422856
14.9907       0.423068
15.0189        0.42325
15.0472       0.422803
15.0755       0.423916
15.1038        0.42378
15.1321       0.423108
15.1604       0.423806
15.1887       0.423849
15.2169       0.424015
15.2452       0.424241
15.2735       0.424124
15.3018       0.424074
15.3301       0.424356
15.3584       0.424934
15.3866       0.424832
15.4149       0.424691
15.4432       0.425358
15.4715       0.425316
15.4998       0.425246
15.5281       0.425453
15.5563       0.425272
15.5846        0.42559
15.6129        0.42541
15.6412         0.4265
15.6695       0.426632
15.6978       0.426397
15.7261       0.426882
15.7543       0.426638
15.7826       0.426801
15.8109       0.427121
15.8392       0.426909
15.8675       0.427296
15.8958       0.426977
15.924       0.427471
15.9523       0.427269
15.9806       0.427302
16.0089       0.427988
16.0372        0.42798
16.0655       0.428183
16.0938       0.427905
16.122       0.428352
16.1503       0.427866
16.1786       0.428956
16.2069       0.428922
16.2352       0.428919
16.2635        0.42902
16.2917       0.429206
16.32       0.428856
16.3483       0.429417
16.3766       0.429524
16.4049       0.429961
16.4332       0.430111
16.4614       0.429757
16.4897       0.429818
16.518       0.429558
16.5463       0.430007
16.5746       0.429879
16.6029       0.430268
16.6312       0.430442
16.6594        0.43089
16.6877       0.430693
16.716       0.430535
16.7443       0.430695
16.7726       0.430894
16.8009       0.431553
16.8291        0.43139
16.8574       0.431337
16.8857       0.431709
16.914       0.431973
16.9423       0.431884
16.9706       0.431994
16.9988       0.431798
17.0271        0.43233
17.0554       0.432267
17.0837        0.43257
17.112       0.432334
17.1403       0.432136
17.1686       0.432642
17.1968       0.432521
17.2251       0.432706
17.2534       0.433101
17.2817       0.432803
17.31       0.433415
17.3383       0.433655
17.3665       0.433382
17.3948        0.43337
17.4231       0.433718
17.4514       0.433743
17.4797        0.43367
17.508       0.434315
17.5362        0.43416
17.5645       0.434593
17.5928       0.433928
17.6211        0.43461
17.6494       0.434995
17.6777       0.434695
17.706       0.434636
17.7342       0.434953
17.7625       0.435114
17.7908       0.435169
17.8191       0.435437
17.8474       0.435585
17.8757       0.435628
17.9039       0.435538
17.9322       0.435539
17.9605       0.435491
17.9888       0.435972
18.0171       0.436069
18.0454       0.435942
18.0736       0.436145
18.1019       0.436188
18.1302       0.436116
18.1585       0.436075
18.1868       0.436272
18.2151       0.436885
18.2434       0.436796
18.2716       0.436426
18.2999       0.437117
18.3282       0.437391
18.3565       0.437116
18.3848       0.436843
18.4131       0.437152
18.4413       0.437188
18.4696       0.437912
18.4979       0.437709
18.5262       0.437704
18.5545       0.438026
18.5828       0.437303
18.6111       0.438348
18.6393        0.43825
18.6676       0.437918
18.6959       0.437843
18.7242       0.438751
18.7525       0.438325
18.7808       0.438398
18.809       0.438993
18.8373       0.438851
18.8656       0.438723
18.8939       0.439315
18.9222       0.439293
18.9505       0.438673
18.9787       0.438757
19.007       0.439338
19.0353       0.439399
19.0636       0.439466
19.0919       0.439273
19.1202       0.439361
19.1485        0.43927
19.1767       0.439958
19.205       0.439966
19.2333         0.4399
19.2616       0.439785
19.2899       0.440069
19.3182       0.439233
19.3464       0.439951
19.3747       0.440322
19.403       0.439851
19.4313       0.440616
19.4596       0.440607
19.4879       0.440385
19.5161       0.440445
19.5444        0.44109
19.5727       0.441191
19.601       0.440691
19.6293       0.441012
19.6576       0.441415
19.6859       0.441688
19.7141       0.441203
19.7424       0.441077
19.7707       0.441661
19.799        0.44155
19.8273       0.441528
19.8556       0.441833
19.8838       0.442365
19.9121       0.442096
19.9404       0.442193
19.9687       0.442036
19.997       0.442037
20.0253       0.442354

