              1     -0.0696812              0
              2     -0.0602834      0.0093978
              3     -0.0650354     0.00721259
              4     -0.0649931     0.00510025
              5     -0.0618743     0.00503332
              6     -0.0654733     0.00546281
              7     -0.0634196     0.00505308
              8     -0.0631678     0.00438333
              9     -0.0666104     0.00517646
             10     -0.0650793     0.00487658
             11     -0.0649971      0.0044118
             12     -0.0646599     0.00404149
             13     -0.0652037     0.00375718
             14     -0.0640635     0.00366057
             15     -0.0642563     0.00341326
             16     -0.0653067     0.00336116
             17     -0.0648228     0.00319413
             18      -0.065245      0.0030409
             19     -0.0652047     0.00287668
             20      -0.066233     0.00291634
             21     -0.0658521     0.00280002
             22     -0.0662031     0.00269269
             23     -0.0669315     0.00267405
             24     -0.0668476     0.00256158
             25     -0.0664252     0.00249302
             26     -0.0663669     0.00239593
             27     -0.0656545     0.00241305
             28      -0.064915     0.00244002
             29     -0.0648946     0.00235446
             30     -0.0654309     0.00233698
             31     -0.0656629     0.00227221
             32     -0.0660886     0.00224087
             33     -0.0658293     0.00218734
             34     -0.0656212     0.00213221
             35     -0.0652563      0.0021023
             36     -0.0651531     0.00204567
             37     -0.0647594     0.00202819
             38     -0.0644594     0.00199675
             39     -0.0647778     0.00197077
             40     -0.0651933     0.00196529
             41     -0.0652882      0.0019191
             42     -0.0654641      0.0018811
             43     -0.0660212     0.00191946
             44     -0.0665349     0.00194442
             45     -0.0664659     0.00190197
             46     -0.0665558     0.00186233
             47     -0.0668469     0.00184538
             48     -0.0672774      0.0018571
             49     -0.0678067     0.00189428
             50     -0.0681597     0.00188927
             51     -0.0684011     0.00186753
             52      -0.068208     0.00184141
             53     -0.0680645     0.00181203
             54     -0.0680627     0.00177816
             55     -0.0685661     0.00181666
             56     -0.0686077     0.00178441
             57     -0.0683724     0.00176855
             58     -0.0685425     0.00174609
             59     -0.0686785     0.00172162
             60     -0.0688212     0.00169869
             61     -0.0689651      0.0016768
             62     -0.0691153     0.00165635
             63     -0.0691459     0.00163013
             64     -0.0689783     0.00161319
             65     -0.0690421     0.00158946
             66     -0.0690233      0.0015653
             67     -0.0691009     0.00154371
             68     -0.0691873     0.00152329
             69      -0.068946     0.00152032
             70     -0.0687873     0.00150682
             71     -0.0688973     0.00148951
             72     -0.0687929     0.00147239
             73     -0.0689108     0.00145686
             74     -0.0690598     0.00144474
             75     -0.0689611     0.00142876
             76     -0.0690383     0.00141195
             77     -0.0690077     0.00139383
             78     -0.0687929     0.00139251
             79     -0.0689678     0.00138585
             80     -0.0690026     0.00136886
             81     -0.0689439     0.00135313
             82     -0.0690606     0.00134161
             83      -0.069007     0.00132644
             84     -0.0691467     0.00131798
             85     -0.0692043     0.00130365
             86     -0.0691636     0.00128905
             87     -0.0690338     0.00128074
             88     -0.0690903     0.00126736
             89     -0.0690607     0.00125339
             90     -0.0693105     0.00126432
             91     -0.0691252     0.00126402
             92     -0.0691685     0.00125095
             93     -0.0692175      0.0012384
             94     -0.0692718     0.00122636
             95     -0.0694409      0.0012251
             96     -0.0693736     0.00121413
             97     -0.0694825     0.00120648
             98     -0.0695712     0.00119739
             99     -0.0695395     0.00118566
            100     -0.0696058     0.00117561
