0        284.442
1        267.993
2        267.993
3        267.993
4        267.993
5        265.921
6        265.921
7        265.921
8        263.248
9        263.248
10        263.248
11        263.248
12        263.248
13        246.644
14        246.644
15        246.644
16        246.644
17        227.853
18        227.853
19        227.853
20        227.853
21        227.853
22        227.853
23        227.853
24        227.853
25        227.853
26        227.853
27         220.02
28         220.02
29         220.02
30         220.02
31         220.02
32         220.02
33         220.02
34         220.02
35         220.02
36         220.02
37         220.02
38        219.851
39        219.851
40        219.851
41        219.851
42        219.851
43        219.851
44        219.851
45        218.627
46        218.627
47        218.627
48        218.627
49        218.627
50        203.643
51        203.643
52        203.643
53        203.643
54        199.918
55        199.918
56        199.918
57        199.918
58        199.918
59        199.627
60        199.627
61        198.243
62        198.243
63        198.243
64        198.243
65        198.243
66        198.243
67        198.243
68        197.288
69        197.288
70        197.011
71        197.011
72        197.011
73        197.011
74        197.011
75        197.011
76        197.011
77        191.753
78        191.753
79        191.753
80        191.753
81        191.753
82        191.753
83         190.95
84        184.328
85        184.328
86        184.328
87        180.075
88        180.075
89        180.075
90        180.075
91        180.075
92        180.075
93        180.075
94        180.075
95        180.075
96        180.075
97        180.075
98        180.075
99        178.349
100         174.88
101         174.88
102         174.88
103         174.88
104         174.88
105         174.88
106         174.88
107         174.88
108         174.88
109         174.88
110         174.11
111         174.11
112         174.11
113         174.11
114         174.11
115         174.11
116         174.11
117         174.11
118         174.11
119         174.11
120         174.11
121         174.11
122         174.11
123         174.11
124         174.11
125         174.11
126         174.11
127        172.835
128        172.835
129        168.701
130        168.701
131        168.594
132        168.594
133        168.325
134        168.325
135        168.325
136        168.325
137        168.325
138        168.325
139        168.325
140        168.325
141        168.325
142        168.325
143        168.325
144        166.377
145        166.377
146        166.377
147        166.377
148        166.365
149        166.365
150        164.791
151        164.791
152        162.577
153        162.577
154        162.577
155        162.577
156        162.577
157        162.577
158        162.577
159        162.577
160        162.577
161        162.577
162        162.577
163        162.577
164        162.577
165        162.577
166        162.577
167        162.577
168        162.547
169        162.547
170        162.547
171        162.547
172        162.547
173        161.725
174        161.725
175        161.725
176        161.725
177        161.725
178        161.725
179        161.725
180        161.725
181        161.725
182        161.695
183        161.695
184        161.079
185        161.079
186        161.079
187        161.079
188        151.536
189        151.536
190        151.536
191        151.536
192        151.536
193        151.536
194        151.536
195        151.536
196        151.536
197        151.536
198        151.536
199        151.536
200        151.536
201        151.536
202        151.536
203        151.536
204        151.536
205        151.536
206        151.536
207        151.536
208        151.536
209        151.536
210        151.536
211        151.536
212        151.536
213        151.536
214        151.536
215        151.536
216        150.857
217        150.857
218        150.857
219        150.241
220        150.241
221        150.241
222        150.241
223        150.241
224        150.241
225        150.241
226        150.241
227        150.241
228        150.241
229        150.241
230         149.68
231         149.68
232        149.562
233        149.562
234        149.562
235        149.562
236        149.562
237        149.562
238        149.562
239        149.562
240        149.562
241        149.562
242        149.562
243        149.562
244        149.562
245        149.562
246        149.562
247        149.562
248        149.562
249        149.562
250        143.045
251        143.045
252        143.045
253        143.045
254        143.045
255        143.045
256        143.045
257        143.045
258        143.045
259        143.045
260        143.045
261        143.045
262        143.045
263        140.366
264        140.366
265        140.366
266        140.366
267        140.366
268        140.366
269        140.366
270        140.366
271        139.625
272        139.625
273        139.625
274        139.625
275        139.625
276        139.625
277        139.625
278        139.625
279        139.625
280        139.625
281        139.625
282        139.625
283        139.625
284        139.625
285        139.625
286        139.625
287        139.625
288        139.625
289        139.625
290        139.625
291        139.625
292        139.625
293        139.625
294        139.625
295        139.625
296        139.625
297        139.625
298        138.871
299        138.723
300        136.558
301        136.558
302        136.558
303        136.558
304        136.558
305        136.558
306        136.558
307        136.558
308        136.558
309        136.558
310        136.558
311        136.558
312        136.558
313        136.558
314        136.558
315        136.558
316        136.558
317        136.558
318        136.558
319        136.558
320        136.558
321        136.558
322        136.558
323        136.558
324         136.49
325         136.49
326         136.49
327         136.49
328         136.49
329         136.35
330         136.35
331         136.35
332         136.35
333         136.35
334         136.35
335         136.35
336        132.078
337        132.078
338        132.078
339        132.078
340        132.078
341        132.078
342        132.078
343        132.078
344        132.078
345        132.078
346        132.078
347        132.078
348        132.078
349        132.078
350        132.078
351        132.078
352        132.078
353        132.078
354        132.078
355        132.078
356        132.078
357        132.078
358        132.078
359        132.078
360        132.078
361        132.078
362        132.078
363        132.078
364        132.078
365        131.325
366        131.325
367        131.325
368        129.934
369        129.934
370        129.934
371        129.934
372        129.934
373        129.934
374        129.934
375        129.934
376        129.934
377        129.934
378        129.934
379        129.934
380        129.934
381        129.934
382        129.934
383        129.934
384        129.934
385        129.934
386        129.934
387        129.934
388        129.934
389        129.934
390        129.934
391        129.934
392        129.934
393        129.934
394        129.934
395        129.934
396        129.934
397        129.934
398        129.934
399        129.934
400        129.934
401        129.934
402        129.934
403        129.934
404        129.934
405        129.934
406        129.934
407        129.934
408        129.934
409        129.934
410        129.934
411        129.934
412        129.934
413        129.934
414        129.934
415        128.519
416        128.519
417        128.519
418        128.519
419        128.519
420        128.519
421        128.519
422        128.519
423        128.519
424        128.519
425        128.519
426        128.519
427        128.519
428        128.519
429        128.519
430        128.519
431        128.519
432        128.519
433        128.519
434        128.519
435        128.519
436        128.519
437        128.519
438        128.519
439        128.519
440        128.519
441        128.519
442        128.519
443        128.519
444        128.519
445        128.519
446        128.519
447        128.519
448        128.519
449        128.519
450        128.519
451        128.519
452        128.519
453        128.519
454        128.519
455        128.519
456        128.519
457        128.519
458        128.519
459        128.519
460        128.519
461        128.519
462        128.519
463        128.519
464        128.519
465        128.519
466        128.519
467        128.519
468        128.519
469        128.519
470        128.519
471        128.519
472        128.519
473        128.519
474        128.519
475        128.519
476        128.519
477        128.519
478        128.519
479        128.519
480        128.519
481        128.519
482        128.519
483        128.519
484        128.519
485        128.519
486        128.519
487        128.519
488        128.519
489        128.519
490        128.519
491        128.519
492        128.519
493        128.519
494        128.519
495        128.519
496        128.519
497        128.519
498        128.519
499        128.519
500         125.94
501        124.734
502        124.734
503        124.734
504        124.734
505        124.734
506        124.734
507        124.734
508        124.734
509        124.734
510        124.734
511        124.734
512        124.734
513        124.734
514        124.734
515        124.734
516        124.734
517        124.734
518        124.734
519        124.734
520        124.734
521        124.734
522        124.734
523        124.734
524        124.734
525        124.734
526        124.734
527        124.734
528        124.734
529        124.734
530        124.734
531        124.734
532        124.734
533        124.734
534        124.734
535        124.734
536        124.734
537        124.734
538        124.734
539        124.734
540        124.734
541        124.734
542        124.734
543        124.734
544        124.734
545        124.734
546        124.734
547        124.734
548        124.734
549        124.734
550        124.056
551        124.056
552        124.056
553        124.056
554        124.056
555        124.056
556        124.056
557        124.056
558        124.056
559        124.056
560        124.056
561        124.056
562        124.056
563        124.056
564        124.056
565        124.056
566        124.056
567        124.056
568        124.056
569        124.056
570        124.056
571        124.056
572        124.056
573        124.056
574        124.056
575        124.056
576        124.056
577        124.056
578        124.056
579        124.056
580        124.056
581        124.056
582        124.056
583        124.056
584        124.056
585        124.056
586        124.056
587        124.056
588        124.056
589        124.056
590        124.056
591        124.056
592        124.056
593        124.056
594        124.056
595        124.056
596        124.056
597        124.056
598        124.056
599        124.056
600        118.334
601        118.334
602        118.334
603        118.334
604        118.334
605        118.334
606        118.334
607        118.334
608        118.334
609        118.334
610        118.334
611        118.334
612        118.334
613        118.334
614        118.334
615        118.334
616        118.334
617        118.334
618        118.334
619        118.334
620        118.334
621        118.334
622        118.334
623        118.334
624        118.334
625        118.334
626        118.334
627        118.334
628        118.334
629        118.334
630        118.334
631        118.334
632        118.334
633        118.334
634        118.334
635        118.334
636        118.334
637        118.334
638        118.334
639        118.334
640        118.334
641        118.334
642        118.334
643        118.334
644        118.334
645        118.334
646        118.334
647        118.334
648        118.334
649        118.334
650        118.334
651        118.334
652        118.334
653        118.334
654        118.334
655        118.334
656        118.334
657        118.334
658        115.866
659        115.866
660        114.285
661        114.285
662        114.285
663        114.285
664        113.984
665        113.984
666        113.984
667        113.984
668        113.984
669        113.984
670        113.984
671        113.984
672        113.984
673        113.984
674        113.984
675        113.984
676        113.984
677        113.984
678        113.984
679        113.984
680        113.984
681        113.984
682        113.984
683        113.984
684        113.984
685        113.984
686        113.984
687        113.984
688        113.984
689        113.984
690        113.984
691        113.984
692        112.863
693        112.863
694        112.863
695        112.863
696        112.863
697        112.863
698        112.863
699        112.863
700        112.863
701        112.863
702        112.863
703        112.863
704        112.863
705        112.863
706        112.863
707        112.863
708        112.863
709        112.863
710        112.863
711        112.863
712        112.863
713        112.863
714        112.863
715        112.863
716        112.863
717        112.863
718        112.863
719        112.863
720        112.863
721        112.863
722        112.863
723        112.863
724        112.863
725        112.863
726        112.863
727        112.863
728        112.863
729        112.863
730        112.863
731        112.863
732        112.863
733        112.863
734        112.863
735        112.863
736        112.863
737        112.863
738        112.863
739        112.863
740        112.863
741        112.863
742        112.863
743        112.863
744        112.863
745        112.863
746        112.863
747        112.863
748        112.654
749        112.654
750        112.487
751        112.487
752        112.487
753        112.487
754        112.487
755        112.487
756        112.487
757        112.487
758        112.487
759        112.487
760        112.487
761        112.487
762        112.487
763        112.487
764        112.487
765        112.487
766        112.487
767        112.487
768        112.487
769        112.487
770        112.487
771        112.487
772        112.487
773        112.487
774        112.487
775        112.487
776        112.487
777        112.487
778        112.487
779        112.487
780        112.487
781        112.487
782        112.487
783        112.487
784        112.487
785        112.487
786        112.487
787        112.487
788        112.487
789        112.487
790        112.487
791        112.487
792        112.487
793        112.487
794        112.487
795        112.487
796        112.487
797        112.487
798        112.487
799        112.487
800        108.872
801        108.872
802        108.872
803        108.872
804        108.872
805        108.872
806        108.872
807        108.872
808        108.872
809        108.872
810        108.872
811        108.872
812        108.872
813        108.872
814        108.872
815        108.872
816        108.872
817        108.872
818        108.872
819        108.872
820        108.872
821        108.872
822        108.872
823        108.872
824        108.872
825        108.872
826        108.872
827        108.872
828        108.872
829        108.872
830        108.872
831        108.872
832        108.872
833        108.872
834        108.048
835        108.048
836        108.048
837        108.048
838        108.048
839        108.048
840        108.048
841        108.048
842        108.048
843        108.048
844        108.048
845        108.048
846        108.048
847        108.048
848        108.048
849        108.048
850        108.048
851        108.048
852        108.048
853        108.048
854        108.048
855        108.048
856        108.048
857        108.048
858        108.048
859        108.048
860        108.048
861        108.048
862        108.048
863        108.048
864        108.048
865        108.048
866        108.048
867        108.048
868        108.048
869        108.048
870        108.048
871        108.048
872        108.048
873        108.048
874        108.048
875        108.048
876        108.048
877        108.048
878        108.048
879        108.048
880        108.048
881        108.048
882        108.048
883        108.048
884        108.048
885        108.048
886        108.048
887        108.048
888        108.048
889        108.048
890        108.048
891        108.048
892        108.048
893        108.048
894        108.048
895        108.048
896        108.048
897        108.048
898        108.048
899        108.048
900        108.048
901        108.048
902        108.048
903        108.048
904        108.048
905        108.048
906        108.048
907        108.048
908        108.048
909        108.048
910        108.048
911        108.048
912        108.048
913        108.048
914        108.048
915        108.048
916        108.048
917        108.048
918        108.048
919        108.048
920        108.048
921        108.048
922        108.048
923        108.048
924        108.048
925        108.048
926        108.048
927        108.048
928        108.048
929        108.048
930        108.048
931        108.048
932        108.048
933        108.048
934        108.048
935        108.048
936        107.987
937        107.987
938        107.987
939        107.987
940        107.987
941        107.987
942        107.987
943        107.987
944        107.987
945        107.987
946        107.987
947        107.987
948        107.987
949        107.987
950        104.948
951        104.948
952        104.948
953        104.948
954        104.948
955        104.948
956        104.948
957        104.948
958        104.948
959        104.948
960        104.948
961        104.948
962        104.948
963        104.948
964        104.948
965        104.948
966        104.948
967        104.948
968        104.948
969        104.948
970        104.948
971        104.948
972        104.948
973        104.948
974        104.948
975        104.948
976        104.948
977        104.948
978        104.948
979        104.948
980        104.948
981        104.948
982        104.948
983        104.948
984        104.948
985        104.948
986        104.948
987        104.948
988        104.948
989        104.948
990        104.948
991        104.948
992        104.948
993        104.948
994        104.948
995        104.948
996        104.948
997        104.948
998        104.948
999        104.948
1000        104.948
1001        104.948
1002        104.948
1003        104.948
1004        104.948
1005        104.948
1006        104.948
1007        104.948
1008        104.948
1009        104.572
1010        104.572
1011        104.572
1012        104.572
1013        104.572
1014        104.572
1015        104.572
1016        104.572
1017        104.572
1018        104.572
1019        104.572
1020        104.572
1021        104.572
1022        104.572
1023        104.572
1024        104.572
1025        104.572
1026        104.572
1027        104.572
1028        104.572
1029        104.572
1030        104.572
1031        104.572
1032        104.572
1033        104.572
1034        104.572
1035        104.572
1036        104.572
1037        104.572
1038        104.572
1039        104.572
1040        104.572
1041        104.572
1042        104.572
1043        104.572
1044        104.572
1045        104.572
1046        104.572
1047        104.572
1048        104.572
1049        104.572
1050        102.552
1051        102.552
1052        102.552
1053        102.552
1054        102.552
1055        102.552
1056        102.552
1057        102.552
1058        102.552
1059        102.552
1060        102.552
1061        102.552
1062        102.552
1063        102.552
1064        102.552
1065        102.552
1066        102.552
1067        102.552
1068        102.552
1069        102.552
1070        102.552
1071        102.552
1072        102.552
1073        102.552
1074        102.552
1075        102.552
1076        102.552
1077        102.552
1078        102.552
1079        102.552
1080        102.552
1081        102.552
1082        102.552
1083        102.552
1084        102.552
1085        102.552
1086        102.552
1087        102.552
1088        102.552
1089        102.552
1090        102.552
1091        102.552
1092        102.552
1093        102.552
1094        102.552
1095        102.552
1096        102.552
1097        102.552
1098        102.552
1099        102.552
1100        102.552
1101        102.552
1102        102.552
1103        102.552
1104        102.552
1105        102.552
1106        102.552
1107        102.552
1108        102.552
1109        102.552
1110        102.552
1111        102.552
1112        102.552
1113        102.552
1114        102.552
1115        102.552
1116        102.552
1117        102.552
1118        102.552
1119        102.552
1120        102.552
1121        102.552
1122        102.552
1123        102.552
1124        102.552
1125        102.552
1126        102.552
1127        102.552
1128        102.552
1129        102.552
1130        102.552
1131        102.552
1132        102.552
1133        102.552
1134        102.552
1135        102.552
1136        102.552
1137        102.552
1138        102.552
1139        102.552
1140        102.552
1141        102.552
1142        102.552
1143        102.552
1144        102.552
1145        102.552
1146        102.552
1147        102.552
1148        102.552
1149        102.552
1150        102.176
1151        102.176
1152        102.176
1153        102.176
1154        102.176
1155        102.176
1156        102.176
1157        102.176
1158        102.176
1159        102.176
1160        102.176
1161        102.176
1162        102.176
1163        102.176
1164        102.176
1165        102.176
1166        102.176
1167        102.176
1168        102.176
1169        102.176
1170        102.176
1171        102.176
1172        102.176
1173        102.176
1174        102.176
1175        102.176
1176        102.176
1177        102.176
1178        102.176
1179        102.176
1180        102.176
1181        102.176
1182        102.176
1183        102.176
1184        102.176
1185        102.176
1186        102.176
1187        102.176
1188        102.176
1189        102.176
1190        102.176
1191        102.176
1192        102.176
1193        102.176
1194        102.176
1195        102.176
1196        102.176
1197        102.176
1198        102.176
1199        102.176
1200        101.666
1201        101.666
1202        101.666
1203        101.666
1204        101.666
1205        101.666
1206        101.666
1207        101.666
1208        101.666
1209        101.666
1210        101.666
1211        101.666
1212        101.666
1213        101.666
1214        101.666
1215        101.666
1216        101.666
1217        101.666
1218        101.666
1219        101.666
1220        101.666
1221        101.666
1222        101.666
1223        101.666
1224        101.666
1225        101.666
1226        101.666
1227        101.666
1228        101.666
1229        101.666
1230        101.666
1231        101.666
1232        101.666
1233        101.666
1234        101.666
1235        101.666
1236        101.666
1237        101.666
1238        101.666
1239        101.666
1240        101.666
1241        101.666
1242        101.666
1243        101.666
1244        101.666
1245        101.666
1246        101.666
1247        101.666
1248        101.666
1249        101.666
1250        100.552
1251        100.552
1252        100.552
1253        100.552
1254        100.552
1255        100.552
1256        100.552
1257        100.552
1258        100.552
1259        100.552
1260        100.552
1261        100.552
1262        100.552
1263        100.552
1264        100.552
1265        100.552
1266        100.552
1267        100.552
1268        100.552
1269        100.552
1270        100.552
1271        100.552
1272        100.552
1273        100.552
1274        100.552
1275        100.552
1276        100.552
1277        100.552
1278        100.552
1279        100.552
1280        100.552
1281        100.552
1282        100.552
1283        100.552
1284        100.552
1285        100.552
1286        100.552
1287        100.552
1288        100.552
1289        100.552
1290        100.552
1291        100.552
1292        100.552
1293        100.552
1294        100.552
1295        100.552
1296        100.552
1297        100.552
1298        100.552
1299        100.552
1300        100.552
1301        100.552
1302        100.552
1303        100.552
1304        100.552
1305        100.552
1306        100.552
1307        100.552
1308        100.552
1309        100.552
1310        100.552
1311        100.552
1312        100.552
1313        100.552
1314        100.552
1315        100.552
1316        100.552
1317        100.552
1318        100.552
1319        100.552
1320        100.552
1321        100.552
1322        100.552
1323        100.552
1324        100.552
1325        100.552
1326        100.552
1327        100.552
1328        100.552
1329        100.552
1330        100.552
1331        100.552
1332        100.552
1333        100.552
1334        100.552
1335        100.552
1336        100.552
1337        100.552
1338        100.552
1339        100.552
1340        100.552
1341        100.552
1342        100.552
1343        100.552
1344        100.552
1345        100.552
1346        100.552
1347        100.552
1348        100.552
1349        100.552
1350        100.552
1351        100.552
1352        100.552
1353        100.552
1354        100.552
1355        100.552
1356        100.552
1357        100.552
1358        100.552
1359        100.552
1360        100.552
1361        100.552
1362        100.552
1363        100.552
1364        100.552
1365        100.176
1366        100.176
1367        100.176
1368        100.176
1369        100.176
1370        100.176
1371        100.176
1372        100.176
1373        100.176
1374        100.176
1375        100.176
1376        100.176
1377        100.176
1378        100.176
1379        100.176
1380        100.176
1381        100.176
1382        100.176
1383        100.176
1384        100.176
1385        100.176
1386        100.176
1387        100.176
1388        100.176
1389        100.176
1390        100.176
1391        100.176
1392        100.176
1393        100.176
1394        100.176
1395        100.176
1396        100.176
1397        100.176
1398        100.176
1399        100.176
1400        100.087
1401        100.087
1402        100.087
1403        100.087
1404        100.087
1405        100.087
1406        100.087
1407        100.087
1408        100.087
1409        100.087
1410        100.087
1411        100.087
1412        100.087
1413        100.087
1414        100.087
1415        100.087
1416        100.087
1417        100.087
1418        100.087
1419        100.087
1420        100.087
1421        100.087
1422        100.087
1423        100.087
1424        100.087
1425        100.087
1426        100.087
1427        100.087
1428        100.087
1429        100.087
1430        100.087
1431        100.087
1432        100.087
1433        100.087
1434        100.087
1435        100.087
1436        100.087
1437        100.087
1438        100.087
1439        100.087
1440        100.087
1441        100.087
1442        99.8437
1443        99.8437
1444        99.8437
1445        99.8437
1446        99.8437
1447        99.8437
1448        99.8437
1449        99.8437
1450        99.1997
1451        99.1997
1452        99.1997
1453        99.1997
1454        99.1997
1455        99.1997
1456        99.1997
1457        99.1997
1458        99.1997
1459        99.1997
1460        99.1997
1461        99.1997
1462        99.1997
1463        99.1997
1464        99.1997
1465        99.1997
1466        99.1997
1467        99.1997
1468        99.1997
1469        99.1997
1470        99.1997
1471        99.1997
1472        99.1997
1473        99.1997
1474        99.1997
1475        99.1997
1476        99.1997
1477        99.1997
1478        99.1997
1479        99.1997
1480        99.1997
1481        99.1997
1482        94.7462
1483        94.7462
1484        94.7462
1485        94.7462
1486        94.7462
1487        94.7462
1488        94.7462
1489        94.7462
1490        94.7462
1491        94.7462
1492        94.7462
1493        94.7462
1494        94.7462
1495        94.7462
1496        94.7462
1497        94.7462
1498        94.7462
1499        94.7462
1500        94.7462
1501        94.7462
1502        94.7462
1503        94.7462
1504        94.7462
1505        94.7462
1506        94.7462
1507        94.7462
1508        94.7462
1509        94.7462
1510        94.7462
1511        94.7462
1512        94.7462
1513        94.7462
1514        94.7462
1515        94.7462
1516        94.7462
1517        94.7462
1518        94.7462
1519        94.7462
1520        94.7462
1521        94.7462
1522        94.7462
1523        94.7462
1524        94.7462
1525        94.7462
1526        94.7462
1527        94.7462
1528        94.7462
1529        94.7462
1530        94.7462
1531        94.7462
1532        94.7462
1533        94.7462
1534        94.7462
1535        94.7462
1536        94.7462
1537        94.7462
1538        94.7462
1539        94.7462
1540        94.7462
1541        94.7462
1542        94.7462
1543        94.7462
1544        94.7462
1545        94.7462
1546        94.7462
1547        94.7462
1548        94.7462
1549        94.7462
1550        94.7462
1551        94.7462
1552        94.7462
1553        94.7462
1554        94.7462
1555        94.7462
1556        94.7462
1557        94.7462
1558        94.7462
1559        94.7462
1560        94.7462
1561        94.7462
1562        94.7462
1563        94.7462
1564        94.7462
1565        94.7462
1566        94.7462
1567        94.7462
1568        94.7462
1569        94.7462
1570        94.7462
1571        94.7462
1572        94.7462
1573        94.7462
1574        94.7462
1575        94.7462
1576        94.7462
1577        94.7462
1578        94.7462
1579        94.7462
1580        94.7462
1581        94.7462
1582        94.7462
1583        94.7462
1584        94.7462
1585        94.7462
1586        94.7462
1587        94.7462
1588        94.7462
1589        94.7462
1590        94.7462
1591        94.7462
1592        94.7462
1593        94.7462
1594        94.7462
1595        94.7462
1596        94.7462
1597        94.7462
1598        94.7462
1599        94.7462
1600        94.2809
1601        94.2809
1602        94.2809
1603        94.2809
1604        94.2809
1605        94.2809
1606        94.2809
1607        94.2809
1608        94.2809
1609        94.2809
1610        94.2809
1611        94.2809
1612        94.2809
1613        94.2809
1614        94.2809
1615        94.2809
1616        94.2809
1617        94.2809
1618        94.2809
1619        94.2809
1620        94.2809
1621        94.2809
1622        94.2809
1623        94.2809
1624        94.2809
1625        94.2809
1626        94.2809
1627        94.2809
1628        94.2809
1629        94.2809
1630        94.2809
1631        94.2809
1632        94.2809
1633        94.2809
1634        94.2809
1635        94.2809
1636        94.2809
1637        94.2809
1638        94.2809
1639        94.2809
1640        94.2809
1641        94.2809
1642        94.2809
1643        94.2809
1644        94.2809
1645        94.2809
1646        94.2809
1647        94.2809
1648        94.2809
1649        94.2809
1650        94.2809
1651        94.2809
1652        94.2809
1653        94.2809
1654        94.2809
1655        94.2809
1656        94.2809
1657        94.2809
1658        94.2809
1659        94.2809
1660        94.2809
1661        94.2809
1662        94.2809
1663        94.2809
1664        94.2809
1665        94.2809
1666        94.2809
1667        94.2809
1668        94.2809
1669        94.2809
1670        94.2809
1671        94.2809
1672        94.2809
1673        94.2809
1674        94.2809
1675        94.2809
1676        94.2809
1677        94.2809
1678        94.2809
1679        94.2809
1680        94.2809
1681        94.2809
1682        94.2809
1683        94.2809
1684        94.2809
1685        94.2809
1686        94.2809
1687        94.2809
1688        94.2809
1689        94.2809
1690        94.2809
1691        94.2809
1692        94.2809
1693        94.2809
1694        94.2809
1695        94.2809
1696        94.2809
1697        94.2809
1698        94.2809
1699        94.2809
1700        94.2809
1701        94.2809
1702        94.2809
1703        94.2809
1704        94.2809
1705        94.2809
1706        94.2809
1707        94.2809
1708        94.2809
1709        94.2809
1710        94.2809
1711        94.2809
1712        94.2809
1713        94.2809
1714        94.2809
1715        94.2809
1716        94.2809
1717        94.2809
1718        94.2809
1719        94.2809
1720        94.2809
1721        94.2809
1722        94.2809
1723        94.2809
1724        94.2809
1725        94.2809
1726        94.2809
1727        94.2809
1728        94.2809
1729        94.2809
1730        94.2809
1731        94.2809
1732        94.2809
1733        94.2809
1734        94.2809
1735        94.2809
1736        94.2809
1737        94.2809
1738        94.2809
1739        94.2809
1740        94.2809
1741        94.2809
1742        94.2809
1743        94.2809
1744        94.2809
1745        94.2809
1746        94.2809
1747        94.2809
1748        94.2809
1749        94.2809
1750        94.2809
1751        94.2809
1752        94.2809
1753        94.2809
1754        94.2809
1755        94.2809
1756        94.2809
1757        94.2809
1758        94.2809
1759        94.2809
1760        94.2809
1761        94.2809
1762        94.2809
1763        94.2809
1764        94.2809
1765        94.2809
1766        94.2809
1767        94.2809
1768        94.2809
1769        94.2809
1770        94.2809
1771        94.2809
1772        94.2809
1773        94.2809
1774        94.2809
1775        94.2809
1776        94.2809
1777        94.2809
1778        94.2809
1779        94.2809
1780        94.2809
1781        94.2809
1782        94.2809
1783        94.2809
1784        94.2809
1785        94.2809
1786        94.2809
1787        94.2809
1788        94.2809
1789        94.2809
1790        94.2809
1791        94.2809
1792        94.2809
1793        94.2809
1794        94.2809
1795        94.2809
1796        94.2809
1797        94.2809
1798        94.2809
1799        94.2809
1800        94.1844
1801        94.1844
1802        94.1844
1803        94.1844
1804        94.1844
1805        94.1844
1806        94.1844
1807        94.1844
1808        94.1844
1809        94.1844
1810        94.1844
1811        94.1844
1812        94.1844
1813        94.1844
1814        94.1844
1815        94.1844
1816        94.1844
1817        94.1844
1818        94.1844
1819        94.1844
1820        94.1844
1821        94.1844
1822        94.1844
1823        94.1844
1824        94.1844
1825        94.1844
1826        94.1844
1827        94.1844
1828        94.1844
1829        94.1844
1830        94.1844
1831        94.1844
1832        94.1844
1833        94.1844
1834        94.1844
1835        94.1844
1836        94.1844
1837        94.1844
1838        94.1844
1839        94.1844
1840        94.1844
1841        94.1844
1842        94.1844
1843        94.1844
1844        94.1844
1845        94.1844
1846        94.1844
1847        94.1844
1848        94.1844
1849        94.1844
1850        94.1844
1851        94.1844
1852        94.1844
1853        94.1844
1854        94.1844
1855        94.1844
1856        94.1844
1857        94.1844
1858        94.1844
1859        94.1844
1860        94.1844
1861        94.1844
1862        94.1844
1863        94.1844
1864        94.1844
1865        94.1844
1866        94.1844
1867        94.1844
1868        94.1844
1869        94.1844
1870        94.1844
1871        94.1844
1872        94.1844
1873        94.1844
1874        94.1844
1875        94.1844
1876        94.1844
1877        94.1844
1878        94.1844
1879        94.1844
1880        94.1844
1881        94.1844
1882        94.1844
1883        94.1844
1884        94.1844
1885        94.1844
1886        94.1844
1887        94.1844
1888        94.1844
1889        94.1844
1890        94.1844
1891        94.1844
1892        94.1844
1893        94.1844
1894        94.1844
1895        94.1844
1896        94.1844
1897        94.1844
1898        94.1844
1899        94.1844
1900        94.1844
1901        94.1844
1902        94.1844
1903        94.1844
1904        94.1844
1905        94.1844
1906        94.1844
1907        94.1844
1908        94.1844
1909        94.1844
1910        94.1844
1911        94.1844
1912        94.1844
1913        94.1844
1914        94.1844
1915        94.1844
1916        94.1844
1917        94.1844
1918        94.1844
1919        94.1844
1920        94.1844
1921        94.1844
1922        94.1844
1923        94.1844
1924        94.1844
1925        94.1844
1926        94.1844
1927        94.1844
1928        94.1844
1929        94.1844
1930        94.1844
1931        94.1844
1932        94.1844
1933        94.1844
1934        94.1844
1935        94.1844
1936        94.1844
1937        94.1844
1938        94.1844
1939        94.1844
1940        94.1844
1941        94.1844
1942        94.1844
1943        94.1844
1944        94.1844
1945        94.1844
1946        94.1844
1947        94.1844
1948        94.1844
1949        94.1844
1950        94.1844
1951        94.1844
1952        94.1844
1953        94.1844
1954        94.1844
1955        94.1844
1956        94.1844
1957        94.1844
1958        94.1844
1959        94.1844
1960        94.1844
1961        94.1844
1962        94.1844
1963        94.1844
1964        94.1844
1965        94.1844
1966        94.1844
1967        94.1844
1968        94.1844
1969        94.1844
1970        94.1844
1971        94.1844
1972        94.1844
1973        94.1844
1974        94.1844
1975        94.1844
1976        94.1844
1977        94.1844
1978        94.1844
1979        94.1844
1980        94.1844
1981        94.1844
1982        94.1844
1983        94.1844
1984        94.1844
1985        94.1844
1986        94.1844
1987        94.1844
1988        94.1844
1989        94.1844
1990        94.1844
1991        94.1844
1992        94.1844
1993        94.1844
1994        94.1844
1995        94.1844
1996        94.1844
1997        94.1844
1998        94.1844
1999        94.1844
2000        94.1844
