           0         0.2        0.04
          50        -0.2           1
         100       -0.44        1.44
         150       -0.52        0.36
         200       -0.52        0.04
         250       -0.52           1
         300       -0.44        0.36
         350       -0.36           1
         400       -0.52        0.04
         450       -0.44           1
         500        -0.6        5.76
         550       -0.52           1
         600       -0.36        1.96
         650       -0.44        0.04
         700        -0.6           0
         750       -0.52        5.76
         800       -0.44        0.04
         850        -0.6           0
         900       -0.44        0.04
         950       -0.44        0.64
        1000       -0.68        0.16
        1050       -0.28        1.44
        1100       -0.28           1
        1150       -0.52        0.16
        1200       -0.28        0.16
        1250       -0.76        1.44
        1300       -0.52        2.56
        1350       -0.52       11.56
        1400       -0.68        0.36
        1450       -0.52        4.84
        1500       -0.52        0.36
        1550        -0.2           0
        1600       -0.44        3.24
        1650       -0.52        3.24
        1700       -0.52        4.84
        1750       -0.44        0.04
        1800       -0.76        1.44
        1850       -0.36        0.16
        1900       -0.44        0.16
        1950       -0.36           1
        2000       -0.44           0
        2050       -0.36        0.64
        2100       -0.52        0.36
        2150       -0.36        0.64
        2200       -0.36        0.64
        2250       -0.76        0.36
        2300       -0.28           1
        2350       -0.36        2.56
        2400       -0.44           0
        2450       -0.52        1.44
        2500       -0.52        1.96
        2550       -0.36           0
        2600       -0.52        4.84
        2650       -0.44        3.24
        2700       -0.52           1
        2750       -0.44        4.84
        2800       -0.36        1.44
        2850       -0.52        7.84
        2900       -0.76           4
        2950        -0.6        0.16
        3000       -0.44        1.44
        3050       -0.36           1
        3100       -0.36           1
        3150       -0.44        0.64
        3200       -0.52        0.04
        3250       -0.52        0.04
        3300       -0.44        1.44
        3350       -0.44        1.44
        3400       -0.44        1.96
        3450       -0.52        7.84
        3500       -0.28           0
        3550       -0.52           1
        3600        -0.2        0.16
        3650        -0.6        1.96
        3700       -0.28        1.96
        3750       -0.44        3.24
        3800       -0.52        0.36
        3850       -0.44           1
        3900       -0.52        0.16
        3950        -0.6        3.24
        4000       -0.52           1
        4050        -0.6        0.36
        4100       -0.52        0.64
        4150       -0.52        3.24
        4200       -0.44        0.36
        4250       -0.44        0.64
        4300       -0.52           1
        4350       -0.44        0.64
        4400       -0.68        0.64
        4450       -0.28           0
        4500        -0.6        1.44
        4550       -0.52        0.16
        4600        -0.2        1.96
        4650       -0.44           1
        4700       -0.52        0.16
        4750       -0.52        0.16
        4800       -0.52        0.16
        4850        -0.6        0.64
        4900       -0.44        1.96
        4950       -0.28        1.96
        5000       -0.28        0.04
        5050       -0.44        0.16
        5100       -0.36        0.64
        5150       -0.44        1.44
        5200        -0.6           0
        5250       -0.68        3.24
        5300       -0.36        0.64
        5350       -0.44        0.36
        5400       -0.68        0.16
        5450       -0.12           0
        5500       -0.52        0.36
        5550       -0.36        1.96
        5600       -0.44           4
        5650       -0.44        0.16
        5700       -0.68        0.64
        5750       -0.76           9
        5800       -0.52        0.16
        5850       -0.28        0.04
        5900       -0.44        1.96
        5950       -0.44        1.44
        6000       -0.44       10.24
        6050        -0.6        4.84
        6100       -0.28        0.64
        6150       -0.52        0.64
        6200       -0.52        0.16
        6250       -0.44        0.16
        6300       -0.52        2.56
        6350        -0.6        4.84
        6400       -0.44        7.84
        6450       -0.52        1.96
        6500       -0.36        0.04
        6550        -0.2        0.64
        6600       -0.28        0.04
        6650       -0.12        0.16
        6700       -0.52        4.84
        6750        -0.2        0.64
        6800       -0.52        0.36
        6850        -0.6        0.36
        6900        -0.2        1.96
        6950        -0.6        1.44
        7000       -0.36        0.36
        7050       -0.44        1.44
        7100       -0.68        0.16
        7150       -0.52        0.04
        7200       -0.52        0.36
        7250       -0.36           1
        7300       -0.44        1.44
        7350       -0.28           1
        7400        -0.6        0.04
        7450       -0.36        0.36
        7500       -0.44        0.36
        7550       -0.52        2.56
        7600       -0.52        1.44
        7650       -0.68           4
        7700        -0.6        0.04
        7750       -0.44        1.44
        7800       -0.44           4
        7850        -0.6        0.04
        7900       -0.68        0.04
        7950       -0.44        4.84
        8000       -0.44           1
        8050        -0.6        1.96
        8100       -0.44        1.44
        8150        -0.6        3.24
        8200       -0.52        3.24
        8250       -0.44        1.96
        8300       -0.44        0.16
        8350       -0.36        0.64
        8400       -0.36        0.36
        8450       -0.28           0
        8500       -0.36        4.84
        8550       -0.52        0.16
        8600       -0.28        0.04
        8650       -0.52        0.36
        8700       -0.36           0
        8750        -0.6        2.56
        8800       -0.28           1
        8850       -0.52        0.16
        8900       -0.44        0.16
        8950       -0.52        0.36
        9000       -0.52        0.64
        9050       -0.52        2.56
        9100       -0.44           0
        9150       -0.68        0.36
        9200       -0.44        0.36
        9250       -0.52           1
        9300       -0.68        7.84
        9350       -0.36        2.56
        9400       -0.52        0.04
        9450        -0.2        0.16
        9500       -0.44           1
        9550        -0.2        2.56
        9600       -0.36        0.04
        9650       -0.36        0.16
        9700       -0.52        0.36
        9750       -0.44        0.16
        9800       -0.36        2.56
        9850        -0.6        0.36
        9900        -0.6        0.04
        9950       -0.52        0.04
       10000        -0.6           0
       10050       -0.52        0.64
       10100       -0.36        0.04
       10150       -0.44        1.96
       10200       -0.52        0.04
       10250        -0.2           1
       10300       -0.44        0.64
       10350       -0.52        0.36
       10400       -0.52        2.56
       10450        -0.6        0.16
       10500       -0.28           4
       10550        -0.6        0.36
       10600       -0.68        3.24
       10650       -0.44        0.36
       10700       -0.52        0.04
       10750       -0.52        0.64
       10800       -0.44        0.36
       10850       -0.44        0.64
       10900       -0.28        0.16
       10950       -0.44        0.16
       11000       -0.52        0.64
       11050       -0.44        6.76
       11100       -0.36        0.04
       11150        -0.6        0.64
       11200       -0.76           0
       11250       -0.12        0.16
       11300       -0.44           1
       11350       -0.44        1.96
       11400        -0.6           1
       11450       -0.36        1.44
       11500        -0.6        1.44
       11550       -0.52        0.36
       11600       -0.52        1.44
       11650        -0.6           4
       11700       -0.36        0.04
       11750       -0.36        0.16
       11800       -0.28        0.04
       11850        -0.6        2.56
       11900        -0.6        1.44
       11950       -0.44           1
       12000       -0.36        1.96
       12050       -0.52           1
       12100       -0.52        0.36
       12150        -0.6        4.84
       12200       -0.44        2.56
       12250       -0.52        0.36
       12300       -0.52        2.56
       12350       -0.52        1.44
       12400        -0.6        0.04
       12450       -0.36        0.04
       12500        -0.6           4
       12550       -0.44        1.44
       12600       -0.44        2.56
       12650       -0.36        0.64
       12700       -0.52        3.24
       12750       -0.28        0.64
       12800       -0.44        0.16
       12850       -0.52        0.16
       12900       -0.44        0.04
       12950       -0.52        0.64
       13000       -0.44           4
       13050        -0.6           0
       13100       -0.36        2.56
       13150       -0.52           1
       13200       -0.44        1.44
       13250       -0.52        0.16
       13300       -0.28           0
       13350       -0.44        1.96
       13400       -0.44        0.04
       13450       -0.36        1.96
       13500       -0.52        0.16
       13550       -0.52        2.56
       13600        -0.6           0
       13650       -0.68        0.04
       13700       -0.28           0
       13750       -0.36        0.64
       13800       -0.52        1.44
       13850       -0.36           4
       13900       -0.52           1
       13950        -0.2        0.64
       14000        -0.6           0
       14050        -0.6        0.36
       14100       -0.44        2.56
       14150       -0.52           0
       14200       -0.52        7.84
       14250        -0.6        3.24
       14300       -0.36        0.64
       14350        -0.6           1
       14400       -0.44        1.96
       14450       -0.36        0.04
       14500       -0.52        0.16
       14550       -0.44        2.56
       14600       -0.52        0.64
       14650       -0.44        0.04
       14700       -0.76           0
       14750       -0.28        0.36
       14800       -0.44        0.64
       14850       -0.52        6.76
       14900       -0.52           0
       14950        -0.6        0.16
       15000       -0.12        0.36
       15050       -0.36        2.56
       15100       -0.36           0
       15150       -0.44        0.64
       15200       -0.44        0.04
       15250        -0.6        0.36
       15300       -0.28        0.16
       15350       -0.52        1.96
       15400       -0.52        0.36
       15450        -0.6        1.44
       15500       -0.44           1
       15550       -0.44        1.96
       15600       -0.52           1
       15650       -0.36        0.36
       15700       -0.36        0.16
       15750       -0.68        0.16
       15800       -0.52        0.64
       15850       -0.44        0.64
       15900       -0.36        1.44
       15950        -0.6        0.16
       16000        -0.6        0.36
       16050       -0.36        0.16
       16100       -0.44        3.24
       16150       -0.52        3.24
       16200       -0.52        0.16
       16250       -0.52        0.36
       16300       -0.28           1
       16350        -0.6        1.44
       16400       -0.44        1.44
       16450       -0.52        0.64
       16500       -0.44        4.84
       16550        -0.6        1.44
       16600       -0.28        0.36
       16650       -0.44        0.04
       16700       -0.52        1.96
       16750        -0.6           4
       16800       -0.44        0.64
       16850       -0.36        0.16
       16900       -0.28        0.16
       16950        -0.6        2.56
       17000        -0.6        3.24
       17050       -0.36        1.44
       17100       -0.44        5.76
       17150       -0.52           1
       17200        -0.6        0.36
       17250        -0.6        0.36
       17300       -0.36        0.64
       17350       -0.36        0.04
       17400       -0.12        0.04
       17450       -0.44        0.16
       17500        -0.2           0
       17550        -0.6        0.04
       17600       -0.28        0.64
       17650       -0.28        0.04
       17700       -0.44        0.36
       17750       -0.36        0.16
       17800       -0.28        1.96
       17850        -0.2           1
       17900       -0.52        0.64
       17950       -0.44        0.64
       18000       -0.36        0.16
       18050       -0.52           1
       18100       -0.36        0.16
       18150       -0.36        0.36
       18200       -0.68           0
       18250       -0.52        3.24
       18300       -0.52        0.64
       18350       -0.52        0.04
       18400       -0.52        1.96
       18450        -0.6        0.04
       18500       -0.68        0.04
       18550        -0.6        5.76
       18600        -0.6        0.04
       18650       -0.44           4
       18700       -0.52           1
       18750       -0.44        0.04
       18800       -0.44        0.04
       18850       -0.36        0.04
       18900       -0.68        0.64
       18950       -0.36        0.04
       19000       -0.52        0.04
       19050        -0.2           0
       19100       -0.68           1
       19150       -0.44           4
       19200       -0.52           1
       19250       -0.76        0.16
       19300       -0.68        0.36
       19350       -0.44        2.56
       19400       -0.36        0.04
       19450       -0.36        1.96
       19500       -0.44        0.64
       19550        -0.6        0.04
       19600       -0.76        0.36
       19650        -0.2        0.04
       19700        -0.2           1
       19750        -0.6           1
       19800       -0.52        1.44
       19850       -0.36        1.96
       19900       -0.68        0.64
       19950        -0.2        0.16
       20000       -0.68           9
       20050       -0.52        0.04
       20100       -0.36        0.16
       20150        -0.6        4.84
       20200       -0.44        1.96
       20250       -0.44           1
       20300       -0.36        0.16
       20350        -0.6           4
       20400       -0.76        1.44
       20450       -0.52        2.56
       20500       -0.12           0
       20550        -0.6        3.24
       20600       -0.52        0.64
       20650       -0.12           4
       20700       -0.36        0.36
       20750        -0.6        0.16
       20800       -0.28        0.16
       20850       -0.68        0.36
       20900        -0.6        0.36
       20950       -0.44           1
       21000       -0.44        0.04
       21050       -0.36        0.16
       21100       -0.52        1.44
       21150       -0.28        0.16
       21200       -0.36        0.36
       21250       -0.52           1
       21300        -0.6        0.36
       21350       -0.44        0.04
       21400       -0.68        0.16
       21450       -0.52        0.36
       21500       -0.52        0.64
       21550       -0.68        0.04
       21600        -0.6        1.96
       21650        -0.6        0.36
       21700       -0.52        0.04
       21750       -0.36        0.04
       21800       -0.36        0.64
       21850        -0.6        1.44
       21900       -0.44           1
       21950       -0.36        0.04
       22000       -0.44        1.96
       22050        -0.6        0.04
       22100        -0.6        4.84
       22150       -0.44           0
       22200       -0.36        0.36
       22250        -0.6           0
       22300       -0.44        0.36
       22350       -0.44        1.44
       22400       -0.36        1.96
       22450       -0.52           1
       22500       -0.44           4
       22550       -0.44           1
       22600       -0.28        0.64
       22650       -0.44        0.36
       22700       -0.44        0.36
       22750        -0.6           1
       22800       -0.36        0.04
       22850       -0.52        0.64
       22900       -0.68        0.64
       22950       -0.44        1.44
       23000       -0.44        2.56
       23050       -0.28        0.16
       23100       -0.44        0.64
       23150       -0.28        0.64
       23200       -0.36        0.04
       23250       -0.28           0
       23300       -0.28        0.36
       23350       -0.36        0.16
       23400       -0.52        0.16
       23450       -0.52        1.44
       23500       -0.52        0.36
       23550       -0.52           4
       23600        -0.6        0.16
       23650        -0.6        0.04
       23700       -0.44        0.16
       23750       -0.52        0.36
       23800       -0.52        3.24
       23850       -0.76        0.04
       23900       -0.52        2.56
       23950       -0.52           1
       24000       -0.36        1.44
       24050       -0.28        1.44
       24100       -0.36           4
       24150       -0.76        1.44
       24200        -0.6        1.96
       24250        -0.6           0
       24300       -0.28        0.04
       24350       -0.36        3.24
       24400       -0.28           0
       24450       -0.68           4
       24500       -0.68        0.64
       24550        -0.2        0.16
       24600        -0.6           1
       24650       -0.44        0.36
       24700       -0.68        1.44
       24750       -0.52        0.04
       24800       -0.36           4
       24850       -0.36        0.36
       24900       -0.44           1
       24950       -0.52        3.24
       25000       -0.36        0.64
       25050       -0.28        2.56
       25100       -0.28        0.16
       25150       -0.52        0.64
       25200        -0.6        2.56
       25250       -0.68        0.04
       25300        -0.6        0.64
       25350       -0.36        0.36
       25400       -0.28           0
       25450       -0.44        2.56
       25500        -0.6        0.04
       25550        -0.2        1.96
       25600       -0.36        2.56
       25650       -0.52        1.44
       25700        -0.6        1.96
       25750       -0.36        0.16
       25800       -0.52        6.76
       25850       -0.12        0.04
       25900       -0.52           1
       25950       -0.44        2.56
       26000       -0.44        0.16
       26050       -0.36        0.16
       26100       -0.44        0.36
       26150       -0.52        0.16
       26200       -0.52        1.96
       26250       -0.52        1.44
       26300       -0.44           0
       26350        -0.6        2.56
       26400       -0.36           4
       26450       -0.28        0.04
       26500       -0.28        0.36
       26550       -0.44        1.44
       26600       -0.68        0.16
       26650       -0.68        1.44
       26700       -0.44        3.24
       26750       -0.68        5.76
       26800       -0.68           1
       26850       -0.44        0.16
       26900       -0.36        0.64
       26950        -0.6        6.76
       27000        -0.2           4
       27050       -0.44           1
       27100       -0.68        4.84
       27150        -0.2        0.64
       27200       -0.44        4.84
       27250       -0.44        0.04
       27300       -0.52           1
       27350       -0.36        2.56
       27400       -0.68           9
       27450       -0.36        0.64
       27500       -0.36        1.44
       27550       -0.68        3.24
       27600       -0.44        0.36
       27650       -0.68        1.96
       27700       -0.52           0
       27750        -0.2        1.44
       27800        -0.6           4
       27850       -0.52           0
       27900       -0.52        0.04
       27950        -0.6        4.84
       28000        -0.2        0.04
       28050       -0.36        0.16
       28100       -0.36        0.64
       28150       -0.28           0
       28200       -0.36        4.84
       28250        -0.6        0.16
       28300        -0.6        0.04
       28350       -0.36        1.44
       28400       -0.28           1
       28450       -0.68        4.84
       28500       -0.52        0.64
       28550       -0.52       10.24
       28600       -0.68        1.96
       28650       -0.44        0.04
       28700        -0.6        0.16
       28750       -0.52        0.16
       28800       -0.52        1.96
       28850       -0.36        0.16
       28900        -0.6        1.96
       28950       -0.44        0.64
       29000       -0.52        0.64
       29050       -0.44           0
       29100       -0.28        0.16
       29150       -0.44        0.64
       29200       -0.52           4
       29250       -0.44        0.16
       29300       -0.36        0.04
       29350       -0.12        0.04
       29400       -0.28        0.04
       29450       -0.52           1
       29500       -0.28           0
       29550       -0.52        0.36
       29600       -0.52           1
       29650       -0.52        0.04
       29700       -0.52        3.24
       29750       -0.36        0.64
       29800        -0.6        1.44
       29850       -0.36        1.96
       29900       -0.52        0.04
       29950       -0.36        1.96
       30000       -0.68           9
       30050       -0.44        1.96
       30100       -0.36        0.04
       30150       -0.36        0.04
       30200       -0.28        0.04
       30250       -0.36           1
       30300       -0.44        0.16
       30350       -0.12        0.16
       30400       -0.52           4
       30450       -0.52        0.36
       30500       -0.44        0.04
       30550       -0.36        1.96
       30600       -0.28        0.04
       30650       -0.68        2.56
       30700        -0.6        0.36
       30750       -0.52        2.56
       30800       -0.28        0.16
       30850        -0.2        2.56
       30900        -0.6        0.36
       30950       -0.12        0.36
       31000       -0.44        0.04
       31050       -0.36        0.64
       31100       -0.44        0.64
       31150       -0.52        0.36
       31200       -0.28           0
       31250       -0.44        0.16
       31300       -0.52        2.56
       31350       -0.52           1
       31400       -0.36        5.76
       31450       -0.12        0.36
       31500       -0.36        0.04
       31550       -0.52        0.36
       31600       -0.36        0.16
       31650       -0.36        0.04
       31700        -0.2        0.64
       31750        -0.6        4.84
       31800       -0.44           4
       31850       -0.44        1.44
       31900       -0.44        0.16
       31950       -0.44        0.16
       32000        -0.6           4
       32050       -0.52        0.64
       32100       -0.44        0.04
       32150        -0.6           1
       32200       -0.44        0.36
       32250       -0.44        0.36
       32300       -0.44        0.16
       32350        -0.6        1.96
       32400       -0.36        0.64
       32450       -0.52        2.56
       32500       -0.52        0.04
       32550       -0.68        6.76
       32600       -0.44        0.36
       32650       -0.44        1.96
       32700       -0.28        0.64
       32750       -0.52        0.36
       32800       -0.36        6.76
       32850       -0.44        0.36
       32900       -0.44        1.44
       32950        -0.2        2.56
       33000       -0.52        1.44
       33050       -0.52        1.96
       33100       -0.28        0.16
       33150       -0.36           4
       33200        -0.6        2.56
       33250       -0.36        0.16
       33300       -0.36        0.04
       33350       -0.52        0.16
       33400       -0.52        0.16
       33450        -0.6           4
       33500       -0.28           0
       33550       -0.36        0.36
       33600       -0.52        0.64
       33650       -0.44        0.36
       33700       -0.44        0.36
       33750        -0.6        0.04
       33800       -0.52        5.76
       33850       -0.52        0.64
       33900       -0.28        0.04
       33950       -0.44        0.36
       34000       -0.36        0.16
       34050       -0.52           0
       34100       -0.44        0.64
       34150       -0.44        0.16
       34200       -0.52        0.64
       34250       -0.44        0.64
       34300        -0.6        0.36
       34350       -0.44        0.04
       34400       -0.44           0
       34450       -0.44        0.04
       34500       -0.44        0.04
       34550       -0.68           4
       34600       -0.44           1
       34650       -0.44        0.04
       34700        -0.6           0
       34750       -0.36           0
       34800        -0.6        7.84
       34850       -0.52        2.56
       34900       -0.44        2.56
       34950       -0.52           1
       35000       -0.36        0.64
       35050       -0.76        0.16
       35100       -0.52           1
       35150       -0.44        0.64
       35200       -0.52        1.44
       35250       -0.52           0
       35300       -0.52           4
       35350       -0.36        1.44
       35400       -0.36        0.04
       35450       -0.52        1.96
       35500        -0.6        5.76
       35550       -0.44        0.16
       35600       -0.68        0.16
       35650       -0.28        0.04
       35700       -0.36        0.64
       35750       -0.52        0.64
       35800       -0.36        0.64
       35850        -0.6           1
       35900       -0.44        0.16
       35950       -0.28        0.64
       36000       -0.36        0.64
       36050       -0.44        0.04
       36100        -0.6        3.24
       36150       -0.52           0
       36200       -0.52           1
       36250       -0.52        0.16
       36300       -0.44        4.84
       36350       -0.44        1.44
       36400       -0.52        4.84
       36450        -0.6        0.16
       36500       -0.28        0.04
       36550       -0.52        0.04
       36600       -0.52           0
       36650       -0.52        0.04
       36700       -0.44        0.64
       36750       -0.44        5.76
       36800       -0.36           1
       36850        -0.6        0.16
       36900       -0.52        1.44
       36950       -0.44        1.44
       37000       -0.68        7.84
       37050       -0.36        0.36
       37100       -0.52        0.16
       37150       -0.52        1.96
       37200        -0.6        0.04
       37250       -0.76        1.96
       37300       -0.36        0.04
       37350        -0.6           1
       37400       -0.52        1.44
       37450       -0.68        0.64
       37500       -0.44           1
       37550        -0.2        0.04
       37600       -0.52           1
       37650       -0.44           1
       37700       -0.44        3.24
       37750       -0.44        1.96
       37800       -0.36        2.56
       37850       -0.44        1.44
       37900       -0.52           0
       37950       -0.44           1
       38000       -0.52       11.56
       38050       -0.36           0
       38100       -0.36           1
       38150       -0.36        3.24
       38200       -0.44        0.04
       38250       -0.68           1
       38300       -0.76        0.16
       38350        -0.6        0.64
       38400       -0.28        1.96
       38450       -0.52        0.04
       38500       -0.44        0.36
       38550       -0.52           0
       38600       -0.36        0.64
       38650       -0.36           1
       38700        -0.6        0.36
       38750        -0.2        1.96
       38800       -0.52        0.16
       38850       -0.28        0.16
       38900       -0.28        0.64
       38950       -0.36        0.64
       39000       -0.52        3.24
       39050       -0.44        0.36
       39100       -0.28        0.04
       39150       -0.52        5.76
       39200       -0.44           1
       39250       -0.36        1.96
       39300       -0.28           0
       39350        -0.2        0.16
       39400       -0.44        1.44
       39450       -0.52        0.36
       39500       -0.44        0.64
       39550       -0.52        0.36
       39600       -0.44        3.24
       39650       -0.36        0.16
       39700       -0.44        0.16
       39750       -0.28           1
       39800       -0.52        0.04
       39850       -0.44           1
       39900        -0.6        0.16
       39950       -0.36        0.36
       40000       -0.52        2.56
       40050        -0.6           0
       40100       -0.52        1.44
       40150       -0.28        1.44
       40200       -0.52        0.64
       40250       -0.44        1.44
       40300       -0.52        0.16
       40350       -0.44           9
       40400        -0.6        4.84
       40450       -0.36        0.64
       40500       -0.52           1
       40550       -0.52        1.96
       40600       -0.36           0
       40650       -0.36        1.96
       40700       -0.44           1
       40750        -0.2        0.04
       40800        -0.6           9
       40850       -0.36        0.36
       40900       -0.68        0.04
       40950       -0.36           1
       41000       -0.44        0.04
       41050       -0.36        0.04
       41100       -0.44        0.04
       41150        -0.6        0.64
       41200        -0.6        0.04
       41250       -0.52           0
       41300       -0.44        0.04
       41350       -0.52        1.44
       41400       -0.44        0.64
       41450       -0.52           0
       41500       -0.28        0.64
       41550       -0.52           0
       41600       -0.36        1.44
       41650       -0.44           1
       41700       -0.68        1.96
       41750       -0.44           0
       41800        -0.6        0.16
       41850       -0.44        0.36
       41900        -0.6           1
       41950       -0.36        0.36
       42000       -0.44        0.64
       42050       -0.36           0
       42100       -0.36           4
       42150        -0.6        0.04
       42200       -0.52           9
       42250       -0.52        1.96
       42300       -0.36        0.16
       42350       -0.28        1.44
       42400        -0.6           1
       42450       -0.36        4.84
       42500       -0.44        0.04
       42550       -0.52           1
       42600       -0.36        0.64
       42650        -0.6        2.56
       42700        -0.6        0.04
       42750        -0.6        0.04
       42800       -0.44        0.64
       42850       -0.36        0.16
       42900       -0.36        0.36
       42950       -0.44           1
       43000       -0.36        1.44
       43050       -0.44        2.56
       43100       -0.44        0.04
       43150       -0.44           4
       43200       -0.44        5.76
       43250       -0.36        0.04
       43300        -0.6        0.04
       43350       -0.28        0.36
       43400       -0.44        0.64
       43450       -0.52           4
       43500        -0.6        0.36
       43550       -0.68        2.56
       43600       -0.36        4.84
       43650       -0.44        2.56
       43700        -0.6        3.24
       43750       -0.52        0.16
       43800       -0.68        1.44
       43850       -0.36        4.84
       43900       -0.28           1
       43950        -0.6        1.44
       44000       -0.44        0.04
       44050       -0.44        0.64
       44100       -0.52        0.36
       44150       -0.52        0.64
       44200       -0.52        0.16
       44250       -0.68        5.76
       44300       -0.52        0.64
       44350       -0.52        0.36
       44400        -0.6        0.16
       44450       -0.52        0.36
       44500        -0.2        1.96
       44550       -0.52        0.04
       44600       -0.44        1.96
       44650       -0.28        0.16
       44700       -0.36           1
       44750       -0.36        0.04
       44800       -0.36        0.04
       44850       -0.44           1
       44900       -0.28           1
       44950       -0.28        0.64
       45000       -0.28        1.44
       45050       -0.52        1.96
       45100       -0.52        4.84
       45150       -0.36           0
       45200        -0.6           1
       45250       -0.36        3.24
       45300        -0.6        0.36
       45350       -0.44        0.04
       45400       -0.52        0.16
       45450       -0.68        1.96
       45500       -0.52        0.04
       45550       -0.44           4
       45600       -0.36        1.96
       45650       -0.68        0.64
       45700       -0.44        0.36
       45750       -0.36        0.36
       45800       -0.76        1.96
       45850       -0.52        0.04
       45900       -0.68        0.04
       45950       -0.36        0.36
       46000       -0.52        1.44
       46050        -0.6        1.44
       46100       -0.52           1
       46150        -0.6        3.24
       46200       -0.12        0.64
       46250       -0.36        3.24
       46300       -0.44        0.04
       46350       -0.12        0.04
       46400       -0.36        0.16
       46450       -0.52        0.04
       46500       -0.52        5.76
       46550       -0.36        0.16
       46600       -0.44        0.64
       46650        -0.6        1.44
       46700       -0.44        0.16
       46750       -0.44        0.16
       46800       -0.52        4.84
       46850       -0.36        1.96
       46900       -0.28        1.44
       46950       -0.68        5.76
       47000       -0.52        0.04
       47050       -0.36        0.16
       47100       -0.44        6.76
       47150       -0.36        4.84
       47200        -0.6        0.04
       47250       -0.44        1.44
       47300        -0.6        0.64
       47350       -0.36           1
       47400        -0.6        0.16
       47450       -0.28           1
       47500       -0.28        0.04
       47550       -0.52        5.76
       47600       -0.36        2.56
       47650        -0.6           0
       47700       -0.36        0.36
       47750        -0.2        0.04
       47800       -0.52        2.56
       47850       -0.28        0.64
       47900       -0.28        0.04
       47950       -0.52        2.56
       48000       -0.36           4
       48050       -0.52        5.76
       48100       -0.36        0.04
       48150       -0.44        0.04
       48200       -0.36        1.44
       48250       -0.52        1.44
       48300        -0.6        2.56
       48350       -0.52        0.04
       48400       -0.36        3.24
       48450       -0.36        0.04
       48500       -0.44        1.96
       48550        -0.6           1
       48600       -0.44        3.24
       48650       -0.28        0.16
       48700       -0.52        0.36
       48750       -0.52        2.56
       48800       -0.52        4.84
       48850       -0.36        0.04
       48900       -0.52        5.76
       48950       -0.36        0.04
       49000       -0.44        0.16
       49050       -0.36        0.16
       49100       -0.44        0.36
       49150       -0.36        1.44
       49200       -0.44           4
       49250       -0.28        0.16
       49300       -0.44        0.64
       49350       -0.44        0.16
       49400       -0.36        0.16
       49450       -0.52        0.16
       49500        -0.6        0.16
       49550       -0.52        1.44
       49600       -0.36           0
       49650       -0.44        1.44
       49700        -0.6        4.84
       49750       -0.28        1.44
       49800        -0.2        0.64
       49850       -0.44           4
       49900        -0.6        0.16
       49950       -0.28           1
       50000       -0.44        0.64
