           0       -0.44        0.64
          50       -0.68        7.84
         100        -0.6        0.36
         150       -0.36        0.04
         200       -0.44           0
         250       -0.44        1.96
         300       -0.44        4.84
         350        -0.6        0.36
         400        -0.6        0.64
         450       -0.52        1.96
         500       -0.44        0.16
         550       -0.44        0.64
         600        -0.6        0.16
         650       -0.68        0.36
         700       -0.44        2.56
         750       -0.52        2.56
         800       -0.28        0.36
         850       -0.36        0.16
         900       -0.52        1.44
         950       -0.52        1.44
        1000       -0.36        0.36
        1050       -0.44        0.36
        1100       -0.36        0.36
        1150       -0.52        0.64
        1200       -0.44        0.04
        1250       -0.68        2.56
        1300       -0.44           0
        1350       -0.52        0.36
        1400       -0.68        0.64
        1450       -0.52        0.64
        1500       -0.44        2.56
        1550       -0.68        2.56
        1600       -0.36        0.04
        1650       -0.44        0.04
        1700        -0.6        1.96
        1750       -0.52        0.04
        1800       -0.28        0.36
        1850       -0.44           1
        1900       -0.44           4
        1950        -0.6           1
        2000       -0.28           0
        2050       -0.44        0.36
        2100       -0.44        0.36
        2150        -0.6        0.04
        2200       -0.52        0.36
        2250       -0.44        0.16
        2300       -0.36        0.36
        2350        -0.6           4
        2400       -0.52        0.36
        2450       -0.36        0.04
        2500       -0.28        0.16
        2550       -0.44        0.16
        2600       -0.68        0.04
        2650       -0.44        0.64
        2700       -0.44           1
        2750       -0.28           0
        2800       -0.44        7.84
        2850       -0.44           1
        2900       -0.68        1.96
        2950       -0.68        1.44
        3000       -0.44        0.16
        3050       -0.52           0
        3100       -0.52        4.84
        3150       -0.44        0.64
        3200        -0.6        1.96
        3250       -0.36        0.04
        3300       -0.68        3.24
        3350       -0.76        2.56
        3400       -0.52           4
        3450        -0.6        0.16
        3500       -0.36        5.76
        3550       -0.44        0.36
        3600       -0.44        0.16
        3650       -0.28        1.96
        3700       -0.44        5.76
        3750       -0.44           1
        3800       -0.36        0.16
        3850       -0.44        0.16
        3900       -0.52        5.76
        3950       -0.44        0.16
        4000       -0.44        0.16
        4050       -0.44        1.44
        4100       -0.36        0.16
        4150       -0.36        0.64
        4200       -0.52        0.36
        4250        -0.6        0.04
        4300       -0.28        0.64
        4350        -0.6        0.36
        4400       -0.28           0
        4450       -0.52        0.16
        4500       -0.44        0.36
        4550        -0.6           1
        4600       -0.36        0.36
        4650       -0.52        4.84
        4700       -0.36        0.64
        4750       -0.68        3.24
        4800       -0.52        0.36
        4850       -0.52        4.84
        4900       -0.36        0.04
        4950       -0.52        0.04
        5000       -0.52        4.84
        5050       -0.44        2.56
        5100       -0.28        0.64
        5150       -0.52        3.24
        5200       -0.44           0
        5250       -0.52        3.24
        5300       -0.44        2.56
        5350       -0.52           9
        5400       -0.44        0.04
        5450       -0.44        0.16
        5500       -0.44        5.76
        5550       -0.76        3.24
        5600       -0.44        1.96
        5650       -0.12           0
        5700       -0.68        0.16
        5750       -0.52        0.04
        5800        -0.2           0
        5850       -0.52        6.76
        5900        -0.6        0.04
        5950       -0.36           0
        6000       -0.44        0.16
        6050       -0.44        4.84
        6100        -0.2        0.04
        6150       -0.52        2.56
        6200       -0.52           4
        6250       -0.36        2.56
        6300        -0.6        0.36
        6350       -0.68           0
        6400        -0.6           0
        6450        -0.6        3.24
        6500       -0.44           1
        6550        -0.6       10.24
        6600        -0.2        0.16
        6650       -0.44        0.64
        6700       -0.44           9
        6750       -0.68        3.24
        6800       -0.44           1
        6850       -0.36        0.36
        6900       -0.52        1.44
        6950       -0.28        0.04
        7000       -0.36        3.24
        7050       -0.44        0.36
        7100       -0.36           0
        7150       -0.44           1
        7200       -0.36        0.36
        7250       -0.76        1.44
        7300       -0.36        0.04
        7350       -0.44        2.56
        7400       -0.44        1.96
        7450       -0.52        0.36
        7500       -0.44           0
        7550       -0.52        0.04
        7600       -0.36        3.24
        7650       -0.44        2.56
        7700       -0.44        0.04
        7750       -0.52        5.76
        7800       -0.52        0.64
        7850       -0.36        0.16
        7900       -0.52        0.36
        7950       -0.52        1.96
        8000       -0.36        0.64
        8050       -0.68        0.36
        8100       -0.52        0.04
        8150       -0.44        0.64
        8200       -0.44        0.16
        8250       -0.44           1
        8300       -0.52        0.04
        8350       -0.52           0
        8400       -0.28        0.64
        8450       -0.44        7.84
        8500        -0.6           0
        8550       -0.52        0.36
        8600       -0.44        0.36
        8650       -0.44        0.16
        8700       -0.28        0.36
        8750       -0.44        0.36
        8800        -0.6           1
        8850       -0.52        0.36
        8900       -0.44        1.96
        8950       -0.52           1
        9000       -0.36        0.36
        9050       -0.36        0.04
        9100       -0.52        0.04
        9150       -0.36           1
        9200        -0.6        0.64
        9250       -0.36           4
        9300       -0.36           0
        9350       -0.52        0.04
        9400       -0.68        5.76
        9450       -0.28        1.44
        9500       -0.44        2.56
        9550       -0.44           0
        9600       -0.36           1
        9650       -0.44           1
        9700        -0.6           1
        9750       -0.36        0.16
        9800       -0.44        0.36
        9850       -0.36        4.84
        9900       -0.28           1
        9950       -0.44        0.04
       10000        -0.6        7.84
       10050       -0.52        0.16
       10100       -0.28           4
       10150        -0.6        0.64
       10200       -0.68           1
       10250       -0.44        0.64
       10300       -0.52           0
       10350       -0.52        1.44
       10400       -0.52        7.84
       10450       -0.52           1
       10500       -0.28           0
       10550       -0.76        3.24
       10600        -0.6        0.16
       10650       -0.36        0.16
       10700       -0.68        1.96
       10750        -0.6           0
       10800       -0.36        0.04
       10850        -0.6       10.24
       10900       -0.52           4
       10950       -0.52        1.44
       11000       -0.44           1
       11050       -0.52           4
       11100       -0.68        0.16
       11150       -0.52        0.16
       11200       -0.52        3.24
       11250       -0.76        0.04
       11300       -0.36        0.04
       11350        -0.6        1.96
       11400       -0.52        1.44
       11450       -0.36        1.44
       11500       -0.52           0
       11550       -0.44        1.44
       11600        -0.2           0
       11650       -0.28           0
       11700       -0.28        1.44
       11750       -0.52        0.36
       11800       -0.52        1.44
       11850       -0.36        1.44
       11900       -0.52        0.04
       11950       -0.36        0.04
       12000       -0.52        1.96
       12050       -0.44        6.76
       12100       -0.44           1
       12150        -0.6        1.44
       12200        -0.6        4.84
       12250        -0.6        0.36
       12300       -0.52        4.84
       12350       -0.52           1
       12400       -0.52        6.76
       12450       -0.44           0
       12500       -0.36        1.96
       12550       -0.44        6.76
       12600        -0.2        0.04
       12650       -0.36        1.96
       12700       -0.44        1.96
       12750        -0.2        1.44
       12800       -0.68           0
       12850       -0.36        0.64
       12900       -0.36           0
       12950       -0.52           1
       13000       -0.52           0
       13050       -0.52        1.44
       13100       -0.68           4
       13150       -0.28        1.96
       13200        -0.6           0
       13250       -0.52        1.96
       13300       -0.44        0.36
       13350        -0.6        0.64
       13400       -0.76        5.76
       13450       -0.52        0.64
       13500       -0.44        0.36
       13550       -0.44        4.84
       13600       -0.28           1
       13650       -0.28           1
       13700       -0.44        0.16
       13750       -0.52        0.04
       13800       -0.36        2.56
       13850        -0.6        3.24
       13900       -0.52        0.16
       13950        -0.6           0
       14000       -0.44        0.64
       14050       -0.52        1.96
       14100       -0.52        2.56
       14150       -0.28        0.36
       14200       -0.36        5.76
       14250        -0.2        0.36
       14300        -0.6           0
       14350       -0.52        1.96
       14400       -0.44        7.84
       14450       -0.52        0.16
       14500       -0.44           1
       14550       -0.52        0.64
       14600       -0.52        7.84
       14650       -0.36        0.16
       14700       -0.36        0.64
       14750        -0.2        0.36
       14800       -0.36           1
       14850       -0.44        2.56
       14900       -0.52        0.36
       14950       -0.44           1
       15000       -0.36        0.04
       15050       -0.44        1.96
       15100       -0.52        5.76
       15150       -0.44           0
       15200       -0.28        1.96
       15250       -0.52        0.36
       15300       -0.44        0.36
       15350       -0.36        2.56
       15400       -0.36        0.04
       15450       -0.28        0.16
       15500       -0.36        1.96
       15550       -0.44           1
       15600       -0.52        1.44
       15650        -0.6        0.16
       15700       -0.52        0.64
       15750        -0.6           4
       15800       -0.28        0.64
       15850        -0.2        0.64
       15900       -0.36        0.64
       15950       -0.52        0.64
       16000       -0.44           1
       16050       -0.52        0.64
       16100       -0.28        0.36
       16150       -0.44        0.04
       16200       -0.36        0.64
       16250       -0.52        0.16
       16300       -0.44           1
       16350       -0.52           4
       16400       -0.44        1.96
       16450       -0.44        0.04
       16500       -0.52        0.16
       16550       -0.68        0.64
       16600       -0.52        4.84
       16650       -0.52        5.76
       16700       -0.68        0.36
       16750       -0.44        4.84
       16800        -0.6        0.36
       16850       -0.44        0.36
       16900       -0.84           4
       16950       -0.44        0.64
       17000       -0.36        3.24
       17050       -0.36        4.84
       17100       -0.44        0.04
       17150       -0.36        0.36
       17200       -0.68           4
       17250        -0.6           1
       17300       -0.28           1
       17350        -0.6        0.04
       17400       -0.52        2.56
       17450       -0.52        1.96
       17500        -0.6        3.24
       17550       -0.52        0.16
       17600        -0.2        0.16
       17650        -0.2           1
       17700       -0.52        0.16
       17750       -0.28        0.16
       17800       -0.52        0.04
       17850       -0.44           0
       17900       -0.52        0.04
       17950       -0.52        0.04
       18000       -0.44        1.44
       18050        -0.2        3.24
       18100       -0.36        1.96
       18150       -0.36           1
       18200       -0.44        0.16
       18250       -0.36           0
       18300       -0.28        0.64
       18350       -0.28        0.04
       18400       -0.52        1.44
       18450       -0.44        0.16
       18500       -0.52        1.96
       18550       -0.36        0.36
       18600       -0.44        4.84
       18650       -0.44       10.24
       18700       -0.44        0.04
       18750        -0.6        0.04
       18800        -0.6        0.64
       18850       -0.44        1.44
       18900       -0.52        1.44
       18950       -0.44        0.36
       19000       -0.28        0.36
       19050       -0.52        2.56
       19100       -0.68        4.84
       19150       -0.44        0.04
       19200       -0.44        1.44
       19250       -0.44           1
       19300       -0.36           0
       19350       -0.36        0.16
       19400       -0.44           4
       19450       -0.44           0
       19500       -0.68        2.56
       19550       -0.52        2.56
       19600        -0.2        1.44
       19650       -0.52        1.44
       19700       -0.76        1.44
       19750       -0.68        5.76
       19800       -0.52        0.04
       19850       -0.44           0
       19900       -0.36        1.96
       19950        -0.6        0.04
       20000       -0.36        0.04
       20050       -0.28        0.36
       20100       -0.36        0.16
       20150        -0.2        0.16
       20200       -0.52        0.16
       20250       -0.12        0.36
       20300       -0.28        2.56
       20350       -0.44        3.24
       20400        -0.6        1.44
       20450       -0.44        1.44
       20500        -0.6           1
       20550        -0.6        0.64
       20600        -0.2           0
       20650       -0.68        1.44
       20700       -0.44        0.64
       20750       -0.52        0.36
       20800        -0.6        1.44
       20850       -0.44           1
       20900       -0.44        0.04
       20950        -0.6           0
       21000        -0.6        3.24
       21050        -0.6        2.56
       21100       -0.52           9
       21150       -0.52        0.04
       21200       -0.52        0.36
       21250       -0.44           4
       21300       -0.52        0.36
       21350       -0.36        0.16
       21400       -0.36        0.64
       21450       -0.52        3.24
       21500       -0.44        0.64
       21550       -0.36        0.36
       21600        -0.6        0.16
       21650       -0.44        0.04
       21700       -0.44        4.84
       21750       -0.52        0.64
       21800       -0.52        1.96
       21850       -0.44        0.16
       21900       -0.44        2.56
       21950       -0.52        5.76
       22000       -0.52        0.04
       22050       -0.36        0.64
       22100       -0.52        0.04
       22150       -0.36        0.64
       22200       -0.52        0.16
       22250       -0.52        1.44
       22300        -0.6        1.96
       22350       -0.44           4
       22400       -0.44        1.44
       22450       -0.44           0
       22500       -0.28           0
       22550       -0.52        7.84
       22600       -0.44        2.56
       22650       -0.68        6.76
       22700       -0.36        1.96
       22750       -0.52        0.64
       22800       -0.52           1
       22850       -0.36        1.96
       22900       -0.28           4
       22950       -0.68        3.24
       23000       -0.44           1
       23050       -0.68        0.36
       23100       -0.44           4
       23150       -0.52           0
       23200       -0.52        0.36
       23250       -0.52        0.64
       23300       -0.68        4.84
       23350       -0.36        2.56
       23400       -0.52        2.56
       23450        -0.6        0.04
       23500       -0.36        0.64
       23550       -0.44        1.44
       23600       -0.28           1
       23650       -0.44        0.16
       23700       -0.44        1.96
       23750       -0.44           4
       23800       -0.44        0.04
       23850       -0.44           1
       23900       -0.52        3.24
       23950       -0.36        1.44
       24000       -0.52        7.84
       24050       -0.52        0.64
       24100       -0.44           0
       24150        -0.6        4.84
       24200       -0.36           1
       24250       -0.44        0.04
       24300       -0.44        0.04
       24350        -0.6        0.36
       24400       -0.28        0.36
       24450        -0.6           1
       24500       -0.52           0
       24550       -0.68        6.76
       24600       -0.36        0.04
       24650       -0.52        0.36
       24700        -0.2        1.96
       24750       -0.52        0.36
       24800        -0.2        0.16
       24850       -0.36        0.36
       24900       -0.36        1.44
       24950       -0.44        0.64
       25000       -0.36           0
       25050       -0.44           4
       25100       -0.44        1.96
       25150        -0.6           1
       25200       -0.36        0.16
       25250       -0.44        0.64
       25300       -0.52        1.44
       25350        -0.6        7.84
       25400       -0.12           0
       25450       -0.44        0.16
       25500       -0.36        0.36
       25550        -0.6           0
       25600       -0.44        0.64
       25650       -0.44        2.56
       25700       -0.52        3.24
       25750       -0.44        1.44
       25800       -0.68        3.24
       25850       -0.36        4.84
       25900       -0.52        0.36
       25950        -0.6        0.04
       26000       -0.52           1
       26050       -0.44           0
       26100       -0.36           0
       26150        -0.2           1
       26200       -0.44        2.56
       26250        -0.6        1.44
       26300       -0.52        0.36
       26350       -0.28        0.04
       26400        -0.2        0.16
       26450       -0.52        0.16
       26500       -0.68        1.96
       26550        -0.6        3.24
       26600       -0.36        0.16
       26650       -0.36        0.64
       26700       -0.28        3.24
       26750       -0.44        0.16
       26800       -0.36        2.56
       26850       -0.28        0.64
       26900        -0.6        0.64
       26950       -0.44        0.04
       27000        -0.6        0.16
       27050       -0.28        0.04
       27100       -0.52        3.24
       27150       -0.36        0.04
       27200       -0.52        0.04
       27250       -0.36        0.64
       27300       -0.44        0.04
       27350       -0.36           0
       27400       -0.44           1
       27450        -0.6        0.04
       27500       -0.84        1.96
       27550       -0.52        1.96
       27600       -0.52        3.24
       27650        -0.6           0
       27700        -0.6           1
       27750       -0.36           1
       27800       -0.28           0
       27850       -0.44           0
       27900       -0.68        0.36
       27950       -0.44        0.36
       28000       -0.36        0.16
       28050       -0.52        0.16
       28100       -0.44           1
       28150       -0.52        0.04
       28200       -0.68        0.16
       28250       -0.52           1
       28300       -0.36        3.24
       28350       -0.52        6.76
       28400        -0.6        2.56
       28450       -0.28        0.16
       28500       -0.44        0.04
       28550       -0.36           1
       28600       -0.36        0.64
       28650        -0.6        5.76
       28700       -0.44        0.04
       28750       -0.44           0
       28800       -0.52        4.84
       28850       -0.44        2.56
       28900       -0.44        0.04
       28950       -0.52        0.36
       29000       -0.36        0.16
       29050       -0.28        0.04
       29100       -0.36        4.84
       29150       -0.52           4
       29200       -0.36        0.64
       29250       -0.44           0
       29300       -0.52        3.24
       29350       -0.52        0.04
       29400       -0.52        0.04
       29450       -0.28        0.16
       29500       -0.36        0.36
       29550       -0.36        0.16
       29600       -0.52        1.96
       29650        -0.2        0.16
       29700       -0.36           1
       29750        -0.6        0.16
       29800       -0.28        0.16
       29850        -0.6        0.04
       29900       -0.36        0.16
       29950       -0.52        0.16
       30000       -0.44        0.64
       30050       -0.44        1.44
       30100       -0.28        0.04
       30150       -0.52        1.96
       30200        -0.6           4
       30250       -0.44        3.24
       30300        -0.6           4
       30350       -0.36           1
       30400        -0.6        1.44
       30450       -0.36        0.36
       30500       -0.28        0.36
       30550       -0.68       10.24
       30600       -0.44        0.16
       30650       -0.52        0.04
       30700       -0.44        0.36
       30750        -0.6        0.16
       30800        -0.6        4.84
       30850       -0.44        3.24
       30900       -0.68           4
       30950       -0.52        6.76
       31000       -0.36        0.64
       31050       -0.44        2.56
       31100       -0.44           4
       31150       -0.44        0.04
       31200       -0.52        0.64
       31250       -0.52        0.04
       31300       -0.44        1.96
       31350       -0.36        1.44
       31400       -0.36        0.36
       31450       -0.36        1.44
       31500       -0.44        2.56
       31550       -0.36        1.96
       31600        -0.6           0
       31650        -0.6        1.96
       31700       -0.44           1
       31750       -0.44        0.36
       31800       -0.52           4
       31850       -0.44        0.16
       31900       -0.52        0.04
       31950       -0.44        0.04
       32000       -0.44           4
       32050       -0.36        2.56
       32100       -0.36        0.36
       32150       -0.44           4
       32200       -0.36        0.16
       32250       -0.52        1.96
       32300        -0.2        0.04
       32350       -0.52        5.76
       32400       -0.44        3.24
       32450       -0.36        0.64
       32500       -0.36        2.56
       32550       -0.36        0.64
       32600       -0.52        1.96
       32650       -0.44           1
       32700       -0.28        0.16
       32750       -0.44        0.04
       32800       -0.52        0.16
       32850       -0.52        0.64
       32900       -0.44        0.04
       32950       -0.76           1
       33000       -0.52        5.76
       33050        -0.6           1
       33100       -0.28        0.04
       33150        -0.6        1.96
       33200        -0.2           1
       33250       -0.44           1
       33300        -0.6        0.64
       33350       -0.36        2.56
       33400       -0.44        0.36
       33450        -0.6        0.04
       33500        -0.2        0.16
       33550       -0.36        0.16
       33600       -0.52        1.96
       33650       -0.28        0.04
       33700        -0.6        1.44
       33750       -0.36        0.36
       33800       -0.28           0
       33850       -0.36        0.64
       33900        -0.2           1
       33950       -0.52        0.16
       34000       -0.52        2.56
       34050       -0.36        0.04
       34100       -0.44        0.16
       34150       -0.28        0.04
       34200       -0.28        1.44
       34250       -0.52        1.44
       34300        -0.6           4
       34350       -0.52        3.24
       34400       -0.28        0.04
       34450       -0.68       12.96
       34500        -0.6        1.96
       34550       -0.12        0.64
       34600       -0.44        0.04
       34650       -0.52        0.04
       34700       -0.52        0.64
       34750        -0.6           4
       34800       -0.36        0.04
       34850        -0.6        5.76
       34900        -0.6        0.04
       34950       -0.68        0.36
       35000       -0.52           1
       35050       -0.28        0.36
       35100        -0.6        0.36
       35150       -0.36        2.56
       35200       -0.52        2.56
       35250       -0.44        0.64
       35300        -0.2        0.64
       35350       -0.36        1.44
       35400       -0.52        4.84
       35450       -0.28           0
       35500       -0.44        0.64
       35550       -0.52           0
       35600       -0.76        1.96
       35650       -0.52        3.24
       35700       -0.52        7.84
       35750        -0.6           1
       35800        -0.6        0.36
       35850       -0.52        0.36
       35900       -0.44           4
       35950        -0.2        0.36
       36000       -0.28        0.16
       36050       -0.52           4
       36100        -0.6        0.16
       36150       -0.52           1
       36200       -0.76        0.04
       36250        -0.6        0.16
       36300       -0.28        3.24
       36350       -0.44        0.64
       36400        -0.6           4
       36450       -0.44        2.56
       36500       -0.44        0.04
       36550       -0.44           0
       36600        -0.6        0.36
       36650       -0.36        0.64
       36700       -0.44           1
       36750       -0.36        1.96
       36800       -0.44        1.44
       36850       -0.52        1.44
       36900       -0.52        0.64
       36950       -0.36        2.56
       37000       -0.36        0.64
       37050       -0.12        0.16
       37100        -0.6           9
       37150        -0.6        0.04
       37200        -0.6        0.16
       37250       -0.52        6.76
       37300       -0.52        0.64
       37350       -0.44        0.36
       37400        -0.6        6.76
       37450        -0.6        0.04
       37500        -0.2        0.36
       37550       -0.68        0.04
       37600       -0.36        0.16
       37650       -0.52        0.36
       37700       -0.28        0.16
       37750        -0.6        0.04
       37800       -0.44        0.64
       37850       -0.52           1
       37900        -0.6        7.84
       37950        -0.6        0.04
       38000        -0.6        3.24
       38050       -0.52        1.96
       38100       -0.44           1
       38150        -0.6        0.36
       38200        -0.6        2.56
       38250       -0.52        0.64
       38300       -0.44        0.36
       38350       -0.52        0.04
       38400       -0.52        0.36
       38450       -0.44        0.16
       38500       -0.52        0.16
       38550       -0.44        0.04
       38600       -0.44        2.56
       38650        -0.2        0.36
       38700        -0.6        7.84
       38750       -0.44        1.96
       38800       -0.28        0.64
       38850       -0.44        0.16
       38900       -0.44        0.64
       38950       -0.28        1.44
       39000       -0.44        0.04
       39050       -0.44        0.16
       39100       -0.44        0.04
       39150       -0.36           1
       39200       -0.28        0.64
       39250       -0.52        2.56
       39300       -0.52        0.04
       39350        -0.6           1
       39400       -0.52        1.96
       39450        -0.6        3.24
       39500       -0.68        0.64
       39550       -0.36        4.84
       39600       -0.36        0.16
       39650       -0.44        3.24
       39700        -0.6        0.16
       39750       -0.52           0
       39800       -0.52        2.56
       39850        -0.6        0.36
       39900       -0.52           1
       39950       -0.52        0.16
       40000       -0.36        0.04
       40050       -0.36           9
       40100       -0.44        1.96
       40150       -0.52        0.36
       40200       -0.28        0.16
       40250        -0.2        0.64
       40300        -0.6        1.44
       40350        -0.6        0.16
       40400       -0.52           1
       40450       -0.68        1.44
       40500       -0.44        0.16
       40550       -0.36        1.96
       40600       -0.68           1
       40650       -0.36        0.64
       40700        -0.6        4.84
       40750       -0.36           1
       40800        -0.6        1.96
       40850       -0.36           1
       40900       -0.52        0.04
       40950        -0.2           0
       41000       -0.68        5.76
       41050       -0.52        0.36
       41100       -0.44        1.44
       41150       -0.28        0.64
       41200       -0.44           1
       41250       -0.44        1.44
       41300       -0.52        0.04
       41350       -0.36        0.04
       41400       -0.36        0.04
       41450       -0.28           1
       41500       -0.68        1.96
       41550       -0.52           0
       41600       -0.36        0.16
       41650       -0.44           1
       41700       -0.36           1
       41750       -0.36           1
       41800       -0.52        1.96
       41850       -0.36        0.16
       41900        -0.2        0.16
       41950       -0.44           0
       42000       -0.44        1.96
       42050        -0.6           4
       42100       -0.36        0.16
       42150       -0.44        1.44
       42200        -0.2        0.04
       42250       -0.44        0.64
       42300       -0.44        0.36
       42350       -0.44        0.04
       42400       -0.36        1.44
       42450       -0.52        1.44
       42500       -0.36        1.44
       42550       -0.52           1
       42600       -0.36           0
       42650       -0.36        1.44
       42700       -0.44        0.64
       42750       -0.36           1
       42800       -0.52        0.04
       42850       -0.44        1.96
       42900        -0.6        0.36
       42950       -0.36        3.24
       43000       -0.36        0.64
       43050       -0.44        0.36
       43100       -0.36        1.96
       43150       -0.44           0
       43200       -0.52        0.16
       43250       -0.44        1.96
       43300       -0.44           0
       43350       -0.52        0.16
       43400       -0.52           0
       43450       -0.36        1.96
       43500       -0.44           0
       43550        -0.6        4.84
       43600       -0.52        0.04
       43650        -0.6        0.16
       43700       -0.52        0.04
       43750        -0.6        6.76
       43800       -0.52        2.56
       43850       -0.52        0.16
       43900       -0.44        4.84
       43950       -0.36        0.36
       44000       -0.52        1.44
       44050       -0.44        3.24
       44100       -0.28        0.04
       44150       -0.36           0
       44200       -0.52        0.64
       44250       -0.52           4
       44300       -0.68        0.04
       44350       -0.36        0.04
       44400       -0.44        0.36
       44450       -0.44        3.24
       44500        -0.6        2.56
       44550       -0.44        0.16
       44600       -0.28        0.16
       44650       -0.36        4.84
       44700       -0.44        0.36
       44750       -0.44        0.16
       44800       -0.36        0.64
       44850       -0.28        0.04
       44900       -0.52           0
       44950       -0.52           0
       45000       -0.44        0.64
       45050       -0.52        0.16
       45100       -0.36        1.96
       45150        -0.6        1.44
       45200       -0.44        0.36
       45250       -0.52        1.44
       45300       -0.52        0.16
       45350       -0.52        3.24
       45400       -0.68        5.76
       45450       -0.36        6.76
       45500       -0.36        0.36
       45550        -0.6        0.16
       45600       -0.36        0.36
       45650       -0.44        0.04
       45700       -0.44           1
       45750       -0.52        0.64
       45800       -0.28        3.24
       45850       -0.44        0.36
       45900       -0.52        0.36
       45950       -0.68        0.64
       46000       -0.68        0.36
       46050       -0.28        0.36
       46100       -0.52        0.04
       46150       -0.52        0.16
       46200       -0.28        1.96
       46250       -0.44        2.56
       46300        -0.6        7.84
       46350       -0.52        3.24
       46400        -0.6        0.16
       46450       -0.52        4.84
       46500       -0.44        0.36
       46550       -0.68        7.84
       46600       -0.36           1
       46650       -0.68        0.36
       46700       -0.44        0.16
       46750        -0.6        0.04
       46800       -0.04           0
       46850       -0.36        1.44
       46900        -0.6        0.64
       46950        -0.6        0.04
       47000        -0.6        0.04
       47050       -0.28        1.44
       47100       -0.36        4.84
       47150       -0.52        1.44
       47200       -0.44        0.04
       47250       -0.52        0.64
       47300        -0.6        0.36
       47350       -0.68        1.44
       47400       -0.52        3.24
       47450        -0.2        0.16
       47500       -0.36        0.16
       47550       -0.28        1.44
       47600       -0.36        2.56
       47650        -0.6           1
       47700       -0.44        0.16
       47750       -0.44        1.96
       47800       -0.44        0.36
       47850       -0.36           0
       47900       -0.68           4
       47950        -0.2        1.44
       48000       -0.52        0.04
       48050       -0.44        0.04
       48100       -0.44        0.04
       48150       -0.36        0.04
       48200       -0.52        0.36
       48250       -0.36        0.64
       48300       -0.68          16
       48350       -0.52        0.04
       48400       -0.68        0.16
       48450        -0.6        3.24
       48500       -0.36        0.36
       48550       -0.36        0.04
       48600       -0.52        1.44
       48650        -0.6        1.44
       48700       -0.52        3.24
       48750       -0.44        0.64
       48800       -0.44        0.64
       48850       -0.68        4.84
       48900       -0.44        4.84
       48950       -0.44        2.56
       49000       -0.36        0.04
       49050       -0.44           0
       49100       -0.52        0.16
       49150       -0.28        0.04
       49200       -0.44        0.36
       49250        -0.6        0.64
       49300        -0.6        7.84
       49350       -0.36        1.96
       49400       -0.52        3.24
       49450       -0.76        0.04
       49500       -0.52        3.24
       49550       -0.44           0
       49600       -0.52        0.04
       49650       -0.52        0.36
       49700        -0.6           1
       49750        -0.2        1.44
       49800        -0.2        2.56
       49850       -0.44        0.36
       49900       -0.52           1
       49950       -0.36        0.16
       50000        -0.6        0.04
