           0        -0.6        0.04
          50       -0.52        0.36
         100        -0.6        0.64
         150       -0.36        0.04
         200        -0.2           0
         250        -0.2        0.64
         300       -0.52           1
         350       -0.52           4
         400       -0.52           1
         450       -0.68           1
         500       -0.36           0
         550       -0.52           4
         600       -0.44        0.04
         650        -0.6        4.84
         700       -0.52        5.76
         750       -0.44        1.44
         800        -0.6        1.96
         850       -0.44        0.64
         900        -0.6        0.64
         950       -0.44        0.36
        1000       -0.36        1.96
        1050       -0.52        1.44
        1100       -0.28        1.44
        1150       -0.36        0.16
        1200       -0.36        0.16
        1250        -0.2        0.36
        1300       -0.52        0.16
        1350       -0.12        0.04
        1400        -0.6        0.16
        1450       -0.36        0.04
        1500       -0.36        0.04
        1550        -0.6           9
        1600        -0.6        3.24
        1650       -0.44        0.16
        1700       -0.52        0.16
        1750       -0.36        0.36
        1800        -0.6        5.76
        1850       -0.52           4
        1900        -0.2        0.36
        1950       -0.68           1
        2000       -0.36        0.36
        2050       -0.68        0.64
        2100        -0.2        0.16
        2150        -0.6        0.64
        2200       -0.52        0.04
        2250       -0.36        0.04
        2300       -0.28        2.56
        2350       -0.44        0.04
        2400       -0.52        0.04
        2450       -0.52        1.44
        2500       -0.36        0.04
        2550       -0.44        0.36
        2600        -0.6        1.44
        2650       -0.52        1.44
        2700        -0.6        5.76
        2750       -0.68       11.56
        2800       -0.44        1.44
        2850        -0.6           4
        2900       -0.52           0
        2950        -0.6        0.04
        3000        -0.6        3.24
        3050       -0.44           0
        3100        -0.6        0.16
        3150        -0.6        6.76
        3200       -0.36           0
        3250        -0.6           4
        3300       -0.52        0.64
        3350       -0.36           0
        3400       -0.68        4.84
        3450        -0.6        3.24
        3500       -0.76        5.76
        3550       -0.52        3.24
        3600        -0.2        0.16
        3650       -0.36        0.04
        3700        -0.6           0
        3750       -0.68        0.64
        3800       -0.52        0.64
        3850       -0.44           0
        3900       -0.52        1.44
        3950       -0.36           4
        4000       -0.36        1.96
        4050       -0.52           1
        4100       -0.36        1.96
        4150       -0.44        0.64
        4200       -0.44        3.24
        4250       -0.36        0.64
        4300        -0.6        3.24
        4350       -0.44           1
        4400       -0.52           1
        4450       -0.36        0.36
        4500       -0.52        7.84
        4550       -0.36        0.16
        4600       -0.68        0.36
        4650       -0.36           0
        4700        -0.6        1.96
        4750       -0.52        0.36
        4800       -0.52        4.84
        4850       -0.68        4.84
        4900       -0.44        0.36
        4950       -0.44        0.16
        5000       -0.44        0.64
        5050        -0.6        0.16
        5100       -0.44        0.36
        5150       -0.44        0.16
        5200        -0.6        3.24
        5250       -0.44        0.36
        5300        -0.6        0.36
        5350       -0.44        0.36
        5400       -0.52        0.04
        5450        -0.6        0.04
        5500       -0.68        1.96
        5550       -0.76        0.64
        5600       -0.52           1
        5650       -0.28        1.44
        5700       -0.52        7.84
        5750       -0.44        3.24
        5800       -0.44        1.44
        5850       -0.52        0.16
        5900       -0.44        2.56
        5950        -0.6        0.04
        6000       -0.68        1.44
        6050       -0.68        0.16
        6100       -0.28        0.64
        6150       -0.52        1.96
        6200       -0.28        0.36
        6250       -0.28        1.44
        6300       -0.36           0
        6350       -0.44        3.24
        6400       -0.44        0.04
        6450        -0.6           9
        6500        -0.6        3.24
        6550       -0.36        0.16
        6600       -0.52           4
        6650       -0.36        0.36
        6700       -0.36        0.04
        6750       -0.44        1.96
        6800       -0.28        3.24
        6850       -0.44        0.04
        6900       -0.36           1
        6950       -0.44           1
        7000        -0.6        0.04
        7050       -0.68        2.56
        7100       -0.36        0.04
        7150       -0.52        0.16
        7200        -0.6        0.16
        7250       -0.44        0.36
        7300       -0.44           1
        7350       -0.52           1
        7400       -0.52        0.04
        7450       -0.52        2.56
        7500        -0.6        0.64
        7550       -0.36        1.44
        7600       -0.36        4.84
        7650       -0.44        1.44
        7700       -0.52        0.36
        7750       -0.36        1.44
        7800       -0.52        1.96
        7850       -0.36        0.04
        7900       -0.36        0.64
        7950       -0.44        0.16
        8000       -0.44        1.44
        8050       -0.44        5.76
        8100       -0.44           1
        8150       -0.52           1
        8200       -0.52        5.76
        8250       -0.36        0.04
        8300       -0.36        0.16
        8350       -0.36        0.04
        8400       -0.52        0.16
        8450       -0.52        0.36
        8500       -0.52        4.84
        8550       -0.36        2.56
        8600       -0.44        0.16
        8650        -0.6        0.04
        8700       -0.52        3.24
        8750        -0.6        0.04
        8800       -0.52        6.76
        8850       -0.52        2.56
        8900       -0.44        0.04
        8950       -0.36        0.04
        9000       -0.28        0.36
        9050       -0.68        0.36
        9100       -0.68        0.16
        9150       -0.28           0
        9200       -0.52           1
        9250       -0.36        0.64
        9300       -0.52        0.36
        9350        -0.6        0.16
        9400       -0.12           1
        9450       -0.52        1.44
        9500       -0.52        0.16
        9550       -0.28        0.16
        9600       -0.44        0.16
        9650       -0.44        0.16
        9700        -0.6           0
        9750       -0.68        0.64
        9800       -0.44        3.24
        9850       -0.28           1
        9900       -0.52        0.16
        9950       -0.52        0.36
       10000        -0.6           4
       10050       -0.36           1
       10100       -0.36           1
       10150       -0.52        4.84
       10200       -0.52           1
       10250       -0.44        0.36
       10300       -0.52        6.76
       10350        -0.6        0.04
       10400        -0.6           4
       10450       -0.44           9
       10500       -0.36        1.44
       10550       -0.52        1.44
       10600       -0.52        2.56
       10650       -0.68        0.16
       10700        -0.6           1
       10750        -0.6           0
       10800       -0.44        2.56
       10850       -0.36        1.44
       10900       -0.68           0
       10950        -0.6        0.64
       11000       -0.52        2.56
       11050       -0.52        1.44
       11100        -0.6        0.36
       11150       -0.44           1
       11200       -0.52        3.24
       11250       -0.52        0.04
       11300        -0.6        2.56
       11350       -0.28        0.64
       11400       -0.36        0.36
       11450       -0.68        0.64
       11500        -0.2        0.36
       11550       -0.36        1.44
       11600       -0.44           1
       11650       -0.52           1
       11700       -0.36           0
       11750       -0.44        1.44
       11800       -0.36        0.36
       11850       -0.36        0.04
       11900       -0.44        0.16
       11950        -0.6        0.64
       12000        -0.6           0
       12050       -0.36        0.64
       12100       -0.52           9
       12150       -0.44           4
       12200       -0.36        0.36
       12250       -0.28        0.16
       12300       -0.28        1.96
       12350       -0.52           4
       12400       -0.52        0.16
       12450        -0.6        0.04
       12500       -0.44        0.16
       12550        -0.6        0.36
       12600       -0.52           1
       12650        -0.6        5.76
       12700       -0.44        1.96
       12750       -0.44        0.04
       12800       -0.52        2.56
       12850       -0.12           1
       12900       -0.28        0.64
       12950        -0.6        0.16
       13000        -0.2        0.04
       13050       -0.44        5.76
       13100       -0.52           4
       13150       -0.44        1.96
       13200       -0.52        3.24
       13250       -0.36        1.44
       13300       -0.44        0.04
       13350        -0.6           4
       13400       -0.44           4
       13450       -0.44        0.16
       13500        -0.6        0.04
       13550       -0.52        1.96
       13600       -0.52        6.76
       13650       -0.36        0.16
       13700       -0.44        0.16
       13750       -0.44        0.36
       13800       -0.36        0.04
       13850       -0.44        0.64
       13900       -0.52        2.56
       13950       -0.52           0
       14000       -0.36        1.96
       14050       -0.52        0.16
       14100        -0.6           4
       14150       -0.44           1
       14200       -0.36        0.64
       14250        -0.2           1
       14300       -0.28           1
       14350       -0.52        0.04
       14400       -0.36        1.44
       14450       -0.68        7.84
       14500       -0.36        0.64
       14550       -0.52        0.36
       14600       -0.36        0.64
       14650       -0.76        1.44
       14700       -0.36        0.64
       14750       -0.52        1.44
       14800       -0.52        0.64
       14850       -0.44        0.04
       14900       -0.44           4
       14950        -0.6        0.64
       15000        -0.2        1.96
       15050       -0.52        0.36
       15100       -0.52        2.56
       15150       -0.68        0.36
       15200        -0.6           0
       15250       -0.44           1
       15300       -0.44        0.64
       15350        -0.6        0.64
       15400       -0.76        4.84
       15450       -0.44           1
       15500       -0.44        0.64
       15550       -0.28        0.16
       15600       -0.44           1
       15650       -0.28           0
       15700       -0.44           1
       15750       -0.44        5.76
       15800       -0.36        0.04
       15850       -0.44           1
       15900       -0.28        3.24
       15950       -0.52        0.64
       16000       -0.44           1
       16050       -0.68       12.96
       16100       -0.52        0.36
       16150       -0.36        1.44
       16200       -0.44        0.16
       16250       -0.12        0.16
       16300       -0.36        0.64
       16350       -0.52        0.16
       16400       -0.44        0.04
       16450       -0.28        0.04
       16500       -0.36        1.96
       16550       -0.44        0.16
       16600       -0.44        0.36
       16650       -0.44        0.64
       16700       -0.28        0.04
       16750       -0.52        0.36
       16800       -0.44        0.64
       16850       -0.44        1.96
       16900       -0.44        0.36
       16950       -0.36        2.56
       17000       -0.44           1
       17050       -0.44           0
       17100       -0.28           1
       17150       -0.44        2.56
       17200        -0.6           4
       17250       -0.44        1.44
       17300       -0.44        0.36
       17350       -0.44           4
       17400       -0.44        0.04
       17450       -0.44           0
       17500       -0.44        0.64
       17550       -0.44        0.16
       17600       -0.44        0.16
       17650       -0.44        1.96
       17700       -0.44        1.96
       17750       -0.28        1.44
       17800       -0.44        0.36
       17850       -0.52        1.96
       17900       -0.36           1
       17950       -0.36        0.04
       18000       -0.52           1
       18050       -0.52        0.36
       18100       -0.52        2.56
       18150       -0.52        1.96
       18200       -0.36        0.04
       18250       -0.52           1
       18300       -0.12        0.36
       18350       -0.28        0.16
       18400       -0.44        0.04
       18450       -0.52        5.76
       18500        -0.6        1.96
       18550        -0.6           4
       18600       -0.52           0
       18650       -0.36        0.04
       18700       -0.52        0.64
       18750       -0.44        0.36
       18800       -0.52        6.76
       18850       -0.44           0
       18900       -0.68           9
       18950       -0.28        0.16
       19000       -0.52        0.16
       19050       -0.44        0.04
       19100       -0.52           0
       19150       -0.28           1
       19200       -0.52        0.04
       19250        -0.6        0.36
       19300       -0.68        0.16
       19350       -0.52           1
       19400       -0.68        4.84
       19450       -0.44        0.16
       19500       -0.52        0.04
       19550       -0.36        1.96
       19600        -0.6        0.64
       19650       -0.36        1.96
       19700        -0.6        2.56
       19750       -0.44        0.36
       19800       -0.28        0.04
       19850       -0.52        2.56
       19900       -0.44        2.56
       19950        -0.2        0.64
       20000       -0.52        0.16
       20050       -0.52        5.76
       20100        -0.2        0.64
       20150       -0.28        0.16
       20200       -0.36        0.36
       20250       -0.52           1
       20300       -0.12        0.36
       20350        -0.6        0.16
       20400       -0.52        0.64
       20450       -0.36        0.16
       20500       -0.44        1.44
       20550       -0.52        0.04
       20600       -0.44        2.56
       20650       -0.44        4.84
       20700       -0.52           1
       20750       -0.28        0.04
       20800        -0.6        0.16
       20850       -0.36        0.04
       20900       -0.52        4.84
       20950       -0.36           1
       21000       -0.28        0.64
       21050       -0.28        0.04
       21100        -0.6        1.96
       21150       -0.36        0.04
       21200       -0.36        0.04
       21250       -0.52        6.76
       21300       -0.68        3.24
       21350       -0.44           1
       21400        -0.6        3.24
       21450       -0.52        0.04
       21500       -0.44           0
       21550       -0.12           0
       21600       -0.28        0.16
       21650       -0.36        0.36
       21700        -0.6           4
       21750       -0.36        0.36
       21800       -0.52        0.36
       21850       -0.28        1.96
       21900       -0.52        0.64
       21950       -0.28        0.16
       22000       -0.36        1.96
       22050        -0.6           1
       22100        -0.2           1
       22150       -0.44           4
       22200        -0.6        0.36
       22250       -0.52           1
       22300        -0.6        1.44
       22350       -0.28        2.56
       22400        -0.2        0.16
       22450       -0.44        0.64
       22500        -0.6           1
       22550       -0.36        0.64
       22600        -0.6        0.36
       22650       -0.68        3.24
       22700       -0.68        1.96
       22750       -0.44        0.04
       22800       -0.28           0
       22850       -0.52        0.16
       22900       -0.44        0.04
       22950       -0.52        0.04
       23000        -0.2        0.16
       23050       -0.36        1.44
       23100        -0.2        0.16
       23150       -0.36           0
       23200       -0.44        0.04
       23250       -0.52           4
       23300       -0.36        0.04
       23350        -0.6        1.96
       23400        -0.2        0.36
       23450       -0.28        1.96
       23500       -0.76       12.96
       23550        -0.6           1
       23600       -0.52        0.16
       23650        -0.6        3.24
       23700       -0.36        0.36
       23750       -0.44        1.96
       23800        -0.6        2.56
       23850       -0.76        1.96
       23900       -0.52        1.44
       23950       -0.76           0
       24000       -0.36        1.44
       24050       -0.52        1.44
       24100        -0.6        0.64
       24150       -0.44        0.64
       24200        -0.6        0.36
       24250       -0.44        6.76
       24300       -0.36        0.16
       24350        -0.6        0.16
       24400       -0.44        3.24
       24450       -0.52        4.84
       24500       -0.44           0
       24550        -0.6        6.76
       24600       -0.68        1.44
       24650       -0.52        0.04
       24700       -0.44        0.04
       24750       -0.52        6.76
       24800       -0.36        1.44
       24850       -0.36        0.16
       24900       -0.28        0.04
       24950       -0.36           4
       25000        -0.6           0
       25050        -0.6        0.36
       25100        -0.6        0.64
       25150       -0.36        1.44
       25200       -0.44           0
       25250       -0.44           0
       25300       -0.52        0.64
       25350        -0.6        0.04
       25400       -0.28           1
       25450       -0.68           0
       25500       -0.44        1.44
       25550       -0.52        1.44
       25600       -0.36        0.36
       25650       -0.52        0.36
       25700       -0.68           4
       25750       -0.44        1.44
       25800        -0.6        1.96
       25850       -0.52        0.16
       25900        -0.6           0
       25950       -0.44           4
       26000       -0.36        1.96
       26050       -0.52        0.16
       26100        -0.6           1
       26150        -0.6        1.44
       26200       -0.44        1.96
       26250       -0.68        1.44
       26300        -0.6        0.04
       26350       -0.44        0.64
       26400       -0.68        1.96
       26450       -0.44        1.44
       26500       -0.52           1
       26550       -0.28        0.16
       26600       -0.44        0.36
       26650        -0.6           1
       26700       -0.52           0
       26750       -0.52        0.16
       26800        -0.6        7.84
       26850       -0.52        4.84
       26900       -0.52        6.76
       26950       -0.36        0.04
       27000       -0.68           4
       27050       -0.36        0.04
       27100       -0.36        0.04
       27150       -0.36        0.16
       27200       -0.68        0.16
       27250       -0.52        0.64
       27300       -0.44        0.64
       27350       -0.28        0.04
       27400        -0.2        0.16
       27450        -0.6        0.04
       27500       -0.52           0
       27550        -0.6        0.16
       27600        -0.6        0.64
       27650       -0.36           1
       27700       -0.52        0.16
       27750       -0.44           0
       27800       -0.52           1
       27850       -0.28        0.16
       27900       -0.52           1
       27950       -0.12        4.84
       28000        -0.2        1.44
       28050       -0.44        0.36
       28100       -0.52        0.04
       28150       -0.52        0.16
       28200       -0.52        0.36
       28250        -0.6           0
       28300       -0.52        0.36
       28350       -0.52        0.04
       28400       -0.36        0.64
       28450       -0.44        0.36
       28500       -0.52        1.96
       28550       -0.36        3.24
       28600       -0.44        0.64
       28650        -0.6        0.04
       28700       -0.36        0.16
       28750       -0.36        0.04
       28800       -0.36        0.36
       28850       -0.44        1.44
       28900       -0.76          16
       28950       -0.36        0.64
       29000       -0.68        2.56
       29050       -0.36        0.16
       29100       -0.44        0.64
       29150       -0.44        0.16
       29200        -0.6        1.44
       29250       -0.52           0
       29300       -0.44           1
       29350       -0.44        1.96
       29400       -0.36        0.04
       29450       -0.36           0
       29500        -0.6        2.56
       29550        -0.6        1.44
       29600       -0.36        0.36
       29650       -0.36        0.04
       29700       -0.52           4
       29750       -0.44        0.36
       29800       -0.52           0
       29850       -0.52        0.16
       29900       -0.52        1.96
       29950       -0.36        0.64
       30000       -0.52           0
       30050       -0.28        0.36
       30100        -0.6        0.16
       30150       -0.36        0.04
       30200       -0.44        0.04
       30250       -0.44        0.16
       30300       -0.52        0.04
       30350       -0.44        0.04
       30400       -0.36        1.44
       30450        -0.6        0.04
       30500       -0.68        0.04
       30550       -0.52        0.64
       30600        -0.6           0
       30650       -0.52        0.04
       30700       -0.52        0.16
       30750       -0.44        0.64
       30800       -0.36        1.44
       30850       -0.36        0.16
       30900       -0.44        0.04
       30950        -0.2        2.56
       31000       -0.68           0
       31050       -0.44        0.16
       31100       -0.52        0.04
       31150       -0.44           0
       31200       -0.52           0
       31250       -0.76           1
       31300       -0.36        1.44
       31350       -0.36        0.36
       31400       -0.44        1.44
       31450        -0.6        0.36
       31500       -0.28        1.96
       31550       -0.28        0.64
       31600       -0.36        1.44
       31650       -0.52        0.16
       31700        -0.6        0.16
       31750       -0.68           1
       31800        0.04        0.36
       31850       -0.36        1.44
       31900        -0.6        0.64
       31950       -0.52           4
       32000        -0.6        2.56
       32050       -0.36        1.96
       32100       -0.52        0.64
       32150       -0.68        0.16
       32200       -0.44        0.16
       32250       -0.28        1.96
       32300       -0.36        0.36
       32350       -0.36        0.16
       32400       -0.44        6.76
       32450       -0.52        0.36
       32500       -0.68        0.04
       32550       -0.28           1
       32600       -0.44        0.64
       32650        -0.6        5.76
       32700       -0.28        0.04
       32750       -0.44        2.56
       32800       -0.44        1.96
       32850       -0.44           0
       32900       -0.52        1.44
       32950        -0.6        0.36
       33000       -0.52        0.64
       33050        -0.6           1
       33100        -0.6        0.64
       33150       -0.36        0.36
       33200       -0.52        5.76
       33250       -0.44           0
       33300        -0.6        4.84
       33350       -0.52           0
       33400       -0.52        0.64
       33450       -0.52        0.36
       33500        -0.6        5.76
       33550       -0.28        1.96
       33600        -0.6        1.44
       33650        -0.2        0.36
       33700       -0.36        1.44
       33750       -0.44        0.16
       33800       -0.36           1
       33850       -0.36        0.16
       33900       -0.52        0.04
       33950        -0.6        0.16
       34000       -0.68        1.44
       34050       -0.28           1
       34100       -0.52           1
       34150       -0.52           0
       34200       -0.36        1.44
       34250       -0.68        0.04
       34300       -0.44        2.56
       34350        -0.6       10.24
       34400       -0.44           0
       34450       -0.52        1.44
       34500       -0.28        0.36
       34550       -0.52        0.16
       34600       -0.44        0.64
       34650       -0.36        0.36
       34700        -0.2        1.96
       34750       -0.36           0
       34800       -0.28        1.44
       34850       -0.28        0.04
       34900       -0.52        0.04
       34950        -0.6        1.44
       35000       -0.28        0.16
       35050        -0.6        0.04
       35100       -0.44        1.44
       35150        -0.6        4.84
       35200       -0.36        1.44
       35250       -0.52        3.24
       35300       -0.44        0.64
       35350        -0.6        0.64
       35400        -0.6        1.96
       35450       -0.28           1
       35500       -0.52        1.44
       35550       -0.36        0.04
       35600       -0.52           1
       35650       -0.36        1.44
       35700       -0.36        0.36
       35750       -0.52        0.04
       35800       -0.68        3.24
       35850       -0.44        5.76
       35900        -0.6        2.56
       35950       -0.44        0.16
       36000       -0.28        0.36
       36050       -0.52           1
       36100       -0.52        1.44
       36150        -0.6           1
       36200       -0.36        0.64
       36250       -0.36        0.16
       36300       -0.44        4.84
       36350       -0.44        0.16
       36400       -0.52           1
       36450        -0.6        3.24
       36500       -0.36        0.16
       36550       -0.36        0.04
       36600       -0.36           0
       36650       -0.28           1
       36700       -0.28        0.04
       36750       -0.28           1
       36800       -0.44        0.04
       36850       -0.44        0.16
       36900       -0.52        0.36
       36950       -0.52        2.56
       37000       -0.36        2.56
       37050        -0.6        1.44
       37100       -0.44           1
       37150       -0.36        0.64
       37200       -0.36        0.16
       37250       -0.52        0.04
       37300       -0.52           1
       37350       -0.36        0.04
       37400       -0.44        3.24
       37450       -0.44        0.16
       37500       -0.28        0.36
       37550        -0.6        0.36
       37600       -0.44        0.64
       37650       -0.68        3.24
       37700       -0.44           1
       37750       -0.36           1
       37800       -0.36        1.44
       37850       -0.44        1.44
       37900       -0.28           1
       37950       -0.36           1
       38000       -0.36           1
       38050       -0.44        3.24
       38100       -0.44        0.16
       38150       -0.36        0.36
       38200       -0.28        0.64
       38250       -0.36           0
       38300       -0.52        1.96
       38350       -0.52        1.96
       38400       -0.36        0.04
       38450       -0.44           0
       38500       -0.52        1.44
       38550       -0.44        1.44
       38600        -0.6        0.64
       38650       -0.52           4
       38700       -0.36        0.36
       38750       -0.52        0.36
       38800       -0.28        0.16
       38850       -0.44        0.04
       38900       -0.44        0.36
       38950       -0.52           1
       39000       -0.36        0.16
       39050        -0.6           4
       39100       -0.36        4.84
       39150       -0.36        1.44
       39200        -0.2           1
       39250       -0.44        0.16
       39300       -0.36        0.36
       39350       -0.28        0.04
       39400       -0.52        3.24
       39450       -0.36        2.56
       39500       -0.36        1.44
       39550       -0.36        1.44
       39600        -0.6        0.04
       39650       -0.44        0.36
       39700       -0.68        0.16
       39750       -0.36        1.96
       39800       -0.44        0.36
       39850       -0.44           1
       39900       -0.52        3.24
       39950       -0.52        2.56
       40000       -0.44        0.36
       40050        -0.6        0.16
       40100       -0.52        0.36
       40150       -0.44        0.04
       40200       -0.52        1.96
       40250       -0.52           1
       40300        -0.6        0.36
       40350       -0.52        4.84
       40400       -0.52           4
       40450       -0.52        0.04
       40500       -0.36        2.56
       40550       -0.68           1
       40600        -0.6           1
       40650       -0.36           1
       40700        -0.2        2.56
       40750       -0.52        5.76
       40800       -0.68        0.64
       40850        -0.6           1
       40900       -0.36           1
       40950       -0.44        1.96
       41000       -0.44           1
       41050       -0.44        0.04
       41100       -0.44        0.16
       41150       -0.52           1
       41200       -0.52        1.44
       41250        -0.6        7.84
       41300       -0.44        0.04
       41350       -0.52           0
       41400       -0.52        1.44
       41450       -0.28        0.04
       41500       -0.36        0.04
       41550       -0.52        0.64
       41600       -0.52        5.76
       41650       -0.68        3.24
       41700       -0.36        0.16
       41750        -0.6           1
       41800        -0.6           4
       41850       -0.44           0
       41900       -0.36        0.04
       41950       -0.44        0.36
       42000       -0.28           4
       42050       -0.52        0.64
       42100       -0.68        0.16
       42150        -0.6           0
       42200       -0.52        0.64
       42250       -0.44        0.16
       42300       -0.36        0.16
       42350       -0.52           0
       42400       -0.44           1
       42450       -0.28        0.64
       42500       -0.52        6.76
       42550       -0.52           0
       42600       -0.52           1
       42650       -0.44           4
       42700       -0.44        0.36
       42750       -0.52        2.56
       42800       -0.52        1.96
       42850       -0.28        0.64
       42900       -0.44        0.36
       42950       -0.44        0.16
       43000        -0.6        0.04
       43050       -0.28           0
       43100        -0.6        1.96
       43150       -0.44        0.36
       43200       -0.52        0.36
       43250       -0.28        2.56
       43300        -0.6        3.24
       43350        -0.6        1.96
       43400       -0.44        1.44
       43450       -0.52           1
       43500       -0.52        0.64
       43550       -0.36           4
       43600       -0.28        0.16
       43650       -0.52        1.96
       43700       -0.36        0.04
       43750       -0.52        0.04
       43800        -0.6        0.36
       43850        -0.6        1.96
       43900        -0.2           1
       43950       -0.36        0.36
       44000       -0.28        0.04
       44050       -0.44        0.16
       44100       -0.44        0.04
       44150       -0.44        2.56
       44200       -0.44        0.04
       44250       -0.28        1.96
       44300       -0.52           1
       44350       -0.44           0
       44400       -0.12        0.16
       44450       -0.52        0.36
       44500       -0.28        0.64
       44550       -0.36        0.04
       44600       -0.36           1
       44650       -0.52           1
       44700       -0.52        2.56
       44750       -0.44        0.36
       44800       -0.44        0.04
       44850       -0.28        1.44
       44900       -0.28        0.16
       44950       -0.52        2.56
       45000       -0.52        0.16
       45050       -0.28        0.16
       45100       -0.44        1.96
       45150       -0.52        0.16
       45200        -0.6        4.84
       45250       -0.28        0.16
       45300       -0.52        0.16
       45350       -0.44        0.64
       45400       -0.52        0.04
       45450       -0.28        0.64
       45500       -0.36           1
       45550       -0.52        0.16
       45600       -0.52        1.96
       45650        -0.6           1
       45700        -0.6        1.44
       45750       -0.68        1.44
       45800        -0.6        0.36
       45850       -0.68        5.76
       45900       -0.52           0
       45950       -0.68        2.56
       46000       -0.52        0.04
       46050       -0.28        0.16
       46100       -0.68        1.44
       46150        -0.6        2.56
       46200       -0.44           4
       46250       -0.28        0.36
       46300       -0.68        1.96
       46350       -0.36        0.16
       46400        -0.6        0.64
       46450        -0.6        0.04
       46500       -0.28        4.84
       46550       -0.44        0.16
       46600       -0.44           1
       46650       -0.44        0.36
       46700       -0.36           1
       46750       -0.44        0.16
       46800       -0.36        1.96
       46850       -0.52        0.04
       46900       -0.44        1.44
       46950       -0.44        2.56
       47000       -0.36        3.24
       47050        -0.6           1
       47100       -0.36        0.04
       47150        -0.6        2.56
       47200        -0.2        0.16
       47250       -0.44           1
       47300        -0.2        0.04
       47350       -0.52        0.36
       47400        -0.6        3.24
       47450       -0.52        0.04
       47500        -0.6        0.04
       47550        -0.6        0.04
       47600       -0.28        0.36
       47650       -0.52           0
       47700       -0.28           1
       47750       -0.44        0.16
       47800       -0.76        2.56
       47850       -0.52        4.84
       47900       -0.28        0.04
       47950       -0.52        1.96
       48000       -0.52           0
       48050       -0.52        0.64
       48100        -0.6        0.04
       48150       -0.36        0.36
       48200       -0.44        0.16
       48250       -0.52        4.84
       48300       -0.28        0.64
       48350       -0.28        0.36
       48400       -0.44        1.96
       48450       -0.28           1
       48500       -0.68        2.56
       48550        -0.6        1.44
       48600       -0.12        2.56
       48650       -0.28        0.36
       48700       -0.52        0.16
       48750       -0.52        1.96
       48800       -0.44        1.44
       48850       -0.52           4
       48900       -0.68        5.76
       48950       -0.44        1.44
       49000       -0.52        5.76
       49050       -0.28        0.04
       49100        -0.6        1.96
       49150       -0.44        1.96
       49200       -0.44        0.16
       49250        -0.6        0.64
       49300       -0.36           0
       49350       -0.44        0.64
       49400       -0.36           1
       49450       -0.76        2.56
       49500       -0.68        0.36
       49550       -0.36        0.64
       49600       -0.68        1.96
       49650       -0.12        0.36
       49700       -0.52        0.16
       49750       -0.52           0
       49800        -0.6           0
       49850       -0.44        2.56
       49900       -0.68        1.44
       49950       -0.36        0.04
       50000       -0.36        0.04
