           1000        4.95942              0
           2000        5.02461       0.065191
           3000        4.94408      0.0888896
           4000        5.08362       0.153044
           5000        5.15711       0.139474
           6000        5.16666        0.11428
           7000        5.21174       0.106584
           8000        5.23362      0.0948632
           9000        5.22496      0.0841082
          10000        5.23236      0.0755911
          11000        5.16594      0.0953229
          12000        5.18519      0.0891206
          13000        5.15014      0.0891561
          14000        5.12877      0.0852643
          15000        5.10162      0.0838912
          16000        5.07667       0.082344
          17000        5.10004      0.0808035
          18000        5.05985      0.0861369
          19000        5.08758      0.0860682
          20000        5.09103      0.0817244
          21000        5.08013      0.0784967
          22000        5.07048      0.0754631
          23000        5.07173      0.0721184
          24000        5.07012      0.0690667
          25000        5.06593      0.0663793
          26000        5.05278      0.0651158
          27000        5.05302      0.0626582
          28000        5.04462      0.0609601
          29000        5.02831      0.0610403
          30000        5.02919       0.058977
          31000        5.03041      0.0570559
          32000        5.01383       0.057678
          33000        5.02383      0.0567902
          34000        5.03387       0.056002
          35000        5.02695      0.0548176
          36000        5.01677      0.0542361
          37000        5.01899      0.0527962
          38000        5.02143      0.0514461
          39000        5.02095      0.0501119
          40000        5.00665      0.0508949
          41000        5.02203      0.0519673
          42000        5.02378      0.0507451
          43000        5.01912      0.0497697
          44000        5.01834      0.0486317
          45000        5.01015      0.0482394
          46000         5.0006      0.0481354
          47000        5.00931      0.0478982
          48000        5.00779      0.0469143
          49000        5.01801      0.0470696
          50000        5.02946       0.047519
          51000        5.03113      0.0466078
          52000         5.0183      0.0474669
          53000        5.02328       0.046828
          54000        5.01894      0.0461575
          55000        5.01378      0.0456037
          56000        5.01699      0.0448975
          57000        5.01599      0.0441143
          58000        5.01068      0.0436707
          59000        5.01136      0.0429295
          60000        5.01401       0.042291
          61000        5.00938      0.0418493
          62000        5.01742      0.0419472
          63000         5.0226      0.0415994
          64000        5.02915      0.0414648
          65000        5.01945      0.0419582
          66000        5.01686      0.0413985
          67000        5.01293       0.040965
          68000        5.02113       0.041182
          69000        5.01937      0.0406187
          70000        5.02631      0.0406301
          71000        5.02419      0.0401096
          72000        5.02482      0.0395537
          73000        5.02264      0.0390691
          74000        5.02655      0.0387352
          75000        5.02255      0.0384243
          76000        5.02185      0.0379217
          77000        5.02725      0.0378129
          78000        5.03421      0.0379696
          79000        5.04111      0.0381147
          80000        5.03585      0.0380013
          81000        5.04803      0.0394577
          82000        5.05013      0.0390302
          83000        5.04688      0.0386943
          84000        5.04414      0.0383288
          85000        5.03836       0.038314
          86000        5.03689      0.0378943
          87000        5.03561      0.0374779
          88000        5.03318      0.0371297
          89000        5.03287      0.0367114
          90000        5.03068      0.0363673
          91000        5.03083      0.0359657
          92000        5.02914      0.0356128
          93000        5.02849      0.0352339
          94000        5.02812      0.0348589
          95000        5.02846      0.0344917
          96000        5.02748      0.0341447
          97000        5.02463      0.0339106
          98000         5.0259      0.0335868
          99000        5.02366      0.0333209
         100000        5.02287      0.0329955
         101000        5.02563       0.032783
         102000         5.0261      0.0324634
         103000         5.0256      0.0321506
         104000        5.02672      0.0318596
         105000        5.02759      0.0315667
         106000        5.03735       0.032757
         107000        5.03426      0.0325961
         108000        5.03865      0.0325893
         109000         5.0385      0.0322892
         110000        5.03458      0.0322331
         111000        5.03006      0.0322597
         112000        5.03303      0.0321083
         113000        5.03094      0.0318917
         114000        5.02975      0.0316333
         115000        5.02943      0.0313586
         116000        5.02717      0.0311696
         117000        5.03104      0.0311438
         118000        5.03328      0.0309595
         119000        5.03141      0.0307548
         120000        5.02841      0.0306444
         121000        5.02886      0.0303935
         122000        5.03029       0.030177
         123000        5.02808       0.030012
         124000        5.02577      0.0298585
         125000        5.02642      0.0296258
         126000        5.02872      0.0294799
         127000        5.02867      0.0292468
         128000        5.02807      0.0290237
         129000        5.02571      0.0288944
         130000        5.02725      0.0287128
         131000        5.02908      0.0285514
         132000        5.02862       0.028338
         133000         5.0253      0.0283196
         134000        5.02297      0.0282036
         135000        5.02448      0.0280344
         136000        5.02372      0.0278379
         137000        5.02286      0.0276471
         138000        5.02064      0.0275363
         139000        5.01712      0.0275622
         140000        5.01544      0.0274167
         141000        5.01592      0.0272258
         142000        5.01602      0.0270336
         143000        5.01394      0.0269245
         144000        5.01448      0.0267423
         145000        5.01762      0.0267423
         146000        5.01695       0.026567
         147000        5.01494      0.0264622
         148000        5.01434      0.0262898
         149000        5.01844      0.0264342
         150000        5.01566      0.0264045
         151000        5.01579      0.0262294
         152000         5.0135      0.0261571
         153000        5.01523       0.026043
         154000        5.01228      0.0260406
         155000        5.01027        0.02595
         156000        5.01015      0.0257834
         157000        5.00719      0.0257893
         158000        5.00742      0.0256266
         159000        5.01151      0.0257899
         160000        5.01611       0.026038
         161000        5.01363      0.0259941
         162000        5.01367      0.0258331
         163000        5.01325      0.0256776
         164000        5.01143      0.0255851
         165000         5.0109      0.0254351
         166000        5.00621      0.0257114
         167000        5.00519      0.0255775
         168000        5.00396      0.0254543
         169000        5.00413      0.0253038
         170000         5.0019      0.0252531
         171000         5.0038      0.0251766
         172000        5.00215      0.0250842
         173000        5.00176      0.0249419
         174000        5.00288      0.0248234
         175000        5.00097      0.0247547
         176000         5.0007      0.0246151
         177000        5.00199      0.0245095
         178000        5.00408       0.024461
         179000        5.00545      0.0243627
         180000        5.00635      0.0242436
         181000        5.00412      0.0242123
         182000        5.00354      0.0240858
         183000        5.00247      0.0239777
         184000        5.00195      0.0238527
         185000        5.00164      0.0237255
         186000        5.00161      0.0235976
         187000        5.00091      0.0234814
         188000        5.00018      0.0233677
         189000        5.00249      0.0233588
         190000         5.0036       0.023262
         191000        5.00683       0.023364
         192000        5.00394      0.0234212
         193000        5.00755       0.023577
         194000        5.00722      0.0234574
         195000        5.00468      0.0234754
         196000        5.00591      0.0233876
         197000        5.00643      0.0232745
         198000         5.0089      0.0232882
         199000        5.01072      0.0232424
         200000        5.01229       0.023179
         201000        5.01476      0.0231953
         202000        5.01592      0.0231094
         203000        5.01697      0.0230193
         204000        5.01647      0.0229118
         205000        5.01467      0.0228706
         206000        5.01327      0.0228021
         207000        5.01242      0.0227077
         208000        5.01052      0.0226775
         209000        5.01276      0.0226797
         210000        5.01056      0.0226785
         211000        5.01139      0.0225858
         212000        5.00878      0.0226297
         213000        5.00857      0.0225242
         214000         5.0086      0.0224187
         215000        5.00758      0.0223378
         216000        5.00964      0.0223298
         217000        5.00781       0.022302
         218000        5.01092      0.0224164
         219000        5.01097      0.0223138
         220000        5.00987      0.0222394
         221000         5.0108      0.0221579
         222000        5.01102       0.022059
         223000         5.0127      0.0220242
         224000        5.01049      0.0220375
         225000        5.00932      0.0219702
         226000         5.0068      0.0220177
         227000        5.00846      0.0219831
         228000        5.00755      0.0219052
         229000        5.00536      0.0219191
         230000         5.0059      0.0218302
         231000        5.00665      0.0217486
         232000         5.0052      0.0217034
         233000        5.00432      0.0216279
         234000         5.0064      0.0216348
         235000          5.006      0.0215462
         236000        5.00542      0.0214627
         237000        5.00565      0.0213733
         238000        5.00945      0.0216194
         239000        5.01003      0.0215365
         240000        5.00916      0.0214639
         241000        5.00906      0.0213749
         242000        5.00776      0.0213262
         243000        5.00553      0.0213554
         244000        5.00463      0.0212866
         245000         5.0058      0.0212321
         246000        5.00511      0.0211572
         247000        5.00681      0.0211404
         248000        5.00674       0.021055
         249000        5.00735      0.0209791
         250000        5.00711      0.0208963
         251000        5.00616      0.0208345
         252000        5.00603      0.0207521
         253000        5.00427      0.0207451
         254000         5.0063      0.0207634
         255000        5.00434      0.0207751
         256000        5.00523      0.0207133
         257000        5.00362      0.0206953
         258000        5.00165      0.0207089
         259000        4.99984      0.0207081
         260000        5.00014      0.0206305
         261000        4.99994      0.0205523
         262000        4.99908      0.0204918
         263000        4.99878      0.0204158
         264000        4.99892      0.0203388
         265000         4.9973      0.0203264
         266000        4.99656      0.0202633
         267000        4.99738      0.0202041
         268000        4.99589      0.0201837
         269000        4.99427      0.0201737
         270000        4.99327      0.0201236
         271000        4.99293      0.0200521
         272000        4.99336      0.0199828
         273000          4.995      0.0199771
         274000        4.99642      0.0199544
         275000        4.99861      0.0200019
         276000        4.99658      0.0200321
         277000        4.99686      0.0199616
         278000         4.9968      0.0198897
         279000        4.99572      0.0198479
         280000        4.99514      0.0197853
         281000        4.99444      0.0197275
         282000        4.99414      0.0196596
         283000          4.994      0.0195905
         284000         4.9938      0.0195225
         285000        4.99384      0.0194539
         286000        4.99211      0.0194634
         287000        4.99046      0.0194657
         288000        4.99291      0.0195523
         289000        4.99414      0.0195233
         290000        4.99463      0.0194622
         291000        4.99563      0.0194207
         292000          4.996      0.0193576
         293000        4.99572      0.0192934
         294000         4.9961      0.0192313
         295000         4.9945      0.0192326
         296000        4.99448      0.0191676
         297000         4.9934      0.0191333
         298000        4.99214      0.0191109
         299000        4.99103      0.0190788
         300000        4.99242      0.0190656
         301000        4.99319      0.0190178
         302000        4.99255      0.0189657
         303000         4.9907      0.0189937
         304000        4.98971      0.0189569
         305000        4.99091      0.0189326
         306000        4.99346      0.0190425
         307000        4.99328      0.0189811
         308000        4.99288      0.0189238
         309000        4.99305      0.0188632
         310000        4.99149      0.0188666
         311000        4.99048       0.018833
         312000        4.99241      0.0188713
         313000        4.99318      0.0188268
         314000        4.99361      0.0187717
         315000        4.99316      0.0187175
         316000        4.99329      0.0186586
         317000        4.99374      0.0186051
         318000        4.99436       0.018557
         319000        4.99571      0.0185478
         320000        4.99598      0.0184918
         321000        4.99584      0.0184347
         322000        4.99657      0.0183917
         323000        4.99446      0.0184555
         324000         4.9939      0.0184069
         325000        4.99377      0.0183507
         326000        4.99489      0.0183283
         327000        4.99486      0.0182722
         328000        4.99314      0.0182971
         329000        4.99213      0.0182696
         330000        4.99282      0.0182272
         331000        4.99283      0.0181721
         332000        4.99389      0.0181484
         333000        4.99334      0.0181024
         334000        4.99403      0.0180614
         335000         4.9938      0.0180088
         336000        4.99497       0.017993
         337000        4.99402      0.0179642
         338000        4.99485      0.0179301
         339000        4.99349      0.0179293
         340000        4.99491       0.017933
         341000        4.99501      0.0178806
         342000        4.99628      0.0178729
         343000        4.99623      0.0178208
         344000        4.99789       0.017847
         345000         4.9985      0.0178053
         346000        4.99929      0.0177718
         347000         5.0015      0.0178571
         348000        5.00271      0.0178466
         349000        5.00352      0.0178139
         350000        5.00409      0.0177721
         351000        5.00415      0.0177215
         352000        5.00495      0.0176896
         353000        5.00554      0.0176493
         354000        5.00422      0.0176493
         355000        5.00494      0.0176143
         356000        5.00424      0.0175785
         357000        5.00431      0.0175294
         358000        5.00523      0.0175043
         359000        5.00461      0.0174667
         360000        5.00486      0.0174199
         361000        5.00659      0.0174581
         362000        5.00637      0.0174112
         363000        5.00609      0.0173655
         364000        5.00633      0.0173194
         365000        5.00549      0.0172919
         366000        5.00669      0.0172858
         367000        5.00799      0.0172881
         368000         5.0087      0.0172556
         369000        5.00994      0.0172533
         370000         5.0093      0.0172183
         371000        5.00742      0.0172748
         372000         5.0066      0.0172479
         373000        5.00918      0.0173935
         374000        5.00839      0.0173646
         375000        5.00768      0.0173327
         376000         5.0082      0.0172943
         377000        5.00755      0.0172606
         378000        5.00759       0.017215
         379000        5.00775      0.0171702
         380000        5.00769       0.017125
         381000        5.00804      0.0170835
         382000         5.0079      0.0170393
         383000        5.00924      0.0170469
         384000        5.00821      0.0170334
         385000        5.00907       0.017011
         386000        5.01035      0.0170147
         387000        5.01131      0.0169981
         388000        5.01265      0.0170072
         389000        5.01375      0.0169988
         390000        5.01411       0.016959
         391000        5.01394      0.0169164
         392000        5.01406      0.0168737
         393000        5.01333      0.0168466
         394000        5.01121      0.0169366
         395000        5.01104      0.0168945
         396000        5.01278      0.0169412
         397000        5.01354      0.0169155
         398000        5.01261      0.0168987
         399000        5.01341      0.0168751
         400000        5.01303      0.0168371
         401000        5.01367      0.0168073
         402000        5.01426       0.016776
         403000        5.01361      0.0167471
         404000        5.01341      0.0167068
         405000        5.01419       0.016684
         406000        5.01432      0.0166433
         407000        5.01301      0.0166535
         408000         5.0138      0.0166312
         409000        5.01337      0.0165961
         410000        5.01355      0.0165565
         411000        5.01338      0.0165171
         412000        5.01354      0.0164777
         413000        5.01421      0.0164515
         414000        5.01326      0.0164392
         415000         5.0126      0.0164129
         416000         5.0126      0.0163734
         417000        5.01377      0.0163763
         418000         5.0129      0.0163605
         419000         5.0127      0.0163226
         420000        5.01243      0.0162859
         421000        5.01267      0.0162489
         422000        5.01423      0.0162856
         423000        5.01442      0.0162482
         424000        5.01441      0.0162098
         425000        5.01382      0.0161823
         426000        5.01383      0.0161442
         427000        5.01334      0.0161139
         428000        5.01304       0.016079
         429000        5.01273      0.0160446
         430000        5.01214      0.0160181
         431000        5.01047      0.0160676
         432000        5.01042      0.0160305
         433000        5.00985      0.0160033
         434000        5.00922      0.0159788
         435000        5.00947      0.0159438
         436000        5.01029      0.0159285
         437000        5.01046      0.0158929
         438000           5.01      0.0158633
         439000        5.00845      0.0159024
         440000        5.00741      0.0159006
         441000        5.00708      0.0158679
         442000        5.00632      0.0158503
         443000        5.00486      0.0158816
         444000        5.00415      0.0158614
         445000        5.00515       0.015857
         446000        5.00558      0.0158274
         447000        5.00511      0.0157992
         448000        5.00505       0.015764
         449000        5.00416      0.0157542
         450000         5.0027      0.0157866
         451000        5.00191      0.0157712
         452000         5.0022      0.0157389
         453000        5.00159       0.015716
         454000        5.00127      0.0156847
         455000        5.00144      0.0156511
         456000         5.0012      0.0156185
         457000        5.00115      0.0155844
         458000        5.00014      0.0155834
         459000        4.99981      0.0155528
         460000        5.00026      0.0155255
         461000        5.00107      0.0155128
         462000        5.00106      0.0154792
         463000        5.00216      0.0154848
         464000        5.00363      0.0155213
         465000        5.00302         0.0155
         466000        5.00293       0.015467
         467000        5.00224      0.0154489
         468000        5.00331      0.0154529
         469000        5.00341      0.0154202
         470000        5.00366      0.0153894
         471000        5.00291       0.015375
         472000        5.00315      0.0153443
         473000        5.00288      0.0153142
         474000        5.00338      0.0152899
         475000        5.00359      0.0152591
         476000        5.00296      0.0152402
         477000         5.0038      0.0152314
         478000        5.00368         0.0152
         479000        5.00514      0.0152387
         480000        5.00532       0.015208
         481000        5.00429      0.0152117
         482000        5.00401      0.0151825
         483000        5.00403      0.0151511
         484000        5.00381      0.0151212
         485000        5.00468      0.0151148
         486000        5.00451      0.0150846
         487000        5.00405      0.0150605
         488000        5.00372      0.0150333
         489000        5.00316      0.0150129
         490000        5.00263      0.0149915
         491000        5.00349      0.0149854
         492000        5.00365      0.0149558
         493000        5.00339      0.0149278
         494000        5.00315      0.0148995
         495000        5.00467      0.0149474
         496000        5.00573      0.0149543
         497000        5.00597      0.0149262
         498000        5.00616      0.0148975
         499000        5.00638      0.0148691
         500000        5.00756      0.0148865
         501000        5.00739      0.0148578
         502000        5.00779      0.0148336
         503000        5.00734      0.0148108
         504000        5.00887      0.0148608
         505000        5.00969       0.014854
         506000           5.01      0.0148279
         507000        5.01034      0.0148025
         508000        5.01003      0.0147766
         509000        5.01026      0.0147493
         510000        5.01074      0.0147281
         511000        5.01044      0.0147023
         512000        5.01037      0.0146737
         513000        5.00933      0.0146819
         514000        5.00831       0.014689
         515000        5.00725      0.0146987
         516000        5.00756      0.0146735
         517000        5.00809      0.0146548
         518000        5.00784      0.0146285
         519000        5.00735      0.0146086
         520000        5.00719      0.0145814
         521000        5.00755      0.0145581
         522000         5.0075      0.0145302
         523000        5.00743      0.0145026
         524000        5.00788      0.0144819
         525000        5.00742      0.0144616
         526000        5.00768      0.0144366
         527000        5.00656      0.0144533
         528000        5.00589      0.0144414
         529000         5.0058      0.0144143
         530000        5.00622      0.0143932
         531000        5.00705        0.01439
         532000        5.00735       0.014366
         533000        5.00775      0.0143447
         534000        5.00735      0.0143234
         535000        5.00721      0.0142973
         536000        5.00873      0.0143519
         537000        5.00828      0.0143324
         538000         5.0075      0.0143267
         539000         5.0082      0.0143169
         540000        5.00822      0.0142904
         541000        5.00751      0.0142819
         542000        5.00761      0.0142559
         543000        5.00851      0.0142578
         544000        5.00837      0.0142323
         545000        5.00848      0.0142066
         546000        5.00838      0.0141809
         547000        5.00862       0.014157
         548000        5.00795      0.0141468
         549000        5.00756      0.0141264
         550000        5.00752      0.0141008
         551000        5.00738      0.0140759
         552000        5.00642      0.0140825
         553000        5.00625      0.0140581
         554000        5.00548      0.0140537
         555000        5.00586      0.0140334
         556000        5.00607      0.0140097
         557000        5.00621      0.0139852
         558000        5.00623      0.0139601
         559000        5.00656      0.0139391
         560000        5.00653      0.0139142
         561000        5.00661      0.0138896
         562000        5.00602      0.0138778
         563000        5.00718       0.013902
         564000        5.00729      0.0138778
         565000        5.00669      0.0138659
         566000        5.00647      0.0138432
         567000        5.00561      0.0138454
         568000        5.00528       0.013825
         569000        5.00401      0.0138591
         570000        5.00439        0.01384
         571000        5.00354       0.013842
         572000         5.0031      0.0138247
         573000        5.00289      0.0138022
         574000        5.00278      0.0137785
         575000        5.00279      0.0137546
         576000        5.00155      0.0137869
         577000        5.00095      0.0137759
         578000        5.00076      0.0137534
         579000        5.00058      0.0137307
         580000        5.00061      0.0137071
         581000        5.00098      0.0136886
         582000        5.00184       0.013692
         583000         5.0024      0.0136801
         584000          5.002      0.0136627
         585000        5.00277      0.0136608
         586000        5.00289      0.0136381
         587000        5.00262      0.0136175
         588000        5.00277      0.0135951
         589000        5.00276       0.013572
         590000         5.0019      0.0135761
         591000        5.00189      0.0135531
         592000        5.00209      0.0135318
         593000        5.00144      0.0135245
         594000        5.00186      0.0135082
         595000        5.00198       0.013486
         596000        5.00246      0.0134717
         597000         5.0019      0.0134606
         598000         5.0011      0.0134621
         599000        5.00103      0.0134398
         600000        5.00145      0.0134241
         601000        5.00119      0.0134043
         602000        5.00043      0.0134041
         603000        5.00073      0.0133852
         604000        5.00062      0.0133635
         605000        5.00055      0.0133416
         606000        5.00017      0.0133249
         607000         4.9996      0.0133151
         608000        4.99939      0.0132949
         609000        4.99904      0.0132776
         610000        4.99878      0.0132585
         611000        4.99892      0.0132376
         612000        4.99901      0.0132162
         613000        4.99832      0.0132125
         614000        4.99929      0.0132268
         615000        5.00073      0.0132836
         616000        5.00002      0.0132815
         617000        4.99993      0.0132602
         618000        4.99995      0.0132388
         619000        5.00029      0.0132217
         620000        5.00013      0.0132013
         621000         5.0012      0.0132233
         622000        5.00133      0.0132026
         623000        5.00059      0.0132019
         624000        5.00034      0.0131832
         625000        5.00025      0.0131624
         626000        5.00069      0.0131486
         627000        5.00066      0.0131277
         628000        5.00084      0.0131081
         629000          5.001      0.0130882
         630000        5.00094      0.0130675
         631000        5.00073      0.0130486
         632000        5.00035      0.0130334
         633000        4.99981       0.013024
         634000        5.00062      0.0130283
         635000        5.00124      0.0130225
         636000        5.00104      0.0130035
         637000        5.00073      0.0129868
         638000        5.00115      0.0129733
         639000        5.00165      0.0129628
         640000        5.00144      0.0129443
         641000        5.00187      0.0129313
         642000        5.00147      0.0129172
         643000        5.00138      0.0128974
         644000        5.00104      0.0128818
         645000        5.00089      0.0128627
         646000        5.00028      0.0128573
         647000         5.0003      0.0128374
         648000        4.99969      0.0128326
         649000        4.99964      0.0128129
         650000        4.99896      0.0128109
         651000        4.99887      0.0127915
         652000        4.99921      0.0127762
         653000        4.99817      0.0127986
         654000        4.99799      0.0127803
         655000        4.99797      0.0127608
         656000        4.99769      0.0127446
         657000        4.99805      0.0127306
         658000         4.9984       0.012716
         659000        4.99835      0.0126968
         660000        4.99799      0.0126826
         661000         4.9973      0.0126825
         662000        4.99747      0.0126645
         663000        4.99839      0.0126784
         664000        4.99788      0.0126695
         665000        4.99769      0.0126519
         666000        4.99738      0.0126367
         667000        4.99627      0.0126658
         668000        4.99622       0.012647
         669000        4.99644        0.01263
         670000        4.99742      0.0126491
         671000        4.99674      0.0126485
         672000        4.99671      0.0126297
         673000        4.99686      0.0126119
         674000        4.99662      0.0125954
         675000        4.99731      0.0125958
         676000        4.99743      0.0125776
         677000        4.99706      0.0125643
         678000        4.99738      0.0125496
         679000        4.99755      0.0125324
         680000        4.99808      0.0125249
         681000          4.999      0.0125408
         682000        4.99888       0.012523
         683000        4.99914      0.0125073
         684000         5.0004      0.0125523
         685000        5.00106      0.0125514
         686000        5.00109      0.0125331
         687000        5.00136      0.0125177
         688000        5.00083      0.0125104
         689000         5.0009      0.0124924
         690000        5.00247       0.012572
         691000        5.00291      0.0125615
         692000        5.00364      0.0125648
         693000        5.00409      0.0125545
         694000        5.00414      0.0125366
         695000        5.00395        0.01252
         696000        5.00425      0.0125055
         697000        5.00402      0.0124897
         698000        5.00344      0.0124853
         699000        5.00389      0.0124757
         700000        5.00352      0.0124634
         701000        5.00321      0.0124494
         702000        5.00267      0.0124432
         703000        5.00294      0.0124284
         704000        5.00271      0.0124127
         705000        5.00247      0.0123975
         706000         5.0025        0.01238
         707000        5.00273      0.0123645
         708000        5.00272      0.0123471
         709000        5.00319      0.0123385
         710000        5.00307      0.0123217
         711000        5.00325      0.0123057
         712000        5.00278      0.0122976
         713000        5.00257      0.0122822
         714000        5.00296      0.0122713
         715000        5.00229      0.0122726
         716000        5.00273      0.0122632
         717000        5.00336      0.0122625
         718000        5.00373      0.0122509
         719000        5.00333      0.0122404
         720000        5.00383      0.0122338
         721000        5.00388       0.012217
         722000         5.0038      0.0122003
         723000        5.00417       0.012189
         724000        5.00384      0.0121766
         725000         5.0053       0.012247
         726000        5.00617      0.0122615
         727000        5.00613      0.0122447
         728000        5.00634      0.0122296
         729000        5.00721      0.0122441
         730000        5.00757      0.0122326
         731000        5.00846      0.0122483
         732000        5.00862      0.0122326
         733000        5.00897      0.0122208
         734000        5.00914      0.0122053
         735000         5.0095      0.0121939
         736000        5.00908      0.0121844
         737000         5.0085      0.0121819
         738000        5.00816      0.0121701
         739000         5.0084       0.012156
         740000        5.00805      0.0121448
         741000        5.00788      0.0121295
         742000        5.00808      0.0121148
         743000        5.00763      0.0121068
         744000        5.00764      0.0120905
         745000        5.00849      0.0121043
         746000         5.0094      0.0121221
         747000        5.00916      0.0121082
         748000         5.0093      0.0120929
         749000        5.00905      0.0120793
         750000        5.01007      0.0121062
         751000        5.00944      0.0121064
         752000        5.00896      0.0120999
         753000        5.00936      0.0120901
         754000        5.01007      0.0120951
         755000        5.01008       0.012079
         756000        5.00968      0.0120696
         757000        5.00996      0.0120567
         758000         5.0091      0.0120711
         759000        5.00875      0.0120604
         760000        5.00936      0.0120602
         761000        5.00963      0.0120473
         762000         5.0097      0.0120317
         763000        5.00908       0.012032
         764000        5.00993      0.0120459
         765000        5.01015      0.0120323
         766000        5.01061      0.0120253
         767000        5.01068      0.0120098
         768000        5.00994      0.0120173
         769000         5.0102      0.0120044
         770000        5.00956      0.0120054
         771000        5.00914      0.0119975
         772000        5.00955      0.0119892
         773000        5.00962      0.0119739
         774000        5.00879      0.0119872
         775000        5.00854      0.0119742
         776000        5.00851      0.0119588
         777000        5.00902      0.0119544
         778000        5.00926      0.0119413
         779000        5.00918      0.0119262
         780000        5.00934       0.011912
         781000        5.00823      0.0119487
         782000        5.00925      0.0119774
         783000        5.00994      0.0119818
         784000        5.00999      0.0119666
         785000        5.00982      0.0119526
         786000        5.00906      0.0119616
         787000        5.00929      0.0119486
         788000        5.00986      0.0119471
         789000        5.01044      0.0119457
         790000        5.01027      0.0119318
         791000        5.01033      0.0119168
         792000        5.01063      0.0119056
         793000        5.01062      0.0118906
         794000        5.01005      0.0118897
         795000         5.0099      0.0118756
         796000        5.00979      0.0118612
         797000        5.00958      0.0118482
         798000        5.00971       0.011834
         799000        5.00946      0.0118217
         800000        5.00922      0.0118093
         801000        5.00848      0.0118183
         802000        5.00868      0.0118053
         803000        5.00805      0.0118074
         804000        5.00831      0.0117958
         805000        5.00871      0.0117879
         806000        5.00908       0.011779
         807000        5.00863      0.0117732
         808000        5.00854      0.0117589
         809000         5.0086      0.0117445
         810000        5.00867      0.0117302
         811000        5.00954      0.0117482
         812000        5.00928      0.0117367
         813000        5.00894      0.0117272
         814000        5.00909      0.0117138
         815000        5.00985       0.011724
         816000         5.0097      0.0117106
         817000        5.01006      0.0117019
         818000        5.00988       0.011689
         819000        5.00998      0.0116751
         820000        5.00943      0.0116739
         821000        5.00957      0.0116606
         822000        5.00915       0.011654
         823000        5.00923      0.0116401
         824000        5.00885      0.0116321
         825000        5.00886       0.011618
         826000        5.00908      0.0116061
         827000        5.00853      0.0116053
         828000        5.00833      0.0115929
         829000        5.00785       0.011589
         830000        5.00748      0.0115808
         831000        5.00732       0.011568
         832000        5.00786      0.0115664
         833000        5.00857      0.0115743
         834000        5.00843      0.0115612
         835000        5.00911      0.0115671
         836000        5.00927      0.0115543
         837000        5.00885      0.0115481
         838000        5.00913      0.0115377
         839000        5.00889      0.0115262
         840000        5.00917      0.0115159
         841000        5.00937      0.0115038
         842000        5.00891      0.0114992
         843000         5.0094      0.0114962
         844000        5.00945      0.0114827
         845000        5.00935      0.0114695
         846000        5.00947      0.0114566
         847000        5.00925      0.0114452
         848000        5.00959      0.0114368
         849000        5.00979      0.0114251
         850000        5.01042      0.0114292
         851000        5.01063      0.0114175
         852000        5.01121       0.011419
         853000        5.01097      0.0114082
         854000        5.01152      0.0114083
         855000        5.01063      0.0114292
         856000        5.01102      0.0114222
         857000        5.01075      0.0114121
         858000        5.01047      0.0114021
         859000        5.01093      0.0113982
         860000        5.01094      0.0113849
         861000        5.01113      0.0113732
         862000        5.01209      0.0114008
         863000        5.01271      0.0114045
         864000        5.01279      0.0113915
         865000        5.01292       0.011379
         866000        5.01248      0.0113743
         867000         5.0123      0.0113626
         868000        5.01212       0.011351
         869000        5.01206       0.011338
         870000        5.01181      0.0113277
         871000        5.01122      0.0113303
         872000        5.01117      0.0113174
         873000        5.01069      0.0113149
         874000        5.01057      0.0113025
         875000        5.01061      0.0112897
         876000        5.01109      0.0112866
         877000        5.01155      0.0112834
         878000         5.0118      0.0112733
         879000        5.01157      0.0112629
         880000        5.01174      0.0112514
         881000        5.01156      0.0112401
         882000         5.0114      0.0112283
         883000        5.01155      0.0112166
         884000        5.01181       0.011207
         885000        5.01172      0.0111947
         886000        5.01163      0.0111824
         887000        5.01157        0.01117
         888000        5.01151      0.0111575
         889000        5.01154       0.011145
         890000        5.01117      0.0111386
         891000        5.01145      0.0111295
         892000        5.01141      0.0111171
         893000         5.0115       0.011105
         894000        5.01184      0.0110977
         895000        5.01173      0.0110858
         896000        5.01181      0.0110737
         897000        5.01237      0.0110752
         898000        5.01231       0.011063
         899000        5.01207      0.0110534
         900000        5.01159      0.0110514
         901000        5.01151      0.0110394
         902000        5.01162      0.0110278
         903000        5.01217      0.0110293
         904000        5.01204      0.0110179
         905000         5.0117       0.011011
         906000        5.01133       0.011005
         907000        5.01183      0.0110041
         908000        5.01205      0.0109943
         909000        5.01177      0.0109857
         910000        5.01174      0.0109737
         911000        5.01157       0.010963
         912000        5.01121      0.0109571
         913000        5.01101      0.0109468
         914000        5.01032      0.0109567
         915000        5.01026      0.0109449
         916000        5.01017      0.0109333
         917000         5.0101      0.0109216
         918000         5.0104      0.0109139
         919000        5.01051      0.0109026
         920000        5.01058       0.010891
         921000        5.01026      0.0108839
         922000        5.00975      0.0108843
         923000        5.00959      0.0108736
         924000        5.00933      0.0108649
         925000        5.00908      0.0108561
         926000        5.00947      0.0108513
         927000        5.00921      0.0108428
         928000        5.00918      0.0108312
         929000        5.00906      0.0108201
         930000        5.00925      0.0108103
         931000        5.00947      0.0108008
         932000        5.00902      0.0107985
         933000         5.0087      0.0107916
         934000        5.00909      0.0107872
         935000        5.00933      0.0107783
         936000        5.00924      0.0107671
         937000        5.00984      0.0107723
         938000        5.00999      0.0107619
         939000        5.00946      0.0107638
         940000        5.00917      0.0107563
         941000        5.00912       0.010745
         942000        5.00898      0.0107344
         943000        5.00879      0.0107247
         944000        5.00895      0.0107144
         945000        5.00927      0.0107079
         946000         5.0091      0.0106978
         947000        5.00929       0.010688
         948000        5.00929      0.0106768
         949000        5.00909      0.0106673
         950000        5.00931      0.0106583
         951000        5.00939      0.0106474
         952000        5.01008      0.0106584
         953000        5.01043      0.0106528
         954000        5.01012      0.0106463
         955000         5.0102      0.0106355
         956000        5.00965      0.0106388
         957000        5.00966      0.0106277
         958000        5.00938      0.0106201
         959000        5.00976      0.0106159
         960000        5.01003      0.0106081
         961000        5.01001      0.0105971
         962000        5.00964      0.0105927
         963000         5.0096      0.0105817
         964000        5.00992      0.0105755
         965000        5.01022      0.0105689
         966000        5.01035      0.0105587
         967000        5.01012      0.0105502
         968000        5.01026      0.0105402
         969000        5.01052      0.0105325
         970000        5.01033      0.0105233
         971000        5.01061       0.010516
         972000        5.01027      0.0105107
         973000        5.01035      0.0105002
         974000        5.01033      0.0104895
         975000        5.01005      0.0104826
         976000        5.00999      0.0104719
         977000        5.01052      0.0104745
         978000        5.01079      0.0104673
         979000        5.01068      0.0104572
         980000           5.01      0.0104686
         981000        5.01025       0.010461
         982000        5.00991       0.010456
         983000        5.00999      0.0104457
         984000        5.00959      0.0104429
         985000        5.01033      0.0104587
         986000        5.01006      0.0104516
         987000        5.01017      0.0104416
         988000        5.00995      0.0104333
         989000        5.00977      0.0104242
         990000        5.00953      0.0104165
         991000        5.00903       0.010418
         992000        5.00929      0.0104106
         993000        5.00977      0.0104113
         994000        5.00979      0.0104008
         995000         5.0094      0.0103975
         996000        5.00891      0.0103987
         997000        5.00832      0.0104052
         998000        5.00813      0.0103964
         999000        5.00826      0.0103867
        1000000        5.00794       0.010381
