           1000        2.08527              0
           2000        1.83831        0.24696
           3000        1.79733       0.148354
           4000        1.72701       0.126293
           5000        1.67299       0.111748
           6000        1.61915       0.105946
           7000        1.60095      0.0913708
           8000        1.56962       0.085105
           9000        1.56157       0.075486
          10000        1.56376      0.0675523
          11000        1.57332      0.0618463
          12000        1.56065      0.0578622
          13000        1.55477      0.0535497
          14000        1.53543      0.0532159
          15000        1.53167      0.0496839
          16000        1.52876       0.046566
          17000        1.51902      0.0448107
          18000        1.51983      0.0422556
          19000        1.51764      0.0400296
          20000        1.50395      0.0403683
          21000        1.49781      0.0388856
          22000        1.49922      0.0371027
          23000        1.49189      0.0362008
          24000        1.49166      0.0346605
          25000        1.49212      0.0332484
          26000        1.48537      0.0326498
          27000        1.49391      0.0325579
          28000        1.50076      0.0321123
          29000        1.50777       0.031767
          30000        1.51443      0.0314042
          31000        1.51605      0.0304174
          32000        1.51649      0.0294549
          33000         1.5118      0.0289319
          34000        1.51149      0.0280698
          35000        1.51451      0.0274233
          36000        1.51268      0.0267135
          37000        1.51047      0.0260756
          38000         1.5117      0.0254103
          39000        1.51047       0.024781
          40000        1.50739      0.0243488
          41000        1.51364      0.0245549
          42000        1.51218      0.0240072
          43000        1.50999      0.0235445
          44000        1.50742       0.023146
          45000         1.5108      0.0228764
          46000        1.51194      0.0224027
          47000        1.51341      0.0219702
          48000        1.51239      0.0215319
          49000        1.51144      0.0211094
          50000        1.51048      0.0207049
          51000        1.51012      0.0202981
          52000        1.50724       0.020111
          53000        1.50526      0.0198269
          54000         1.5051       0.019457
          55000        1.50507      0.0190999
          56000        1.50689       0.018844
          57000         1.5053      0.0185791
          58000         1.5061      0.0182734
          59000        1.50784       0.018046
          60000        1.50686      0.0177699
          61000          1.506      0.0174971
          62000        1.50551      0.0172197
          63000        1.51003      0.0175352
          64000        1.50965      0.0172633
          65000        1.51385       0.017509
          66000        1.51794       0.017718
          67000        1.51892      0.0174791
          68000        1.52106      0.0173528
          69000        1.52095      0.0170998
          70000        1.52004      0.0168785
          71000        1.51814       0.016747
          72000        1.51547      0.0167271
          73000        1.51399      0.0165627
          74000        1.51156      0.0165169
          75000        1.51145      0.0162955
          76000        1.50807      0.0164302
          77000        1.50757      0.0162233
          78000        1.50525      0.0161811
          79000        1.50457      0.0159894
          80000        1.50384      0.0158051
          81000        1.50279      0.0156438
          82000        1.50224      0.0154619
          83000         1.5018      0.0152808
          84000        1.50123      0.0151083
          85000        1.50053      0.0149458
          86000        1.49993      0.0147833
          87000        1.50035      0.0146183
          88000        1.49795      0.0146493
          89000        1.49791      0.0144838
          90000        1.49763      0.0143247
          91000        1.49798      0.0141708
          92000        1.49761      0.0140206
          93000        1.49696      0.0138842
          94000        1.49666      0.0137391
          95000        1.49475      0.0137271
          96000        1.49583      0.0136258
          97000        1.49542      0.0134907
          98000        1.49461      0.0133767
          99000        1.49705      0.0134633
         100000        1.49736      0.0133316
         101000        1.49797       0.013213
         102000        1.50037      0.0133019
         103000        1.50109      0.0131915
         104000         1.5024      0.0131297
         105000        1.50505      0.0132724
         106000         1.5056      0.0131579
         107000        1.50586      0.0130369
         108000        1.50532      0.0129267
         109000        1.50483      0.0128172
         110000         1.5051      0.0127032
         111000        1.50634      0.0126489
         112000        1.50528      0.0125805
         113000        1.50551      0.0124708
         114000        1.50573      0.0123628
         115000        1.50608        0.01226
         116000        1.50556       0.012165
         117000        1.50555      0.0120606
         118000        1.50407      0.0120501
         119000        1.50378       0.011952
         120000        1.50266      0.0119042
         121000        1.50319      0.0118171
         122000        1.50216       0.011765
         123000        1.50209      0.0116692
         124000        1.50358      0.0116703
         125000        1.50354      0.0115767
         126000        1.50317      0.0114904
         127000        1.50389      0.0114221
         128000        1.50498      0.0113843
         129000        1.50408      0.0113315
         130000        1.50509      0.0112895
         131000        1.50491      0.0112044
         132000        1.50353      0.0112049
         133000        1.50439      0.0111535
         134000        1.50415      0.0110725
         135000        1.50378      0.0109964
         136000        1.50384      0.0109154
         137000         1.5045       0.010855
         138000        1.50541       0.010815
         139000        1.50745       0.010929
         140000        1.50715       0.010855
         141000        1.50574      0.0108692
         142000        1.50703      0.0108695
         143000        1.50552      0.0108982
         144000        1.50432      0.0108887
         145000        1.50334       0.010858
         146000        1.50251      0.0108151
         147000        1.50373      0.0108099
         148000        1.50397      0.0107394
         149000        1.50461      0.0106859
         150000        1.50388      0.0106392
         151000        1.50375      0.0105694
         152000        1.50376      0.0104996
         153000        1.50397      0.0104329
         154000        1.50394       0.010365
         155000        1.50635      0.0105749
         156000        1.50596       0.010514
         157000        1.50623      0.0104503
         158000        1.50517      0.0104376
         159000        1.50498      0.0103734
         160000        1.50484      0.0103094
         161000         1.5059      0.0102993
         162000        1.50524      0.0102561
         163000        1.50626      0.0102431
         164000        1.50617      0.0101808
         165000        1.50473      0.0102206
         166000        1.50408      0.0101794
         167000        1.50423      0.0101194
         168000        1.50419       0.010059
         169000        1.50317      0.0100512
         170000        1.50235      0.0100259
         171000         1.5026      0.0099703
         172000        1.50104      0.0100347
         173000        1.50114     0.00997707
         174000         1.5009     0.00992251
         175000        1.50107     0.00986709
         176000        1.49995     0.00987408
         177000        1.49875     0.00989177
         178000        1.49917     0.00984498
         179000        1.49922     0.00978996
         180000        1.49908     0.00973646
         181000        1.49838     0.00970726
         182000        1.49809     0.00965821
         183000        1.49878      0.0096303
         184000        1.49997     0.00965043
         185000        1.50029     0.00960366
         186000        1.49977     0.00956613
         187000        1.50075     0.00956484
         188000        1.50126     0.00952776
         189000        1.50063     0.00949799
         190000        1.50066     0.00944791
         191000        1.49937     0.00948649
         192000        1.49909     0.00944128
         193000        1.49817     0.00943686
         194000         1.4983     0.00938894
         195000         1.4972     0.00940471
         196000        1.49888     0.00950638
         197000        1.49885     0.00945803
         198000        1.49805     0.00944491
         199000        1.49761      0.0094075
         200000        1.49801     0.00936883
         201000        1.49831     0.00932688
         202000        1.49839     0.00928095
         203000        1.49762     0.00926665
         204000        1.49865     0.00927865
         205000        1.49958     0.00927932
         206000         1.4984     0.00930931
         207000        1.49767     0.00929257
         208000        1.49905      0.0093495
         209000        1.49913     0.00930502
         210000        1.50019     0.00932133
         211000        1.49952     0.00930116
         212000        1.49928     0.00926042
         213000        1.49865     0.00923826
         214000        1.49834     0.00920026
         215000        1.49745     0.00920062
         216000        1.49717     0.00916223
         217000        1.49758     0.00912911
         218000        1.49787     0.00909185
         219000         1.4982     0.00905619
         220000        1.49724     0.00906584
         221000        1.49643     0.00906093
         222000        1.49727     0.00905884
         223000         1.4975     0.00902117
         224000        1.49694     0.00899815
         225000        1.49671     0.00896106
         226000        1.49689     0.00892316
         227000        1.49754     0.00890734
         228000        1.49702     0.00888331
         229000         1.4967     0.00885029
         230000        1.49589     0.00884855
         231000        1.49612     0.00881303
         232000        1.49615     0.00877501
         233000         1.4963     0.00873865
         234000        1.49594     0.00870875
         235000        1.49598      0.0086717
         236000        1.49644     0.00864696
         237000        1.49593     0.00862542
         238000        1.49526     0.00861489
         239000        1.49474     0.00859487
         240000        1.49594     0.00864362
         241000        1.49562     0.00861387
         242000        1.49519      0.0085887
         243000        1.49519     0.00855328
         244000        1.49567     0.00853176
         245000        1.49551     0.00849848
         246000         1.4965     0.00852212
         247000        1.49665     0.00848884
         248000        1.49619     0.00846692
         249000        1.49566     0.00844951
         250000         1.4975     0.00861455
         251000         1.4975     0.00858016
         252000        1.49694     0.00856418
         253000        1.49761     0.00855636
         254000        1.49734     0.00852663
         255000        1.49826     0.00854198
         256000        1.49914     0.00855411
         257000         1.4985      0.0085443
         258000        1.49915     0.00853554
         259000         1.5011     0.00872311
         260000            1.5     0.00875859
         261000        1.50051     0.00874005
         262000        1.49978     0.00873741
         263000        1.50088     0.00877282
         264000        1.50011     0.00877285
         265000        1.50002     0.00874014
         266000        1.49956     0.00871975
         267000        1.50029      0.0087178
         268000        1.50078     0.00869909
         269000        1.50037     0.00867641
         270000        1.49964     0.00867477
         271000        1.50011     0.00865521
         272000        1.49949      0.0086451
         273000        1.49932     0.00861513
         274000        1.49914     0.00858548
         275000        1.49857     0.00857314
         276000        1.49938     0.00858014
         277000        1.49917     0.00855176
         278000        1.49972     0.00853894
         279000        1.49946     0.00851223
         280000        1.49939     0.00848212
         281000        1.49889     0.00846641
         282000        1.49838     0.00845183
         283000        1.49897     0.00844282
         284000        1.49873      0.0084166
         285000        1.49848     0.00839073
         286000        1.49801     0.00837443
         287000        1.49888     0.00839085
         288000        1.49892     0.00836176
         289000        1.49853     0.00834214
         290000        1.49809      0.0083249
         291000        1.49743     0.00832233
         292000        1.49708     0.00830105
         293000        1.49666     0.00828345
         294000         1.4966     0.00825547
         295000          1.498     0.00834578
         296000        1.49679     0.00840503
         297000        1.49641     0.00838522
         298000        1.49684     0.00836819
         299000        1.49655     0.00834527
         300000        1.49608     0.00833085
         301000        1.49641     0.00830994
         302000         1.4966      0.0082845
         303000          1.496     0.00827928
         304000        1.49554     0.00826483
         305000        1.49457     0.00829418
         306000        1.49423     0.00827419
         307000        1.49454     0.00825335
         308000        1.49365     0.00827485
         309000        1.49338     0.00825264
         310000        1.49381     0.00823737
         311000        1.49408     0.00821546
         312000        1.49487     0.00822651
         313000        1.49427     0.00822195
         314000        1.49364     0.00821952
         315000        1.49387     0.00819659
         316000        1.49342     0.00818326
         317000        1.49301     0.00816757
         318000        1.49251     0.00815711
         319000        1.49283     0.00813765
         320000        1.49388     0.00818006
         321000        1.49454     0.00818132
         322000        1.49399     0.00817436
         323000        1.49406     0.00814933
         324000        1.49447     0.00813449
         325000        1.49535     0.00815616
         326000        1.49558     0.00813435
         327000        1.49605     0.00812302
         328000        1.49609     0.00809832
         329000        1.49609     0.00807367
         330000        1.49617     0.00804965
         331000        1.49705     0.00807251
         332000        1.49685     0.00805046
         333000        1.49721     0.00803426
         334000        1.49761     0.00802009
         335000        1.49712     0.00801099
         336000         1.4966     0.00800413
         337000        1.49615     0.00799286
         338000        1.49633     0.00797115
         339000         1.4963     0.00794767
         340000        1.49617     0.00792534
         341000        1.49674      0.0079226
         342000         1.4967     0.00789951
         343000         1.4965     0.00787892
         344000        1.49632     0.00785805
         345000        1.49675     0.00784726
         346000        1.49621     0.00784379
         347000         1.4965     0.00782654
         348000        1.49726     0.00784118
         349000        1.49748     0.00782193
         350000        1.49684     0.00782583
         351000        1.49648     0.00781187
         352000        1.49596     0.00780722
         353000        1.49565     0.00779128
         354000        1.49596     0.00777538
         355000        1.49671     0.00779028
         356000        1.49704     0.00777505
         357000        1.49614     0.00780487
         358000        1.49678      0.0078095
         359000        1.49643     0.00779543
         360000        1.49765      0.0078677
         361000        1.49715     0.00786179
         362000        1.49676     0.00784942
         363000        1.49671     0.00782795
         364000        1.49667     0.00780649
         365000        1.49762     0.00784213
         366000        1.49731     0.00782658
         367000         1.4968     0.00782227
         368000        1.49617     0.00782661
         369000        1.49564     0.00782315
         370000        1.49531     0.00780906
         371000        1.49551     0.00779074
         372000         1.4949     0.00779429
         373000         1.4947     0.00777573
         374000        1.49481     0.00775563
         375000        1.49521     0.00774543
         376000        1.49553     0.00773124
         377000        1.49489     0.00773722
         378000          1.495     0.00771749
         379000        1.49532     0.00770389
         380000        1.49519     0.00768474
         381000        1.49535      0.0076663
         382000        1.49522     0.00764726
         383000        1.49498     0.00763119
         384000        1.49448     0.00762804
         385000        1.49476     0.00761364
         386000        1.49486     0.00759452
         387000        1.49497     0.00757561
         388000        1.49516     0.00755859
         389000        1.49573     0.00756088
         390000        1.49578     0.00754159
         391000        1.49537     0.00753307
         392000        1.49496     0.00752529
         393000        1.49511     0.00750754
         394000        1.49514     0.00748856
         395000        1.49554     0.00747982
         396000        1.49543     0.00746161
         397000        1.49539     0.00744291
         398000        1.49547     0.00742461
         399000        1.49538     0.00740653
         400000        1.49526     0.00738895
         401000        1.49503     0.00737415
         402000        1.49477     0.00736058
         403000        1.49461      0.0073439
         404000        1.49469     0.00732607
         405000        1.49435     0.00731551
         406000        1.49424     0.00729832
         407000        1.49424     0.00728037
         408000        1.49399      0.0072668
         409000        1.49395     0.00724915
         410000        1.49423     0.00723713
         411000        1.49415     0.00721995
         412000        1.49417     0.00720243
         413000        1.49414     0.00718503
         414000        1.49422     0.00716813
         415000        1.49508     0.00720201
         416000        1.49532     0.00718868
         417000        1.49505     0.00717657
         418000        1.49487     0.00716169
         419000        1.49494     0.00714493
         420000        1.49524     0.00713436
         421000        1.49515     0.00711806
         422000         1.4951     0.00710133
         423000        1.49603     0.00714489
         424000        1.49589     0.00712923
         425000        1.49654     0.00714169
         426000        1.49698     0.00713831
         427000        1.49665     0.00712926
         428000        1.49671     0.00711288
         429000        1.49688     0.00709818
         430000        1.49697     0.00708228
         431000        1.49696     0.00706583
         432000        1.49698     0.00704947
         433000        1.49711     0.00703441
         434000        1.49701     0.00701887
         435000        1.49718     0.00700475
         436000         1.4972     0.00698868
         437000        1.49716     0.00697276
         438000        1.49705     0.00695773
         439000        1.49662     0.00695477
         440000        1.49684     0.00694226
         441000        1.49667     0.00692865
         442000        1.49648     0.00691536
         443000        1.49669     0.00690274
         444000        1.49658     0.00688802
         445000        1.49716     0.00689738
         446000         1.4967     0.00689731
         447000        1.49668     0.00688189
         448000        1.49613      0.0068887
         449000        1.49558     0.00689588
         450000        1.49588     0.00688722
         451000        1.49576     0.00687297
         452000         1.4954     0.00686715
         453000        1.49542     0.00685199
         454000        1.49535     0.00683719
         455000        1.49531     0.00682228
         456000        1.49514     0.00680938
         457000        1.49467     0.00681087
         458000        1.49499     0.00680346
         459000        1.49477     0.00679207
         460000        1.49483     0.00677757
         461000         1.4952     0.00677258
         462000        1.49465     0.00678024
         463000         1.4949     0.00677041
         464000        1.49487      0.0067559
         465000         1.4947     0.00674327
         466000        1.49466     0.00672895
         467000        1.49495      0.0067208
         468000        1.49511     0.00670839
         469000        1.49513     0.00669409
         470000        1.49494     0.00668244
         471000        1.49504     0.00666895
         472000        1.49508     0.00665493
         473000         1.4947     0.00665148
         474000        1.49497     0.00664261
         475000        1.49494     0.00662866
         476000        1.49558     0.00664551
         477000         1.4955     0.00663208
         478000        1.49546     0.00661829
         479000        1.49495      0.0066242
         480000        1.49498     0.00661048
         481000        1.49532     0.00660503
         482000        1.49609     0.00663719
         483000        1.49582     0.00662896
         484000        1.49569     0.00661663
         485000        1.49563     0.00660323
         486000        1.49618     0.00661241
         487000        1.49619     0.00659882
         488000        1.49618      0.0065853
         489000        1.49614      0.0065719
         490000        1.49591     0.00656257
         491000        1.49642     0.00656899
         492000        1.49648     0.00655588
         493000          1.497     0.00656294
         494000        1.49726     0.00655507
         495000        1.49712     0.00654336
         496000        1.49725     0.00653153
         497000        1.49705     0.00652144
         498000        1.49761     0.00653167
         499000         1.4977     0.00651923
         500000        1.49759     0.00650714
         501000         1.4974     0.00649679
         502000        1.49672     0.00651928
         503000        1.49677     0.00650649
         504000        1.49663     0.00649512
         505000        1.49641     0.00648595
         506000        1.49625      0.0064752
         507000        1.49575     0.00648107
         508000        1.49584     0.00646892
         509000        1.49583     0.00645623
         510000        1.49536     0.00646055
         511000        1.49529     0.00644822
         512000        1.49558     0.00644226
         513000        1.49522     0.00643984
         514000        1.49509     0.00642868
         515000        1.49514     0.00641638
         516000         1.4955     0.00641427
         517000        1.49585     0.00641126
         518000        1.49559     0.00640428
         519000        1.49536     0.00639597
         520000        1.49525     0.00638459
         521000        1.49513     0.00637341
         522000        1.49498     0.00636297
         523000        1.49517     0.00635364
         524000        1.49496     0.00634496
         525000        1.49437     0.00636061
         526000        1.49457     0.00635173
         527000        1.49473     0.00634165
         528000        1.49435     0.00634122
         529000        1.49419     0.00633105
         530000        1.49381      0.0063309
         531000        1.49385     0.00631913
         532000        1.49391     0.00630754
         533000        1.49474     0.00635022
         534000         1.4949     0.00634016
         535000        1.49475     0.00633004
         536000         1.4946        0.00632
         537000        1.49454     0.00630851
         538000        1.49495     0.00631015
         539000        1.49535     0.00631136
         540000        1.49521     0.00630132
         541000        1.49582     0.00631892
         542000        1.49596     0.00630892
         543000        1.49576     0.00630041
         544000        1.49559      0.0062913
         545000        1.49579     0.00628303
         546000        1.49614     0.00628115
         547000         1.4962     0.00626996
         548000        1.49641     0.00626223
         549000        1.49628     0.00625234
         550000        1.49609     0.00624373
         551000        1.49582     0.00623808
         552000        1.49565     0.00622906
         553000        1.49551     0.00621959
         554000        1.49586      0.0062185
         555000        1.49596     0.00620805
         556000        1.49595     0.00619689
         557000        1.49582     0.00618701
         558000        1.49575     0.00617639
         559000        1.49588     0.00616678
         560000        1.49591     0.00615584
         561000        1.49577     0.00614639
         562000        1.49541     0.00614609
         563000        1.49523     0.00613792
         564000        1.49528     0.00612725
         565000        1.49556     0.00612283
         566000        1.49521     0.00612228
         567000        1.49508     0.00611287
         568000        1.49492     0.00610418
         569000         1.4951     0.00609607
         570000        1.49513     0.00608545
         571000        1.49482     0.00608234
         572000        1.49492      0.0060725
         573000        1.49516     0.00606643
         574000        1.49536      0.0060594
         575000        1.49514     0.00605293
         576000        1.49539      0.0060475
         577000         1.4957     0.00604475
         578000        1.49592     0.00603859
         579000        1.49594     0.00602817
         580000        1.49596     0.00601781
         581000        1.49602     0.00600771
         582000        1.49639     0.00600918
         583000        1.49662     0.00600315
         584000        1.49666     0.00599299
         585000        1.49655     0.00598375
         586000        1.49621      0.0059832
         587000        1.49617     0.00597316
         588000        1.49612     0.00596319
         589000        1.49613     0.00595307
         590000        1.49583     0.00595053
         591000        1.49585     0.00594048
         592000        1.49598     0.00593194
         593000         1.4962      0.0059261
         594000        1.49623     0.00591616
         595000        1.49657     0.00591594
         596000        1.49659     0.00590605
         597000        1.49608     0.00591849
         598000        1.49605     0.00590863
         599000        1.49618     0.00590007
         600000          1.496     0.00589292
         601000        1.49586      0.0058848
         602000         1.4958     0.00587525
         603000        1.49575     0.00586578
         604000        1.49532     0.00587148
         605000        1.49508     0.00586665
         606000        1.49482     0.00586308
         607000        1.49505      0.0058582
         608000        1.49548      0.0058642
         609000        1.49556     0.00585511
         610000        1.49558     0.00584553
         611000        1.49516     0.00585085
         612000         1.4949      0.0058469
         613000        1.49486     0.00583749
         614000        1.49468     0.00583086
         615000        1.49495     0.00582788
         616000        1.49516     0.00582196
         617000        1.49525     0.00581332
         618000        1.49525     0.00580391
         619000        1.49558     0.00580377
         620000        1.49521     0.00580599
         621000        1.49509     0.00579793
         622000        1.49561     0.00581233
         623000        1.49568     0.00580333
         624000         1.4955     0.00579661
         625000        1.49555     0.00578754
         626000        1.49547     0.00577888
         627000        1.49511     0.00578067
         628000        1.49501     0.00577245
         629000        1.49503     0.00576331
         630000        1.49477     0.00575991
         631000        1.49506     0.00575817
         632000        1.49555     0.00576913
         633000        1.49563      0.0057606
         634000        1.49587     0.00575674
         635000        1.49585     0.00574771
         636000        1.49579     0.00573894
         637000        1.49545     0.00574045
         638000        1.49529     0.00573347
         639000        1.49529     0.00572449
         640000        1.49578      0.0057365
         641000        1.49613      0.0057383
         642000        1.49622     0.00573005
         643000        1.49632     0.00572196
         644000        1.49634     0.00571311
         645000        1.49641      0.0057047
         646000        1.49605     0.00570724
         647000         1.4959     0.00570044
         648000        1.49619     0.00569892
         649000        1.49596     0.00569463
         650000        1.49585     0.00568708
         651000        1.49597     0.00567975
         652000        1.49579     0.00567388
         653000        1.49579     0.00566519
         654000        1.49565     0.00565824
         655000        1.49574     0.00565023
         656000        1.49575     0.00564161
         657000        1.49567     0.00563352
         658000        1.49549     0.00562797
         659000        1.49539     0.00562036
         660000        1.49526      0.0056133
         661000        1.49499     0.00561115
         662000        1.49496     0.00560277
         663000        1.49508     0.00559557
         664000        1.49516     0.00558767
         665000        1.49606     0.00565272
         666000        1.49599     0.00564475
         667000        1.49593     0.00563658
         668000          1.496     0.00562856
         669000        1.49584     0.00562246
         670000        1.49589     0.00561437
         671000         1.4957     0.00560946
         672000        1.49565     0.00560129
         673000        1.49575     0.00559387
         674000        1.49563     0.00558682
         675000        1.49531     0.00558813
         676000        1.49533     0.00557989
         677000        1.49544     0.00557276
         678000        1.49546     0.00556459
         679000        1.49546     0.00555639
         680000        1.49512      0.0055583
         681000        1.49502     0.00555104
         682000        1.49525     0.00554769
         683000        1.49525     0.00553956
         684000        1.49489     0.00554315
         685000        1.49484     0.00553536
         686000        1.49484     0.00552729
         687000        1.49464     0.00552306
         688000        1.49499     0.00552641
         689000        1.49518     0.00552168
         690000        1.49503     0.00551591
         691000        1.49491     0.00550921
         692000         1.4947     0.00550511
         693000         1.4944     0.00550508
         694000        1.49447     0.00549758
         695000        1.49447     0.00548967
         696000        1.49429     0.00548489
         697000        1.49422      0.0054774
         698000        1.49431     0.00547026
         699000        1.49439     0.00546301
         700000        1.49414     0.00546104
         701000        1.49424     0.00545417
         702000        1.49437     0.00544785
         703000        1.49434     0.00544016
         704000        1.49431     0.00543251
         705000        1.49429     0.00542483
         706000        1.49396      0.0054275
         707000        1.49363     0.00542972
         708000        1.49429     0.00546221
         709000        1.49428     0.00545451
         710000        1.49423     0.00544703
         711000        1.49454     0.00544801
         712000        1.49453     0.00544036
         713000        1.49457     0.00543285
         714000        1.49447     0.00542607
         715000        1.49456     0.00541915
         716000        1.49444     0.00541279
         717000        1.49468     0.00541037
         718000        1.49451     0.00540532
         719000        1.49477      0.0054037
         720000        1.49474     0.00539623
         721000        1.49495     0.00539278
         722000        1.49482     0.00538684
         723000        1.49468     0.00538127
         724000        1.49458      0.0053747
         725000        1.49439     0.00537082
         726000         1.4941     0.00537129
         727000        1.49401      0.0053647
         728000        1.49414     0.00535892
         729000        1.49444     0.00535997
         730000        1.49428     0.00535492
         731000        1.49423     0.00534785
         732000        1.49399     0.00534584
         733000        1.49387     0.00533979
         734000        1.49386     0.00533254
         735000        1.49371     0.00532727
         736000        1.49364     0.00532056
         737000        1.49346     0.00531613
         738000        1.49361     0.00531097
         739000        1.49398     0.00531633
         740000        1.49395     0.00530921
         741000         1.4938     0.00530417
         742000        1.49382     0.00529704
         743000        1.49351      0.0052985
         744000        1.49361     0.00529227
         745000        1.49371     0.00528599
         746000        1.49392     0.00528334
         747000        1.49422     0.00528473
         748000          1.494     0.00528227
         749000        1.49401     0.00527522
         750000        1.49393     0.00526879
         751000        1.49369     0.00526739
         752000         1.4937     0.00526039
         753000        1.49401     0.00526239
         754000         1.4941     0.00525625
         755000        1.49398     0.00525064
         756000        1.49395     0.00524381
         757000        1.49381     0.00523865
         758000        1.49387     0.00523204
         759000         1.4937     0.00522782
         760000        1.49371     0.00522094
         761000        1.49396     0.00522053
         762000        1.49393     0.00521382
         763000        1.49409     0.00520951
         764000        1.49402      0.0052031
         765000        1.49375     0.00520319
         766000        1.49385     0.00519727
         767000        1.49371     0.00519242
         768000        1.49377     0.00518604
         769000        1.49372     0.00517955
         770000        1.49364     0.00517346
         771000        1.49342     0.00517119
         772000        1.49319     0.00516981
         773000         1.4928     0.00517754
         774000        1.49304     0.00517626
         775000        1.49301     0.00516966
         776000        1.49306     0.00516326
         777000        1.49323     0.00515939
         778000        1.49327     0.00515291
         779000        1.49355     0.00515407
         780000        1.49368     0.00514901
         781000        1.49359     0.00514329
         782000        1.49378     0.00514024
         783000        1.49364     0.00513561
         784000        1.49362     0.00512907
         785000        1.49364     0.00512254
         786000        1.49373     0.00511696
         787000        1.49358     0.00511271
         788000        1.49358     0.00510622
         789000        1.49353     0.00509994
         790000        1.49348     0.00509378
         791000        1.49376     0.00509505
         792000        1.49365     0.00508979
         793000        1.49372     0.00508389
         794000        1.49369     0.00507756
         795000        1.49357     0.00507253
         796000        1.49365     0.00506677
         797000        1.49365     0.00506042
         798000        1.49346      0.0050576
         799000        1.49362     0.00505386
         800000        1.49353     0.00504832
         801000        1.49357     0.00504218
         802000        1.49326     0.00504567
         803000        1.49313     0.00504094
         804000        1.49309     0.00503488
         805000        1.49289     0.00503225
         806000        1.49289     0.00502601
         807000        1.49304     0.00502204
         808000        1.49293     0.00501695
         809000        1.49282     0.00501196
         810000        1.49266     0.00500826
         811000        1.49266     0.00500208
         812000        1.49286     0.00499972
         813000        1.49282     0.00499372
         814000         1.4928     0.00498761
         815000        1.49281     0.00498149
         816000         1.4929     0.00497614
         817000        1.49292     0.00497011
         818000        1.49291     0.00496404
         819000        1.49274     0.00496076
         820000        1.49256     0.00495797
         821000        1.49243     0.00495367
         822000        1.49216     0.00495535
         823000        1.49185     0.00495847
         824000        1.49162     0.00495794
         825000        1.49176     0.00495387
         826000         1.4916     0.00495039
         827000        1.49179     0.00494785
         828000        1.49175     0.00494199
         829000        1.49171     0.00493624
         830000        1.49165     0.00493065
         831000        1.49149     0.00492719
         832000        1.49153     0.00492145
         833000        1.49152     0.00491556
         834000        1.49167     0.00491211
         835000        1.49167     0.00490622
         836000        1.49177     0.00490133
         837000        1.49147     0.00490463
         838000        1.49136     0.00490001
         839000        1.49154     0.00489733
         840000        1.49142     0.00489293
         841000        1.49141     0.00488712
         842000        1.49132     0.00488215
         843000         1.4914     0.00487702
         844000        1.49143     0.00487133
         845000        1.49158     0.00486792
         846000        1.49157     0.00486217
         847000        1.49165     0.00485713
         848000         1.4915     0.00485398
         849000        1.49171     0.00485311
         850000        1.49168     0.00484751
         851000        1.49143     0.00484837
         852000        1.49123     0.00484663
         853000        1.49125     0.00484098
         854000        1.49117     0.00483601
         855000        1.49161     0.00485032
         856000        1.49151     0.00484565
         857000        1.49152        0.00484
         858000        1.49156     0.00483452
         859000        1.49144     0.00483036
         860000        1.49171     0.00483214
         861000        1.49171     0.00482653
         862000        1.49167     0.00482105
         863000        1.49213     0.00483704
         864000        1.49217     0.00483164
         865000        1.49223     0.00482643
         866000        1.49229     0.00482116
         867000        1.49223     0.00481591
         868000        1.49233      0.0048113
         869000        1.49255     0.00481117
         870000        1.49227     0.00481433
         871000        1.49226      0.0048088
         872000        1.49202     0.00480925
         873000        1.49188     0.00480576
         874000        1.49195     0.00480071
         875000        1.49187     0.00479586
         876000        1.49187     0.00479038
         877000        1.49197     0.00478593
         878000        1.49174     0.00478579
         879000        1.49181     0.00478078
         880000        1.49177     0.00477549
         881000        1.49195     0.00477367
         882000        1.49201      0.0047686
         883000        1.49243     0.00478192
         884000        1.49241     0.00477654
         885000        1.49232     0.00477218
         886000        1.49222     0.00476768
         887000        1.49194     0.00477068
         888000        1.49182     0.00476675
         889000        1.49173     0.00476223
         890000        1.49158     0.00475935
         891000        1.49174     0.00475676
         892000        1.49177     0.00475152
         893000        1.49172     0.00474651
         894000        1.49154     0.00474454
         895000        1.49143     0.00474046
         896000        1.49138     0.00473545
         897000        1.49159     0.00473484
         898000        1.49157      0.0047296
         899000        1.49148     0.00472526
         900000        1.49148     0.00472001
         901000        1.49145     0.00471484
         902000        1.49129     0.00471242
         903000        1.49112     0.00471027
         904000        1.49108     0.00470526
         905000        1.49089     0.00470384
         906000        1.49073     0.00470112
         907000        1.49054     0.00469981
         908000        1.49086     0.00470548
         909000        1.49088     0.00470034
         910000        1.49075      0.0046971
         911000         1.4907     0.00469219
         912000         1.4908     0.00468805
         913000        1.49096     0.00468593
         914000        1.49092     0.00468097
         915000        1.49101     0.00467673
         916000        1.49079     0.00467704
         917000        1.49074     0.00467224
         918000        1.49058     0.00466972
         919000        1.49053      0.0046649
         920000        1.49095     0.00467835
         921000        1.49079     0.00467596
         922000        1.49105     0.00467842
         923000        1.49094     0.00467465
         924000          1.491     0.00466997
         925000        1.49101     0.00466493
         926000        1.49097     0.00466014
         927000        1.49106     0.00465615
         928000        1.49115     0.00465198
         929000        1.49112     0.00464711
         930000        1.49121     0.00464311
         931000         1.4912     0.00463813
         932000         1.4914     0.00463728
         933000        1.49135     0.00463251
         934000        1.49133     0.00462761
         935000        1.49114     0.00462662
         936000        1.49116     0.00462171
         937000        1.49118     0.00461684
         938000          1.491     0.00461545
         939000        1.49094     0.00461094
         940000        1.49083     0.00460732
         941000        1.49088     0.00460272
         942000        1.49087     0.00459784
         943000        1.49111     0.00459889
         944000        1.49118     0.00459457
         945000          1.491      0.0045931
         946000        1.49078      0.0045938
         947000        1.49087     0.00458986
         948000         1.4907     0.00458804
         949000        1.49074     0.00458335
         950000        1.49059     0.00458086
         951000        1.49062     0.00457613
         952000        1.49059      0.0045714
         953000        1.49058     0.00456663
         954000        1.49046     0.00456341
         955000        1.49079     0.00457067
         956000        1.49069     0.00456688
         957000        1.49057     0.00456365
         958000        1.49049     0.00455968
         959000        1.49051     0.00455497
         960000        1.49064     0.00455197
         961000        1.49062     0.00454728
         962000        1.49039     0.00454796
         963000        1.49038     0.00454326
         964000        1.49011     0.00454622
         965000        1.49016     0.00454173
         966000        1.49026     0.00453817
         967000        1.48995     0.00454402
         968000        1.48982     0.00454115
         969000        1.49001      0.0045403
         970000         1.4898     0.00454044
         971000        1.48976     0.00453598
         972000        1.48971     0.00453151
         973000        1.48977     0.00452726
         974000        1.48966     0.00452394
         975000        1.48963     0.00451943
         976000        1.48943     0.00451921
         977000         1.4896     0.00451761
         978000        1.48958       0.004513
         979000         1.4896     0.00450843
         980000        1.48976     0.00450668
         981000        1.48979     0.00450216
         982000        1.48985     0.00449792
         983000         1.4898     0.00449362
         984000         1.4898     0.00448905
         985000        1.48989     0.00448529
         986000        1.49003     0.00448291
         987000        1.49002     0.00447837
         988000        1.49009     0.00447438
         989000        1.49002     0.00447042
         990000        1.48996     0.00446634
         991000        1.49015     0.00446611
         992000        1.49039     0.00446805
         993000        1.49018     0.00446842
         994000         1.4903     0.00446553
         995000        1.49047     0.00446411
         996000        1.49038     0.00446043
         997000        1.49014     0.00446255
         998000        1.48991     0.00446391
         999000        1.48975     0.00446226
        1000000        1.48952     0.00446393
