-0.348428   -0.480744   0.499522
-0.0644244   -0.319067   -0.0417103
0.153046   0.0107703   0.25537
-0.415782   -0.33086   0.375845
0.26993   -0.194799   0.355919
-0.222396   0.15751   -0.213303
0.231596   -0.038169   -0.440995
-0.310467   0.345847   0.408618
-0.153577   0.345283   0.334638
0.175399   -0.412792   0.36704
0.282029   -0.411974   -0.331454
0.397994   0.25198   0.322236
0.209457   -0.440741   -0.0656814
-0.233025   0.452446   0.399189
-0.0598962   0.0107367   0.312817
0.070025   -0.269596   -0.296955
-0.00589203   0.302017   0.0504242
0.267133   -0.07977   -0.23471
0.418719   -0.335412   0.464415
-0.0734016   0.369707   0.183661
-0.210631   0.221317   0.210568
0.374985   -0.250358   -0.46336
-0.480856   -0.0992648   0.417492
0.410066   -0.227142   0.144615
-0.333461   0.113204   -0.110785
0.411818   -0.490228   -0.326491
0.262791   -0.399242   0.384849
0.305642   0.03236   -0.207321
0.259968   -0.390387   0.0665304
0.0833364   0.114325   -0.257985
0.436795   -0.149812   -0.218809
0.319319   -0.0175679   -0.0141199
-0.228812   0.038807   -0.0464035
-0.428811   0.48476   -0.381051
-0.266135   0.397599   0.272377
0.0016886   0.129814   0.164513
-0.292155   -0.0991657   0.198677
-0.428271   0.300848   0.415008
-0.106813   -0.0572102   0.119531
-0.238445   0.382559   0.0543108
-0.0294388   -0.467154   -0.45289
-0.167859   0.0956069   -0.334649
-0.154191   -0.323938   -0.112655
-0.118822   -0.242509   -0.186768
-0.0879061   -0.0470791   -0.486898
0.475105   0.160216   -0.313794
-0.0396671   -0.42579   -0.0602804
0.287154   -0.267903   0.280297
-0.100144   -0.449043   0.233574
-0.262595   -0.27411   -0.370269
0.443915   0.472417   0.122997
-0.304334   0.470008   0.315463
-0.298061   -0.335723   0.38297
-0.111044   0.49428   -0.0754504
0.374845   0.410125   0.274698
-0.175491   0.00598765   -0.10732
-0.0549425   0.200852   -0.341004
0.239964   0.368474   0.294061
-0.23004   -0.416884   -0.486858
-0.0120397   -0.127637   -0.0639384
0.445512   0.404666   0.360658
-0.062201   0.0534291   -0.246662
-0.107059   0.251036   -0.262809
0.49107   -0.434927   0.427461
-0.430431   -0.0812386   -0.14807
-0.0840557   -0.156394   0.0439256
0.482203   0.0055753   -0.0751754
-0.172851   -0.223796   -0.336616
-0.230128   -0.370426   -0.355204
-0.141087   0.137158   0.278347
0.358953   0.0663266   0.474373
-0.183415   0.304999   0.416324
-0.287787   -0.0405229   0.0335875
0.32908   0.325   0.440475
-0.360682   -0.327821   -0.103153
-0.427466   0.0424617   -0.261576
0.2053   -0.108417   -0.292859
0.113473   -0.435559   0.0226498
0.495803   -0.213181   0.275703
-0.150386   -0.404898   0.471339
0.302348   0.194008   0.283227
0.454889   -0.0462137   0.095628
0.0429927   -0.292266   -0.0131266
0.27514   -0.245407   0.460528
0.0752697   -0.432108   -0.0699241
-0.332232   -0.376621   -0.0398946
0.43162   0.446884   -0.129061
0.216699   -0.0737574   -0.159867
-0.335144   -0.262002   0.222032
-0.308835   0.124951   -0.484225
-0.155458   -0.387657   -0.411602
0.10375   0.464348   0.0538008
0.369805   0.244687   0.411304
-0.141758   0.304942   0.0645228
0.419727   0.298681   0.390432
-0.266409   -0.192976   0.192301
-0.0886524   0.321807   0.00219623
-0.0843303   -0.236832   -0.0255208
-0.317223   -0.336754   0.133264
-0.208294   -0.0995933   -0.175237
0.387414   0.142966   0.264952
0.42086   0.292575   -0.359924
-0.177816   0.463831   -0.159421
-0.153329   -0.11514   -0.260245
-0.320301   -0.414347   0.0562001
0.457166   -0.105907   0.312824
0.210663   0.237138   -0.395369
-0.353366   0.437279   0.0323592
