1       -7.54701       -6.60164
21        3.72012       -2.61299
4        4.10058       -8.27986
20      0.0371557       -9.51432
9       -4.41534       0.917158
8       -6.63351        1.44877
15       -4.84213       -5.21464
10       -9.65397        1.66357
14      -0.417242      -0.114806
29        8.37711        8.79751
12       -5.33686       -6.13414
5        3.12037        8.10967
27        5.31528        9.40534
22        3.03909       -5.72297
18       -8.32092       -6.81482
16      -0.564068        1.69834
2        4.59299       -3.37669
23         3.5676       -8.03571
7        5.52096       -9.57725
30        6.26571       -9.64115
32        4.26846       -7.76446
17        2.33619        1.60937
3      -0.457706        1.43669
19        8.63731        5.08103
28        -5.4778        9.89221
11       -8.70714        5.09307
26       -8.94478       -0.92985
13      -0.135474        5.12095
24        -7.5808        3.60274
31       -7.32392       -8.93041
25        1.54538         6.8001
6       -2.57007        6.73133
1       -7.54701       -6.60164
1       -7.54701       -6.60164
15       -4.84213       -5.21464
28        -5.4778        9.89221
19        8.63731        5.08103
32        4.26846       -7.76446
20      0.0371557       -9.51432
30        6.26571       -9.64115
23         3.5676       -8.03571
4        4.10058       -8.27986
12       -5.33686       -6.13414
16      -0.564068        1.69834
5        3.12037        8.10967
13      -0.135474        5.12095
6       -2.57007        6.73133
11       -8.70714        5.09307
26       -8.94478       -0.92985
14      -0.417242      -0.114806
8       -6.63351        1.44877
10       -9.65397        1.66357
18       -8.32092       -6.81482
31       -7.32392       -8.93041
7        5.52096       -9.57725
22        3.03909       -5.72297
2        4.59299       -3.37669
21        3.72012       -2.61299
25        1.54538         6.8001
27        5.31528        9.40534
29        8.37711        8.79751
3      -0.457706        1.43669
17        2.33619        1.60937
9       -4.41534       0.917158
24        -7.5808        3.60274
1       -7.54701       -6.60164
1       -7.54701       -6.60164
15       -4.84213       -5.21464
26       -8.94478       -0.92985
7        5.52096       -9.57725
23         3.5676       -8.03571
30        6.26571       -9.64115
20      0.0371557       -9.51432
32        4.26846       -7.76446
4        4.10058       -8.27986
22        3.03909       -5.72297
2        4.59299       -3.37669
21        3.72012       -2.61299
31       -7.32392       -8.93041
18       -8.32092       -6.81482
12       -5.33686       -6.13414
16      -0.564068        1.69834
14      -0.417242      -0.114806
19        8.63731        5.08103
5        3.12037        8.10967
13      -0.135474        5.12095
6       -2.57007        6.73133
8       -6.63351        1.44877
10       -9.65397        1.66357
11       -8.70714        5.09307
28        -5.4778        9.89221
25        1.54538         6.8001
27        5.31528        9.40534
29        8.37711        8.79751
3      -0.457706        1.43669
17        2.33619        1.60937
9       -4.41534       0.917158
24        -7.5808        3.60274
1       -7.54701       -6.60164
1       -7.54701       -6.60164
15       -4.84213       -5.21464
12       -5.33686       -6.13414
20      0.0371557       -9.51432
30        6.26571       -9.64115
7        5.52096       -9.57725
32        4.26846       -7.76446
23         3.5676       -8.03571
4        4.10058       -8.27986
22        3.03909       -5.72297
2        4.59299       -3.37669
21        3.72012       -2.61299
14      -0.417242      -0.114806
31       -7.32392       -8.93041
18       -8.32092       -6.81482
26       -8.94478       -0.92985
16      -0.564068        1.69834
19        8.63731        5.08103
3      -0.457706        1.43669
17        2.33619        1.60937
9       -4.41534       0.917158
8       -6.63351        1.44877
10       -9.65397        1.66357
11       -8.70714        5.09307
28        -5.4778        9.89221
25        1.54538         6.8001
27        5.31528        9.40534
29        8.37711        8.79751
5        3.12037        8.10967
13      -0.135474        5.12095
6       -2.57007        6.73133
24        -7.5808        3.60274
1       -7.54701       -6.60164
1       -7.54701       -6.60164
12       -5.33686       -6.13414
15       -4.84213       -5.21464
20      0.0371557       -9.51432
23         3.5676       -8.03571
4        4.10058       -8.27986
7        5.52096       -9.57725
30        6.26571       -9.64115
32        4.26846       -7.76446
22        3.03909       -5.72297
2        4.59299       -3.37669
21        3.72012       -2.61299
14      -0.417242      -0.114806
9       -4.41534       0.917158
16      -0.564068        1.69834
3      -0.457706        1.43669
17        2.33619        1.60937
19        8.63731        5.08103
29        8.37711        8.79751
27        5.31528        9.40534
5        3.12037        8.10967
25        1.54538         6.8001
13      -0.135474        5.12095
6       -2.57007        6.73133
28        -5.4778        9.89221
11       -8.70714        5.09307
24        -7.5808        3.60274
8       -6.63351        1.44877
10       -9.65397        1.66357
26       -8.94478       -0.92985
18       -8.32092       -6.81482
31       -7.32392       -8.93041
1       -7.54701       -6.60164
1         7.4123        6.71252
9       -7.00627       -7.13527
13      -0.560722       -9.98427
3        -3.2829       -9.44577
7       -4.63743        -8.8597
32       -9.33081       -3.59665
31       -9.52085        3.05833
16        -9.5737       -2.88864
22       -1.83422       -9.83034
12         3.0221       -9.53241
6       -9.58411       -2.85391
27       -9.64629        2.63612
18       -9.91095       -1.33158
20       -9.36782       -3.49915
2        5.23785         8.5185
26       -1.75195       -9.84534
25       -9.83441        1.81228
10        6.59771       -7.51467
23        1.71011        9.85269
4       -4.04286        9.14633
19        9.94617        1.03624
5       -9.61358        2.75303
11       -6.11679        7.91106
28       -9.84546        1.75127
21        9.25722        3.78206
14        9.91968        1.26486
17       -1.04411        9.94534
8        8.69778        4.93443
24        3.99562        9.16706
30        1.34776        9.90876
29       0.234332        9.99725
15        5.31905        8.46804
1         7.4123        6.71252
1         7.4123        6.71252
23        1.71011        9.85269
30        1.34776        9.90876
19        9.94617        1.03624
21        9.25722        3.78206
9       -7.00627       -7.13527
16        -9.5737       -2.88864
3        -3.2829       -9.44577
27       -9.64629        2.63612
25       -9.83441        1.81228
32       -9.33081       -3.59665
28       -9.84546        1.75127
31       -9.52085        3.05833
6       -9.58411       -2.85391
5       -9.61358        2.75303
12         3.0221       -9.53241
13      -0.560722       -9.98427
26       -1.75195       -9.84534
22       -1.83422       -9.83034
7       -4.63743        -8.8597
8        8.69778        4.93443
2        5.23785         8.5185
24        3.99562        9.16706
4       -4.04286        9.14633
11       -6.11679        7.91106
29       0.234332        9.99725
17       -1.04411        9.94534
18       -9.91095       -1.33158
20       -9.36782       -3.49915
14        9.91968        1.26486
10        6.59771       -7.51467
15        5.31905        8.46804
1         7.4123        6.71252
1         7.4123        6.71252
23        1.71011        9.85269
30        1.34776        9.90876
15        5.31905        8.46804
21        9.25722        3.78206
9       -7.00627       -7.13527
16        -9.5737       -2.88864
3        -3.2829       -9.44577
27       -9.64629        2.63612
25       -9.83441        1.81228
32       -9.33081       -3.59665
28       -9.84546        1.75127
31       -9.52085        3.05833
6       -9.58411       -2.85391
5       -9.61358        2.75303
12         3.0221       -9.53241
13      -0.560722       -9.98427
26       -1.75195       -9.84534
22       -1.83422       -9.83034
7       -4.63743        -8.8597
8        8.69778        4.93443
2        5.23785         8.5185
24        3.99562        9.16706
4       -4.04286        9.14633
11       -6.11679        7.91106
29       0.234332        9.99725
17       -1.04411        9.94534
18       -9.91095       -1.33158
20       -9.36782       -3.49915
10        6.59771       -7.51467
19        9.94617        1.03624
14        9.91968        1.26486
1         7.4123        6.71252
1         7.4123        6.71252
15        5.31905        8.46804
18       -9.91095       -1.33158
20       -9.36782       -3.49915
3        -3.2829       -9.44577
16        -9.5737       -2.88864
9       -7.00627       -7.13527
10        6.59771       -7.51467
27       -9.64629        2.63612
28       -9.84546        1.75127
31       -9.52085        3.05833
25       -9.83441        1.81228
32       -9.33081       -3.59665
6       -9.58411       -2.85391
5       -9.61358        2.75303
7       -4.63743        -8.8597
22       -1.83422       -9.83034
26       -1.75195       -9.84534
13      -0.560722       -9.98427
12         3.0221       -9.53241
8        8.69778        4.93443
2        5.23785         8.5185
24        3.99562        9.16706
4       -4.04286        9.14633
11       -6.11679        7.91106
29       0.234332        9.99725
17       -1.04411        9.94534
30        1.34776        9.90876
23        1.71011        9.85269
14        9.91968        1.26486
19        9.94617        1.03624
21        9.25722        3.78206
1         7.4123        6.71252
1         7.4123        6.71252
15        5.31905        8.46804
2        5.23785         8.5185
24        3.99562        9.16706
23        1.71011        9.85269
31       -9.52085        3.05833
5       -9.61358        2.75303
27       -9.64629        2.63612
25       -9.83441        1.81228
28       -9.84546        1.75127
18       -9.91095       -1.33158
20       -9.36782       -3.49915
32       -9.33081       -3.59665
16        -9.5737       -2.88864
6       -9.58411       -2.85391
7       -4.63743        -8.8597
22       -1.83422       -9.83034
26       -1.75195       -9.84534
13      -0.560722       -9.98427
12         3.0221       -9.53241
10        6.59771       -7.51467
3        -3.2829       -9.44577
9       -7.00627       -7.13527
11       -6.11679        7.91106
4       -4.04286        9.14633
29       0.234332        9.99725
17       -1.04411        9.94534
30        1.34776        9.90876
8        8.69778        4.93443
21        9.25722        3.78206
14        9.91968        1.26486
19        9.94617        1.03624
1         7.4123        6.71252
1         7.4123        6.71252
9       -7.00627       -7.13527
13      -0.560722       -9.98427
3        -3.2829       -9.44577
7       -4.63743        -8.8597
32       -9.33081       -3.59665
31       -9.52085        3.05833
16        -9.5737       -2.88864
22       -1.83422       -9.83034
12         3.0221       -9.53241
6       -9.58411       -2.85391
27       -9.64629        2.63612
18       -9.91095       -1.33158
20       -9.36782       -3.49915
2        5.23785         8.5185
26       -1.75195       -9.84534
25       -9.83441        1.81228
10        6.59771       -7.51467
23        1.71011        9.85269
4       -4.04286        9.14633
19        9.94617        1.03624
5       -9.61358        2.75303
11       -6.11679        7.91106
28       -9.84546        1.75127
21        9.25722        3.78206
14        9.91968        1.26486
17       -1.04411        9.94534
8        8.69778        4.93443
24        3.99562        9.16706
30        1.34776        9.90876
29       0.234332        9.99725
15        5.31905        8.46804
1         7.4123        6.71252
1         7.4123        6.71252
23        1.71011        9.85269
30        1.34776        9.90876
9       -7.00627       -7.13527
10        6.59771       -7.51467
19        9.94617        1.03624
21        9.25722        3.78206
3        -3.2829       -9.44577
32       -9.33081       -3.59665
25       -9.83441        1.81228
27       -9.64629        2.63612
28       -9.84546        1.75127
31       -9.52085        3.05833
6       -9.58411       -2.85391
5       -9.61358        2.75303
12         3.0221       -9.53241
13      -0.560722       -9.98427
26       -1.75195       -9.84534
22       -1.83422       -9.83034
7       -4.63743        -8.8597
8        8.69778        4.93443
2        5.23785         8.5185
17       -1.04411        9.94534
29       0.234332        9.99725
11       -6.11679        7.91106
16        -9.5737       -2.88864
20       -9.36782       -3.49915
18       -9.91095       -1.33158
24        3.99562        9.16706
4       -4.04286        9.14633
15        5.31905        8.46804
14        9.91968        1.26486
1         7.4123        6.71252
1         7.4123        6.71252
3        -3.2829       -9.44577
9       -7.00627       -7.13527
16        -9.5737       -2.88864
20       -9.36782       -3.49915
18       -9.91095       -1.33158
32       -9.33081       -3.59665
25       -9.83441        1.81228
19        9.94617        1.03624
21        9.25722        3.78206
27       -9.64629        2.63612
28       -9.84546        1.75127
31       -9.52085        3.05833
6       -9.58411       -2.85391
5       -9.61358        2.75303
12         3.0221       -9.53241
13      -0.560722       -9.98427
26       -1.75195       -9.84534
22       -1.83422       -9.83034
7       -4.63743        -8.8597
8        8.69778        4.93443
2        5.23785         8.5185
17       -1.04411        9.94534
29       0.234332        9.99725
11       -6.11679        7.91106
4       -4.04286        9.14633
23        1.71011        9.85269
30        1.34776        9.90876
24        3.99562        9.16706
15        5.31905        8.46804
10        6.59771       -7.51467
14        9.91968        1.26486
1         7.4123        6.71252
1         7.4123        6.71252
3        -3.2829       -9.44577
9       -7.00627       -7.13527
16        -9.5737       -2.88864
20       -9.36782       -3.49915
18       -9.91095       -1.33158
32       -9.33081       -3.59665
25       -9.83441        1.81228
19        9.94617        1.03624
21        9.25722        3.78206
27       -9.64629        2.63612
28       -9.84546        1.75127
31       -9.52085        3.05833
6       -9.58411       -2.85391
5       -9.61358        2.75303
7       -4.63743        -8.8597
22       -1.83422       -9.83034
26       -1.75195       -9.84534
13      -0.560722       -9.98427
12         3.0221       -9.53241
8        8.69778        4.93443
2        5.23785         8.5185
17       -1.04411        9.94534
29       0.234332        9.99725
11       -6.11679        7.91106
4       -4.04286        9.14633
23        1.71011        9.85269
30        1.34776        9.90876
24        3.99562        9.16706
15        5.31905        8.46804
10        6.59771       -7.51467
14        9.91968        1.26486
1         7.4123        6.71252
1         7.4123        6.71252
24        3.99562        9.16706
31       -9.52085        3.05833
5       -9.61358        2.75303
16        -9.5737       -2.88864
7       -4.63743        -8.8597
3        -3.2829       -9.44577
9       -7.00627       -7.13527
32       -9.33081       -3.59665
20       -9.36782       -3.49915
6       -9.58411       -2.85391
18       -9.91095       -1.33158
26       -1.75195       -9.84534
13      -0.560722       -9.98427
22       -1.83422       -9.83034
12         3.0221       -9.53241
10        6.59771       -7.51467
14        9.91968        1.26486
19        9.94617        1.03624
21        9.25722        3.78206
8        8.69778        4.93443
2        5.23785         8.5185
29       0.234332        9.99725
27       -9.64629        2.63612
28       -9.84546        1.75127
25       -9.83441        1.81228
11       -6.11679        7.91106
4       -4.04286        9.14633
17       -1.04411        9.94534
23        1.71011        9.85269
30        1.34776        9.90876
15        5.31905        8.46804
1         7.4123        6.71252
1         7.4123        6.71252
9       -7.00627       -7.13527
13      -0.560722       -9.98427
3        -3.2829       -9.44577
7       -4.63743        -8.8597
32       -9.33081       -3.59665
31       -9.52085        3.05833
16        -9.5737       -2.88864
22       -1.83422       -9.83034
12         3.0221       -9.53241
6       -9.58411       -2.85391
27       -9.64629        2.63612
18       -9.91095       -1.33158
20       -9.36782       -3.49915
2        5.23785         8.5185
26       -1.75195       -9.84534
25       -9.83441        1.81228
10        6.59771       -7.51467
23        1.71011        9.85269
4       -4.04286        9.14633
19        9.94617        1.03624
5       -9.61358        2.75303
11       -6.11679        7.91106
28       -9.84546        1.75127
21        9.25722        3.78206
14        9.91968        1.26486
17       -1.04411        9.94534
8        8.69778        4.93443
24        3.99562        9.16706
30        1.34776        9.90876
29       0.234332        9.99725
15        5.31905        8.46804
1         7.4123        6.71252
1         7.4123        6.71252
23        1.71011        9.85269
30        1.34776        9.90876
9       -7.00627       -7.13527
16        -9.5737       -2.88864
5       -9.61358        2.75303
25       -9.83441        1.81228
32       -9.33081       -3.59665
3        -3.2829       -9.44577
24        3.99562        9.16706
27       -9.64629        2.63612
28       -9.84546        1.75127
31       -9.52085        3.05833
21        9.25722        3.78206
19        9.94617        1.03624
12         3.0221       -9.53241
13      -0.560722       -9.98427
26       -1.75195       -9.84534
22       -1.83422       -9.83034
7       -4.63743        -8.8597
8        8.69778        4.93443
2        5.23785         8.5185
17       -1.04411        9.94534
29       0.234332        9.99725
11       -6.11679        7.91106
4       -4.04286        9.14633
6       -9.58411       -2.85391
18       -9.91095       -1.33158
20       -9.36782       -3.49915
10        6.59771       -7.51467
14        9.91968        1.26486
15        5.31905        8.46804
1         7.4123        6.71252
1         7.4123        6.71252
15        5.31905        8.46804
30        1.34776        9.90876
23        1.71011        9.85269
10        6.59771       -7.51467
14        9.91968        1.26486
19        9.94617        1.03624
21        9.25722        3.78206
32       -9.33081       -3.59665
25       -9.83441        1.81228
27       -9.64629        2.63612
5       -9.61358        2.75303
31       -9.52085        3.05833
6       -9.58411       -2.85391
28       -9.84546        1.75127
12         3.0221       -9.53241
13      -0.560722       -9.98427
26       -1.75195       -9.84534
22       -1.83422       -9.83034
7       -4.63743        -8.8597
8        8.69778        4.93443
2        5.23785         8.5185
17       -1.04411        9.94534
29       0.234332        9.99725
11       -6.11679        7.91106
4       -4.04286        9.14633
24        3.99562        9.16706
18       -9.91095       -1.33158
16        -9.5737       -2.88864
9       -7.00627       -7.13527
3        -3.2829       -9.44577
20       -9.36782       -3.49915
1         7.4123        6.71252
1         7.4123        6.71252
12         3.0221       -9.53241
9       -7.00627       -7.13527
32       -9.33081       -3.59665
20       -9.36782       -3.49915
25       -9.83441        1.81228
10        6.59771       -7.51467
14        9.91968        1.26486
19        9.94617        1.03624
21        9.25722        3.78206
4       -4.04286        9.14633
5       -9.61358        2.75303
31       -9.52085        3.05833
16        -9.5737       -2.88864
6       -9.58411       -2.85391
13      -0.560722       -9.98427
3        -3.2829       -9.44577
26       -1.75195       -9.84534
22       -1.83422       -9.83034
7       -4.63743        -8.8597
8        8.69778        4.93443
2        5.23785         8.5185
17       -1.04411        9.94534
29       0.234332        9.99725
11       -6.11679        7.91106
27       -9.64629        2.63612
18       -9.91095       -1.33158
28       -9.84546        1.75127
30        1.34776        9.90876
23        1.71011        9.85269
24        3.99562        9.16706
15        5.31905        8.46804
1         7.4123        6.71252
1         7.4123        6.71252
21        9.25722        3.78206
14        9.91968        1.26486
19        9.94617        1.03624
10        6.59771       -7.51467
12         3.0221       -9.53241
13      -0.560722       -9.98427
26       -1.75195       -9.84534
9       -7.00627       -7.13527
32       -9.33081       -3.59665
6       -9.58411       -2.85391
20       -9.36782       -3.49915
16        -9.5737       -2.88864
7       -4.63743        -8.8597
22       -1.83422       -9.83034
3        -3.2829       -9.44577
18       -9.91095       -1.33158
25       -9.83441        1.81228
28       -9.84546        1.75127
27       -9.64629        2.63612
5       -9.61358        2.75303
31       -9.52085        3.05833
11       -6.11679        7.91106
17       -1.04411        9.94534
4       -4.04286        9.14633
29       0.234332        9.99725
23        1.71011        9.85269
30        1.34776        9.90876
15        5.31905        8.46804
2        5.23785         8.5185
24        3.99562        9.16706
8        8.69778        4.93443
1         7.4123        6.71252
1         7.4123        6.71252
9       -7.00627       -7.13527
13      -0.560722       -9.98427
3        -3.2829       -9.44577
7       -4.63743        -8.8597
32       -9.33081       -3.59665
31       -9.52085        3.05833
16        -9.5737       -2.88864
22       -1.83422       -9.83034
12         3.0221       -9.53241
6       -9.58411       -2.85391
27       -9.64629        2.63612
18       -9.91095       -1.33158
20       -9.36782       -3.49915
2        5.23785         8.5185
26       -1.75195       -9.84534
25       -9.83441        1.81228
10        6.59771       -7.51467
23        1.71011        9.85269
4       -4.04286        9.14633
19        9.94617        1.03624
5       -9.61358        2.75303
11       -6.11679        7.91106
28       -9.84546        1.75127
21        9.25722        3.78206
14        9.91968        1.26486
17       -1.04411        9.94534
8        8.69778        4.93443
24        3.99562        9.16706
30        1.34776        9.90876
29       0.234332        9.99725
15        5.31905        8.46804
1         7.4123        6.71252
1         7.4123        6.71252
23        1.71011        9.85269
30        1.34776        9.90876
9       -7.00627       -7.13527
16        -9.5737       -2.88864
5       -9.61358        2.75303
25       -9.83441        1.81228
32       -9.33081       -3.59665
3        -3.2829       -9.44577
24        3.99562        9.16706
27       -9.64629        2.63612
28       -9.84546        1.75127
31       -9.52085        3.05833
21        9.25722        3.78206
19        9.94617        1.03624
12         3.0221       -9.53241
13      -0.560722       -9.98427
26       -1.75195       -9.84534
22       -1.83422       -9.83034
7       -4.63743        -8.8597
8        8.69778        4.93443
2        5.23785         8.5185
17       -1.04411        9.94534
29       0.234332        9.99725
11       -6.11679        7.91106
4       -4.04286        9.14633
6       -9.58411       -2.85391
18       -9.91095       -1.33158
20       -9.36782       -3.49915
10        6.59771       -7.51467
14        9.91968        1.26486
15        5.31905        8.46804
1         7.4123        6.71252
1         7.4123        6.71252
15        5.31905        8.46804
30        1.34776        9.90876
23        1.71011        9.85269
10        6.59771       -7.51467
14        9.91968        1.26486
19        9.94617        1.03624
21        9.25722        3.78206
32       -9.33081       -3.59665
25       -9.83441        1.81228
27       -9.64629        2.63612
5       -9.61358        2.75303
31       -9.52085        3.05833
6       -9.58411       -2.85391
28       -9.84546        1.75127
12         3.0221       -9.53241
13      -0.560722       -9.98427
26       -1.75195       -9.84534
22       -1.83422       -9.83034
7       -4.63743        -8.8597
8        8.69778        4.93443
2        5.23785         8.5185
17       -1.04411        9.94534
29       0.234332        9.99725
11       -6.11679        7.91106
4       -4.04286        9.14633
24        3.99562        9.16706
18       -9.91095       -1.33158
16        -9.5737       -2.88864
9       -7.00627       -7.13527
3        -3.2829       -9.44577
20       -9.36782       -3.49915
1         7.4123        6.71252
1         7.4123        6.71252
12         3.0221       -9.53241
9       -7.00627       -7.13527
32       -9.33081       -3.59665
20       -9.36782       -3.49915
25       -9.83441        1.81228
10        6.59771       -7.51467
14        9.91968        1.26486
19        9.94617        1.03624
21        9.25722        3.78206
4       -4.04286        9.14633
5       -9.61358        2.75303
31       -9.52085        3.05833
16        -9.5737       -2.88864
6       -9.58411       -2.85391
13      -0.560722       -9.98427
3        -3.2829       -9.44577
26       -1.75195       -9.84534
22       -1.83422       -9.83034
7       -4.63743        -8.8597
8        8.69778        4.93443
2        5.23785         8.5185
17       -1.04411        9.94534
29       0.234332        9.99725
11       -6.11679        7.91106
27       -9.64629        2.63612
18       -9.91095       -1.33158
28       -9.84546        1.75127
30        1.34776        9.90876
23        1.71011        9.85269
24        3.99562        9.16706
15        5.31905        8.46804
1         7.4123        6.71252
1         7.4123        6.71252
21        9.25722        3.78206
14        9.91968        1.26486
19        9.94617        1.03624
10        6.59771       -7.51467
12         3.0221       -9.53241
13      -0.560722       -9.98427
26       -1.75195       -9.84534
22       -1.83422       -9.83034
3        -3.2829       -9.44577
7       -4.63743        -8.8597
9       -7.00627       -7.13527
32       -9.33081       -3.59665
20       -9.36782       -3.49915
16        -9.5737       -2.88864
6       -9.58411       -2.85391
18       -9.91095       -1.33158
28       -9.84546        1.75127
25       -9.83441        1.81228
27       -9.64629        2.63612
5       -9.61358        2.75303
31       -9.52085        3.05833
11       -6.11679        7.91106
4       -4.04286        9.14633
17       -1.04411        9.94534
29       0.234332        9.99725
30        1.34776        9.90876
23        1.71011        9.85269
24        3.99562        9.16706
2        5.23785         8.5185
15        5.31905        8.46804
8        8.69778        4.93443
1         7.4123        6.71252
1         7.4123        6.71252
9       -7.00627       -7.13527
13      -0.560722       -9.98427
3        -3.2829       -9.44577
7       -4.63743        -8.8597
32       -9.33081       -3.59665
31       -9.52085        3.05833
16        -9.5737       -2.88864
22       -1.83422       -9.83034
12         3.0221       -9.53241
6       -9.58411       -2.85391
27       -9.64629        2.63612
18       -9.91095       -1.33158
20       -9.36782       -3.49915
2        5.23785         8.5185
26       -1.75195       -9.84534
25       -9.83441        1.81228
10        6.59771       -7.51467
23        1.71011        9.85269
4       -4.04286        9.14633
19        9.94617        1.03624
5       -9.61358        2.75303
11       -6.11679        7.91106
28       -9.84546        1.75127
21        9.25722        3.78206
14        9.91968        1.26486
17       -1.04411        9.94534
8        8.69778        4.93443
24        3.99562        9.16706
30        1.34776        9.90876
29       0.234332        9.99725
15        5.31905        8.46804
1         7.4123        6.71252
1         7.4123        6.71252
23        1.71011        9.85269
30        1.34776        9.90876
9       -7.00627       -7.13527
16        -9.5737       -2.88864
5       -9.61358        2.75303
25       -9.83441        1.81228
32       -9.33081       -3.59665
3        -3.2829       -9.44577
24        3.99562        9.16706
27       -9.64629        2.63612
28       -9.84546        1.75127
31       -9.52085        3.05833
21        9.25722        3.78206
19        9.94617        1.03624
12         3.0221       -9.53241
13      -0.560722       -9.98427
26       -1.75195       -9.84534
22       -1.83422       -9.83034
7       -4.63743        -8.8597
8        8.69778        4.93443
2        5.23785         8.5185
17       -1.04411        9.94534
29       0.234332        9.99725
11       -6.11679        7.91106
4       -4.04286        9.14633
6       -9.58411       -2.85391
18       -9.91095       -1.33158
20       -9.36782       -3.49915
10        6.59771       -7.51467
14        9.91968        1.26486
15        5.31905        8.46804
1         7.4123        6.71252
1         7.4123        6.71252
15        5.31905        8.46804
30        1.34776        9.90876
23        1.71011        9.85269
10        6.59771       -7.51467
14        9.91968        1.26486
19        9.94617        1.03624
21        9.25722        3.78206
32       -9.33081       -3.59665
25       -9.83441        1.81228
27       -9.64629        2.63612
5       -9.61358        2.75303
31       -9.52085        3.05833
6       -9.58411       -2.85391
28       -9.84546        1.75127
12         3.0221       -9.53241
13      -0.560722       -9.98427
26       -1.75195       -9.84534
22       -1.83422       -9.83034
7       -4.63743        -8.8597
8        8.69778        4.93443
2        5.23785         8.5185
17       -1.04411        9.94534
29       0.234332        9.99725
11       -6.11679        7.91106
4       -4.04286        9.14633
24        3.99562        9.16706
18       -9.91095       -1.33158
16        -9.5737       -2.88864
9       -7.00627       -7.13527
3        -3.2829       -9.44577
20       -9.36782       -3.49915
1         7.4123        6.71252
1         7.4123        6.71252
12         3.0221       -9.53241
9       -7.00627       -7.13527
32       -9.33081       -3.59665
20       -9.36782       -3.49915
25       -9.83441        1.81228
10        6.59771       -7.51467
14        9.91968        1.26486
19        9.94617        1.03624
21        9.25722        3.78206
4       -4.04286        9.14633
5       -9.61358        2.75303
31       -9.52085        3.05833
16        -9.5737       -2.88864
6       -9.58411       -2.85391
13      -0.560722       -9.98427
3        -3.2829       -9.44577
26       -1.75195       -9.84534
22       -1.83422       -9.83034
7       -4.63743        -8.8597
8        8.69778        4.93443
2        5.23785         8.5185
17       -1.04411        9.94534
29       0.234332        9.99725
11       -6.11679        7.91106
27       -9.64629        2.63612
18       -9.91095       -1.33158
28       -9.84546        1.75127
30        1.34776        9.90876
23        1.71011        9.85269
24        3.99562        9.16706
15        5.31905        8.46804
1         7.4123        6.71252
1         7.4123        6.71252
9       -7.00627       -7.13527
13      -0.560722       -9.98427
3        -3.2829       -9.44577
7       -4.63743        -8.8597
32       -9.33081       -3.59665
31       -9.52085        3.05833
16        -9.5737       -2.88864
22       -1.83422       -9.83034
12         3.0221       -9.53241
6       -9.58411       -2.85391
27       -9.64629        2.63612
18       -9.91095       -1.33158
20       -9.36782       -3.49915
2        5.23785         8.5185
26       -1.75195       -9.84534
25       -9.83441        1.81228
10        6.59771       -7.51467
23        1.71011        9.85269
4       -4.04286        9.14633
19        9.94617        1.03624
5       -9.61358        2.75303
11       -6.11679        7.91106
28       -9.84546        1.75127
21        9.25722        3.78206
14        9.91968        1.26486
17       -1.04411        9.94534
8        8.69778        4.93443
24        3.99562        9.16706
30        1.34776        9.90876
29       0.234332        9.99725
15        5.31905        8.46804
1         7.4123        6.71252
1         7.4123        6.71252
23        1.71011        9.85269
30        1.34776        9.90876
9       -7.00627       -7.13527
16        -9.5737       -2.88864
5       -9.61358        2.75303
25       -9.83441        1.81228
32       -9.33081       -3.59665
3        -3.2829       -9.44577
24        3.99562        9.16706
27       -9.64629        2.63612
28       -9.84546        1.75127
31       -9.52085        3.05833
21        9.25722        3.78206
19        9.94617        1.03624
12         3.0221       -9.53241
13      -0.560722       -9.98427
26       -1.75195       -9.84534
22       -1.83422       -9.83034
7       -4.63743        -8.8597
8        8.69778        4.93443
2        5.23785         8.5185
17       -1.04411        9.94534
29       0.234332        9.99725
11       -6.11679        7.91106
4       -4.04286        9.14633
6       -9.58411       -2.85391
18       -9.91095       -1.33158
20       -9.36782       -3.49915
10        6.59771       -7.51467
14        9.91968        1.26486
15        5.31905        8.46804
1         7.4123        6.71252
1         7.4123        6.71252
15        5.31905        8.46804
30        1.34776        9.90876
23        1.71011        9.85269
10        6.59771       -7.51467
14        9.91968        1.26486
19        9.94617        1.03624
21        9.25722        3.78206
32       -9.33081       -3.59665
25       -9.83441        1.81228
27       -9.64629        2.63612
5       -9.61358        2.75303
31       -9.52085        3.05833
6       -9.58411       -2.85391
28       -9.84546        1.75127
12         3.0221       -9.53241
13      -0.560722       -9.98427
26       -1.75195       -9.84534
22       -1.83422       -9.83034
7       -4.63743        -8.8597
8        8.69778        4.93443
2        5.23785         8.5185
17       -1.04411        9.94534
29       0.234332        9.99725
11       -6.11679        7.91106
4       -4.04286        9.14633
24        3.99562        9.16706
18       -9.91095       -1.33158
16        -9.5737       -2.88864
9       -7.00627       -7.13527
3        -3.2829       -9.44577
20       -9.36782       -3.49915
1         7.4123        6.71252
1         7.4123        6.71252
12         3.0221       -9.53241
9       -7.00627       -7.13527
32       -9.33081       -3.59665
20       -9.36782       -3.49915
25       -9.83441        1.81228
10        6.59771       -7.51467
14        9.91968        1.26486
19        9.94617        1.03624
21        9.25722        3.78206
4       -4.04286        9.14633
5       -9.61358        2.75303
31       -9.52085        3.05833
16        -9.5737       -2.88864
6       -9.58411       -2.85391
13      -0.560722       -9.98427
3        -3.2829       -9.44577
26       -1.75195       -9.84534
22       -1.83422       -9.83034
7       -4.63743        -8.8597
8        8.69778        4.93443
2        5.23785         8.5185
17       -1.04411        9.94534
29       0.234332        9.99725
11       -6.11679        7.91106
27       -9.64629        2.63612
18       -9.91095       -1.33158
28       -9.84546        1.75127
30        1.34776        9.90876
23        1.71011        9.85269
24        3.99562        9.16706
15        5.31905        8.46804
1         7.4123        6.71252
1       -7.54701       -6.60164
21        3.72012       -2.61299
4        4.10058       -8.27986
20      0.0371557       -9.51432
9       -4.41534       0.917158
8       -6.63351        1.44877
15       -4.84213       -5.21464
10       -9.65397        1.66357
14      -0.417242      -0.114806
29        8.37711        8.79751
12       -5.33686       -6.13414
5        3.12037        8.10967
27        5.31528        9.40534
22        3.03909       -5.72297
18       -8.32092       -6.81482
16      -0.564068        1.69834
2        4.59299       -3.37669
23         3.5676       -8.03571
7        5.52096       -9.57725
30        6.26571       -9.64115
32        4.26846       -7.76446
17        2.33619        1.60937
3      -0.457706        1.43669
19        8.63731        5.08103
28        -5.4778        9.89221
11       -8.70714        5.09307
26       -8.94478       -0.92985
13      -0.135474        5.12095
24        -7.5808        3.60274
31       -7.32392       -8.93041
25        1.54538         6.8001
6       -2.57007        6.73133
1       -7.54701       -6.60164
1       -7.54701       -6.60164
15       -4.84213       -5.21464
28        -5.4778        9.89221
19        8.63731        5.08103
32        4.26846       -7.76446
20      0.0371557       -9.51432
30        6.26571       -9.64115
23         3.5676       -8.03571
4        4.10058       -8.27986
12       -5.33686       -6.13414
16      -0.564068        1.69834
5        3.12037        8.10967
13      -0.135474        5.12095
6       -2.57007        6.73133
11       -8.70714        5.09307
26       -8.94478       -0.92985
14      -0.417242      -0.114806
8       -6.63351        1.44877
10       -9.65397        1.66357
18       -8.32092       -6.81482
31       -7.32392       -8.93041
7        5.52096       -9.57725
22        3.03909       -5.72297
2        4.59299       -3.37669
21        3.72012       -2.61299
25        1.54538         6.8001
27        5.31528        9.40534
29        8.37711        8.79751
3      -0.457706        1.43669
17        2.33619        1.60937
9       -4.41534       0.917158
24        -7.5808        3.60274
1       -7.54701       -6.60164
1       -7.54701       -6.60164
15       -4.84213       -5.21464
26       -8.94478       -0.92985
7        5.52096       -9.57725
23         3.5676       -8.03571
30        6.26571       -9.64115
20      0.0371557       -9.51432
32        4.26846       -7.76446
4        4.10058       -8.27986
22        3.03909       -5.72297
2        4.59299       -3.37669
21        3.72012       -2.61299
31       -7.32392       -8.93041
18       -8.32092       -6.81482
12       -5.33686       -6.13414
16      -0.564068        1.69834
14      -0.417242      -0.114806
19        8.63731        5.08103
5        3.12037        8.10967
13      -0.135474        5.12095
6       -2.57007        6.73133
8       -6.63351        1.44877
10       -9.65397        1.66357
11       -8.70714        5.09307
28        -5.4778        9.89221
25        1.54538         6.8001
27        5.31528        9.40534
29        8.37711        8.79751
3      -0.457706        1.43669
17        2.33619        1.60937
9       -4.41534       0.917158
24        -7.5808        3.60274
1       -7.54701       -6.60164
1       -7.54701       -6.60164
15       -4.84213       -5.21464
12       -5.33686       -6.13414
20      0.0371557       -9.51432
30        6.26571       -9.64115
7        5.52096       -9.57725
32        4.26846       -7.76446
23         3.5676       -8.03571
4        4.10058       -8.27986
22        3.03909       -5.72297
2        4.59299       -3.37669
21        3.72012       -2.61299
14      -0.417242      -0.114806
31       -7.32392       -8.93041
18       -8.32092       -6.81482
26       -8.94478       -0.92985
16      -0.564068        1.69834
19        8.63731        5.08103
3      -0.457706        1.43669
17        2.33619        1.60937
9       -4.41534       0.917158
8       -6.63351        1.44877
10       -9.65397        1.66357
11       -8.70714        5.09307
28        -5.4778        9.89221
25        1.54538         6.8001
27        5.31528        9.40534
29        8.37711        8.79751
5        3.12037        8.10967
13      -0.135474        5.12095
6       -2.57007        6.73133
24        -7.5808        3.60274
1       -7.54701       -6.60164
1       -7.54701       -6.60164
12       -5.33686       -6.13414
15       -4.84213       -5.21464
20      0.0371557       -9.51432
23         3.5676       -8.03571
4        4.10058       -8.27986
7        5.52096       -9.57725
30        6.26571       -9.64115
32        4.26846       -7.76446
22        3.03909       -5.72297
2        4.59299       -3.37669
21        3.72012       -2.61299
14      -0.417242      -0.114806
9       -4.41534       0.917158
16      -0.564068        1.69834
3      -0.457706        1.43669
17        2.33619        1.60937
19        8.63731        5.08103
29        8.37711        8.79751
27        5.31528        9.40534
5        3.12037        8.10967
25        1.54538         6.8001
13      -0.135474        5.12095
6       -2.57007        6.73133
28        -5.4778        9.89221
11       -8.70714        5.09307
24        -7.5808        3.60274
8       -6.63351        1.44877
10       -9.65397        1.66357
26       -8.94478       -0.92985
18       -8.32092       -6.81482
31       -7.32392       -8.93041
1       -7.54701       -6.60164
1         7.4123        6.71252
9       -7.00627       -7.13527
13      -0.560722       -9.98427
3        -3.2829       -9.44577
7       -4.63743        -8.8597
32       -9.33081       -3.59665
31       -9.52085        3.05833
16        -9.5737       -2.88864
22       -1.83422       -9.83034
12         3.0221       -9.53241
6       -9.58411       -2.85391
27       -9.64629        2.63612
18       -9.91095       -1.33158
20       -9.36782       -3.49915
2        5.23785         8.5185
26       -1.75195       -9.84534
25       -9.83441        1.81228
10        6.59771       -7.51467
23        1.71011        9.85269
4       -4.04286        9.14633
19        9.94617        1.03624
5       -9.61358        2.75303
11       -6.11679        7.91106
28       -9.84546        1.75127
21        9.25722        3.78206
14        9.91968        1.26486
17       -1.04411        9.94534
8        8.69778        4.93443
24        3.99562        9.16706
30        1.34776        9.90876
29       0.234332        9.99725
15        5.31905        8.46804
1         7.4123        6.71252
1         7.4123        6.71252
15        5.31905        8.46804
21        9.25722        3.78206
14        9.91968        1.26486
19        9.94617        1.03624
10        6.59771       -7.51467
22       -1.83422       -9.83034
12         3.0221       -9.53241
13      -0.560722       -9.98427
26       -1.75195       -9.84534
3        -3.2829       -9.44577
32       -9.33081       -3.59665
6       -9.58411       -2.85391
31       -9.52085        3.05833
28       -9.84546        1.75127
25       -9.83441        1.81228
27       -9.64629        2.63612
5       -9.61358        2.75303
16        -9.5737       -2.88864
7       -4.63743        -8.8597
8        8.69778        4.93443
2        5.23785         8.5185
24        3.99562        9.16706
29       0.234332        9.99725
17       -1.04411        9.94534
4       -4.04286        9.14633
11       -6.11679        7.91106
18       -9.91095       -1.33158
20       -9.36782       -3.49915
9       -7.00627       -7.13527
23        1.71011        9.85269
30        1.34776        9.90876
1         7.4123        6.71252
1         7.4123        6.71252
21        9.25722        3.78206
8        8.69778        4.93443
14        9.91968        1.26486
19        9.94617        1.03624
10        6.59771       -7.51467
12         3.0221       -9.53241
13      -0.560722       -9.98427
26       -1.75195       -9.84534
22       -1.83422       -9.83034
3        -3.2829       -9.44577
32       -9.33081       -3.59665
6       -9.58411       -2.85391
31       -9.52085        3.05833
28       -9.84546        1.75127
25       -9.83441        1.81228
27       -9.64629        2.63612
5       -9.61358        2.75303
16        -9.5737       -2.88864
7       -4.63743        -8.8597
9       -7.00627       -7.13527
20       -9.36782       -3.49915
18       -9.91095       -1.33158
11       -6.11679        7.91106
4       -4.04286        9.14633
17       -1.04411        9.94534
15        5.31905        8.46804
2        5.23785         8.5185
24        3.99562        9.16706
23        1.71011        9.85269
29       0.234332        9.99725
30        1.34776        9.90876
1         7.4123        6.71252
1         7.4123        6.71252
8        8.69778        4.93443
21        9.25722        3.78206
14        9.91968        1.26486
19        9.94617        1.03624
10        6.59771       -7.51467
12         3.0221       -9.53241
13      -0.560722       -9.98427
26       -1.75195       -9.84534
22       -1.83422       -9.83034
3        -3.2829       -9.44577
7       -4.63743        -8.8597
9       -7.00627       -7.13527
6       -9.58411       -2.85391
20       -9.36782       -3.49915
18       -9.91095       -1.33158
16        -9.5737       -2.88864
32       -9.33081       -3.59665
25       -9.83441        1.81228
5       -9.61358        2.75303
31       -9.52085        3.05833
28       -9.84546        1.75127
27       -9.64629        2.63612
11       -6.11679        7.91106
4       -4.04286        9.14633
17       -1.04411        9.94534
29       0.234332        9.99725
23        1.71011        9.85269
30        1.34776        9.90876
24        3.99562        9.16706
2        5.23785         8.5185
15        5.31905        8.46804
1         7.4123        6.71252
1         7.4123        6.71252
8        8.69778        4.93443
21        9.25722        3.78206
14        9.91968        1.26486
19        9.94617        1.03624
10        6.59771       -7.51467
12         3.0221       -9.53241
13      -0.560722       -9.98427
26       -1.75195       -9.84534
22       -1.83422       -9.83034
3        -3.2829       -9.44577
7       -4.63743        -8.8597
9       -7.00627       -7.13527
32       -9.33081       -3.59665
20       -9.36782       -3.49915
16        -9.5737       -2.88864
6       -9.58411       -2.85391
18       -9.91095       -1.33158
28       -9.84546        1.75127
25       -9.83441        1.81228
27       -9.64629        2.63612
5       -9.61358        2.75303
31       -9.52085        3.05833
11       -6.11679        7.91106
4       -4.04286        9.14633
17       -1.04411        9.94534
29       0.234332        9.99725
30        1.34776        9.90876
23        1.71011        9.85269
24        3.99562        9.16706
2        5.23785         8.5185
15        5.31905        8.46804
1         7.4123        6.71252
1       -7.54701       -6.60164
21        3.72012       -2.61299
4        4.10058       -8.27986
20      0.0371557       -9.51432
9       -4.41534       0.917158
8       -6.63351        1.44877
15       -4.84213       -5.21464
10       -9.65397        1.66357
14      -0.417242      -0.114806
29        8.37711        8.79751
12       -5.33686       -6.13414
5        3.12037        8.10967
27        5.31528        9.40534
22        3.03909       -5.72297
18       -8.32092       -6.81482
16      -0.564068        1.69834
2        4.59299       -3.37669
23         3.5676       -8.03571
7        5.52096       -9.57725
30        6.26571       -9.64115
32        4.26846       -7.76446
17        2.33619        1.60937
3      -0.457706        1.43669
19        8.63731        5.08103
28        -5.4778        9.89221
11       -8.70714        5.09307
26       -8.94478       -0.92985
13      -0.135474        5.12095
24        -7.5808        3.60274
31       -7.32392       -8.93041
25        1.54538         6.8001
6       -2.57007        6.73133
1       -7.54701       -6.60164
1       -7.54701       -6.60164
15       -4.84213       -5.21464
28        -5.4778        9.89221
19        8.63731        5.08103
32        4.26846       -7.76446
20      0.0371557       -9.51432
30        6.26571       -9.64115
23         3.5676       -8.03571
4        4.10058       -8.27986
12       -5.33686       -6.13414
16      -0.564068        1.69834
5        3.12037        8.10967
13      -0.135474        5.12095
6       -2.57007        6.73133
11       -8.70714        5.09307
26       -8.94478       -0.92985
14      -0.417242      -0.114806
8       -6.63351        1.44877
10       -9.65397        1.66357
18       -8.32092       -6.81482
31       -7.32392       -8.93041
7        5.52096       -9.57725
22        3.03909       -5.72297
2        4.59299       -3.37669
21        3.72012       -2.61299
25        1.54538         6.8001
27        5.31528        9.40534
29        8.37711        8.79751
3      -0.457706        1.43669
17        2.33619        1.60937
9       -4.41534       0.917158
24        -7.5808        3.60274
1       -7.54701       -6.60164
1       -7.54701       -6.60164
15       -4.84213       -5.21464
26       -8.94478       -0.92985
7        5.52096       -9.57725
23         3.5676       -8.03571
30        6.26571       -9.64115
20      0.0371557       -9.51432
32        4.26846       -7.76446
4        4.10058       -8.27986
22        3.03909       -5.72297
2        4.59299       -3.37669
21        3.72012       -2.61299
31       -7.32392       -8.93041
18       -8.32092       -6.81482
12       -5.33686       -6.13414
16      -0.564068        1.69834
14      -0.417242      -0.114806
19        8.63731        5.08103
5        3.12037        8.10967
13      -0.135474        5.12095
6       -2.57007        6.73133
8       -6.63351        1.44877
10       -9.65397        1.66357
11       -8.70714        5.09307
28        -5.4778        9.89221
25        1.54538         6.8001
27        5.31528        9.40534
29        8.37711        8.79751
3      -0.457706        1.43669
17        2.33619        1.60937
9       -4.41534       0.917158
24        -7.5808        3.60274
1       -7.54701       -6.60164
1       -7.54701       -6.60164
15       -4.84213       -5.21464
12       -5.33686       -6.13414
20      0.0371557       -9.51432
30        6.26571       -9.64115
7        5.52096       -9.57725
32        4.26846       -7.76446
23         3.5676       -8.03571
4        4.10058       -8.27986
22        3.03909       -5.72297
2        4.59299       -3.37669
21        3.72012       -2.61299
14      -0.417242      -0.114806
31       -7.32392       -8.93041
18       -8.32092       -6.81482
26       -8.94478       -0.92985
16      -0.564068        1.69834
19        8.63731        5.08103
3      -0.457706        1.43669
17        2.33619        1.60937
9       -4.41534       0.917158
8       -6.63351        1.44877
10       -9.65397        1.66357
11       -8.70714        5.09307
28        -5.4778        9.89221
25        1.54538         6.8001
27        5.31528        9.40534
29        8.37711        8.79751
5        3.12037        8.10967
13      -0.135474        5.12095
6       -2.57007        6.73133
24        -7.5808        3.60274
1       -7.54701       -6.60164
1       -7.54701       -6.60164
12       -5.33686       -6.13414
15       -4.84213       -5.21464
20      0.0371557       -9.51432
23         3.5676       -8.03571
4        4.10058       -8.27986
7        5.52096       -9.57725
30        6.26571       -9.64115
32        4.26846       -7.76446
22        3.03909       -5.72297
2        4.59299       -3.37669
21        3.72012       -2.61299
14      -0.417242      -0.114806
9       -4.41534       0.917158
16      -0.564068        1.69834
3      -0.457706        1.43669
17        2.33619        1.60937
19        8.63731        5.08103
29        8.37711        8.79751
27        5.31528        9.40534
5        3.12037        8.10967
25        1.54538         6.8001
13      -0.135474        5.12095
6       -2.57007        6.73133
28        -5.4778        9.89221
11       -8.70714        5.09307
24        -7.5808        3.60274
8       -6.63351        1.44877
10       -9.65397        1.66357
26       -8.94478       -0.92985
18       -8.32092       -6.81482
31       -7.32392       -8.93041
1       -7.54701       -6.60164
1       -7.54701       -6.60164
21        3.72012       -2.61299
4        4.10058       -8.27986
20      0.0371557       -9.51432
9       -4.41534       0.917158
8       -6.63351        1.44877
15       -4.84213       -5.21464
10       -9.65397        1.66357
14      -0.417242      -0.114806
29        8.37711        8.79751
12       -5.33686       -6.13414
5        3.12037        8.10967
27        5.31528        9.40534
22        3.03909       -5.72297
18       -8.32092       -6.81482
16      -0.564068        1.69834
2        4.59299       -3.37669
23         3.5676       -8.03571
7        5.52096       -9.57725
30        6.26571       -9.64115
32        4.26846       -7.76446
17        2.33619        1.60937
3      -0.457706        1.43669
19        8.63731        5.08103
28        -5.4778        9.89221
11       -8.70714        5.09307
26       -8.94478       -0.92985
13      -0.135474        5.12095
24        -7.5808        3.60274
31       -7.32392       -8.93041
25        1.54538         6.8001
6       -2.57007        6.73133
1       -7.54701       -6.60164
1       -7.54701       -6.60164
15       -4.84213       -5.21464
28        -5.4778        9.89221
19        8.63731        5.08103
32        4.26846       -7.76446
20      0.0371557       -9.51432
30        6.26571       -9.64115
23         3.5676       -8.03571
4        4.10058       -8.27986
12       -5.33686       -6.13414
16      -0.564068        1.69834
5        3.12037        8.10967
13      -0.135474        5.12095
6       -2.57007        6.73133
11       -8.70714        5.09307
26       -8.94478       -0.92985
14      -0.417242      -0.114806
8       -6.63351        1.44877
10       -9.65397        1.66357
18       -8.32092       -6.81482
31       -7.32392       -8.93041
7        5.52096       -9.57725
22        3.03909       -5.72297
2        4.59299       -3.37669
21        3.72012       -2.61299
25        1.54538         6.8001
27        5.31528        9.40534
29        8.37711        8.79751
3      -0.457706        1.43669
17        2.33619        1.60937
9       -4.41534       0.917158
24        -7.5808        3.60274
1       -7.54701       -6.60164
1       -7.54701       -6.60164
15       -4.84213       -5.21464
26       -8.94478       -0.92985
7        5.52096       -9.57725
23         3.5676       -8.03571
30        6.26571       -9.64115
20      0.0371557       -9.51432
32        4.26846       -7.76446
4        4.10058       -8.27986
22        3.03909       -5.72297
2        4.59299       -3.37669
21        3.72012       -2.61299
31       -7.32392       -8.93041
18       -8.32092       -6.81482
12       -5.33686       -6.13414
16      -0.564068        1.69834
14      -0.417242      -0.114806
19        8.63731        5.08103
5        3.12037        8.10967
13      -0.135474        5.12095
6       -2.57007        6.73133
8       -6.63351        1.44877
10       -9.65397        1.66357
11       -8.70714        5.09307
28        -5.4778        9.89221
25        1.54538         6.8001
27        5.31528        9.40534
29        8.37711        8.79751
3      -0.457706        1.43669
17        2.33619        1.60937
9       -4.41534       0.917158
24        -7.5808        3.60274
1       -7.54701       -6.60164
1       -7.54701       -6.60164
15       -4.84213       -5.21464
12       -5.33686       -6.13414
20      0.0371557       -9.51432
30        6.26571       -9.64115
7        5.52096       -9.57725
32        4.26846       -7.76446
23         3.5676       -8.03571
4        4.10058       -8.27986
22        3.03909       -5.72297
2        4.59299       -3.37669
21        3.72012       -2.61299
14      -0.417242      -0.114806
31       -7.32392       -8.93041
18       -8.32092       -6.81482
26       -8.94478       -0.92985
16      -0.564068        1.69834
19        8.63731        5.08103
3      -0.457706        1.43669
17        2.33619        1.60937
9       -4.41534       0.917158
8       -6.63351        1.44877
10       -9.65397        1.66357
11       -8.70714        5.09307
28        -5.4778        9.89221
25        1.54538         6.8001
27        5.31528        9.40534
29        8.37711        8.79751
5        3.12037        8.10967
13      -0.135474        5.12095
6       -2.57007        6.73133
24        -7.5808        3.60274
1       -7.54701       -6.60164
1       -7.54701       -6.60164
12       -5.33686       -6.13414
15       -4.84213       -5.21464
20      0.0371557       -9.51432
23         3.5676       -8.03571
4        4.10058       -8.27986
7        5.52096       -9.57725
30        6.26571       -9.64115
32        4.26846       -7.76446
22        3.03909       -5.72297
2        4.59299       -3.37669
21        3.72012       -2.61299
14      -0.417242      -0.114806
9       -4.41534       0.917158
16      -0.564068        1.69834
3      -0.457706        1.43669
17        2.33619        1.60937
19        8.63731        5.08103
29        8.37711        8.79751
27        5.31528        9.40534
5        3.12037        8.10967
25        1.54538         6.8001
13      -0.135474        5.12095
6       -2.57007        6.73133
28        -5.4778        9.89221
11       -8.70714        5.09307
24        -7.5808        3.60274
8       -6.63351        1.44877
10       -9.65397        1.66357
26       -8.94478       -0.92985
18       -8.32092       -6.81482
31       -7.32392       -8.93041
1       -7.54701       -6.60164
1       -7.54701       -6.60164
21        3.72012       -2.61299
4        4.10058       -8.27986
20      0.0371557       -9.51432
9       -4.41534       0.917158
8       -6.63351        1.44877
15       -4.84213       -5.21464
10       -9.65397        1.66357
14      -0.417242      -0.114806
29        8.37711        8.79751
12       -5.33686       -6.13414
5        3.12037        8.10967
27        5.31528        9.40534
22        3.03909       -5.72297
18       -8.32092       -6.81482
16      -0.564068        1.69834
2        4.59299       -3.37669
23         3.5676       -8.03571
7        5.52096       -9.57725
30        6.26571       -9.64115
32        4.26846       -7.76446
17        2.33619        1.60937
3      -0.457706        1.43669
19        8.63731        5.08103
28        -5.4778        9.89221
11       -8.70714        5.09307
26       -8.94478       -0.92985
13      -0.135474        5.12095
24        -7.5808        3.60274
31       -7.32392       -8.93041
25        1.54538         6.8001
6       -2.57007        6.73133
1       -7.54701       -6.60164
1       -7.54701       -6.60164
15       -4.84213       -5.21464
28        -5.4778        9.89221
19        8.63731        5.08103
32        4.26846       -7.76446
20      0.0371557       -9.51432
30        6.26571       -9.64115
23         3.5676       -8.03571
4        4.10058       -8.27986
12       -5.33686       -6.13414
16      -0.564068        1.69834
5        3.12037        8.10967
13      -0.135474        5.12095
6       -2.57007        6.73133
11       -8.70714        5.09307
26       -8.94478       -0.92985
14      -0.417242      -0.114806
8       -6.63351        1.44877
10       -9.65397        1.66357
18       -8.32092       -6.81482
31       -7.32392       -8.93041
7        5.52096       -9.57725
22        3.03909       -5.72297
2        4.59299       -3.37669
21        3.72012       -2.61299
25        1.54538         6.8001
27        5.31528        9.40534
29        8.37711        8.79751
3      -0.457706        1.43669
17        2.33619        1.60937
9       -4.41534       0.917158
24        -7.5808        3.60274
1       -7.54701       -6.60164
1       -7.54701       -6.60164
15       -4.84213       -5.21464
26       -8.94478       -0.92985
7        5.52096       -9.57725
23         3.5676       -8.03571
30        6.26571       -9.64115
20      0.0371557       -9.51432
32        4.26846       -7.76446
4        4.10058       -8.27986
22        3.03909       -5.72297
2        4.59299       -3.37669
21        3.72012       -2.61299
31       -7.32392       -8.93041
18       -8.32092       -6.81482
12       -5.33686       -6.13414
16      -0.564068        1.69834
14      -0.417242      -0.114806
19        8.63731        5.08103
5        3.12037        8.10967
13      -0.135474        5.12095
6       -2.57007        6.73133
8       -6.63351        1.44877
10       -9.65397        1.66357
11       -8.70714        5.09307
28        -5.4778        9.89221
25        1.54538         6.8001
27        5.31528        9.40534
29        8.37711        8.79751
3      -0.457706        1.43669
17        2.33619        1.60937
9       -4.41534       0.917158
24        -7.5808        3.60274
1       -7.54701       -6.60164
1       -7.54701       -6.60164
15       -4.84213       -5.21464
12       -5.33686       -6.13414
20      0.0371557       -9.51432
30        6.26571       -9.64115
7        5.52096       -9.57725
32        4.26846       -7.76446
23         3.5676       -8.03571
4        4.10058       -8.27986
22        3.03909       -5.72297
2        4.59299       -3.37669
21        3.72012       -2.61299
14      -0.417242      -0.114806
31       -7.32392       -8.93041
18       -8.32092       -6.81482
26       -8.94478       -0.92985
16      -0.564068        1.69834
19        8.63731        5.08103
3      -0.457706        1.43669
17        2.33619        1.60937
9       -4.41534       0.917158
8       -6.63351        1.44877
10       -9.65397        1.66357
11       -8.70714        5.09307
28        -5.4778        9.89221
25        1.54538         6.8001
27        5.31528        9.40534
29        8.37711        8.79751
5        3.12037        8.10967
13      -0.135474        5.12095
6       -2.57007        6.73133
24        -7.5808        3.60274
1       -7.54701       -6.60164
1       -7.54701       -6.60164
12       -5.33686       -6.13414
15       -4.84213       -5.21464
20      0.0371557       -9.51432
23         3.5676       -8.03571
4        4.10058       -8.27986
7        5.52096       -9.57725
30        6.26571       -9.64115
32        4.26846       -7.76446
22        3.03909       -5.72297
2        4.59299       -3.37669
21        3.72012       -2.61299
14      -0.417242      -0.114806
9       -4.41534       0.917158
16      -0.564068        1.69834
3      -0.457706        1.43669
17        2.33619        1.60937
19        8.63731        5.08103
29        8.37711        8.79751
27        5.31528        9.40534
5        3.12037        8.10967
25        1.54538         6.8001
13      -0.135474        5.12095
6       -2.57007        6.73133
28        -5.4778        9.89221
11       -8.70714        5.09307
24        -7.5808        3.60274
8       -6.63351        1.44877
10       -9.65397        1.66357
26       -8.94478       -0.92985
18       -8.32092       -6.81482
31       -7.32392       -8.93041
1       -7.54701       -6.60164
1         7.4123        6.71252
9       -7.00627       -7.13527
13      -0.560722       -9.98427
3        -3.2829       -9.44577
7       -4.63743        -8.8597
32       -9.33081       -3.59665
31       -9.52085        3.05833
16        -9.5737       -2.88864
22       -1.83422       -9.83034
12         3.0221       -9.53241
6       -9.58411       -2.85391
27       -9.64629        2.63612
18       -9.91095       -1.33158
20       -9.36782       -3.49915
2        5.23785         8.5185
26       -1.75195       -9.84534
25       -9.83441        1.81228
10        6.59771       -7.51467
23        1.71011        9.85269
4       -4.04286        9.14633
19        9.94617        1.03624
5       -9.61358        2.75303
11       -6.11679        7.91106
28       -9.84546        1.75127
21        9.25722        3.78206
14        9.91968        1.26486
17       -1.04411        9.94534
8        8.69778        4.93443
24        3.99562        9.16706
30        1.34776        9.90876
29       0.234332        9.99725
15        5.31905        8.46804
1         7.4123        6.71252
1         7.4123        6.71252
15        5.31905        8.46804
21        9.25722        3.78206
14        9.91968        1.26486
19        9.94617        1.03624
10        6.59771       -7.51467
22       -1.83422       -9.83034
12         3.0221       -9.53241
13      -0.560722       -9.98427
26       -1.75195       -9.84534
3        -3.2829       -9.44577
32       -9.33081       -3.59665
6       -9.58411       -2.85391
31       -9.52085        3.05833
28       -9.84546        1.75127
25       -9.83441        1.81228
27       -9.64629        2.63612
5       -9.61358        2.75303
16        -9.5737       -2.88864
7       -4.63743        -8.8597
8        8.69778        4.93443
2        5.23785         8.5185
24        3.99562        9.16706
29       0.234332        9.99725
17       -1.04411        9.94534
4       -4.04286        9.14633
11       -6.11679        7.91106
18       -9.91095       -1.33158
20       -9.36782       -3.49915
9       -7.00627       -7.13527
23        1.71011        9.85269
30        1.34776        9.90876
1         7.4123        6.71252
1         7.4123        6.71252
21        9.25722        3.78206
8        8.69778        4.93443
14        9.91968        1.26486
19        9.94617        1.03624
10        6.59771       -7.51467
12         3.0221       -9.53241
13      -0.560722       -9.98427
26       -1.75195       -9.84534
22       -1.83422       -9.83034
3        -3.2829       -9.44577
32       -9.33081       -3.59665
6       -9.58411       -2.85391
31       -9.52085        3.05833
28       -9.84546        1.75127
25       -9.83441        1.81228
27       -9.64629        2.63612
5       -9.61358        2.75303
16        -9.5737       -2.88864
7       -4.63743        -8.8597
9       -7.00627       -7.13527
20       -9.36782       -3.49915
18       -9.91095       -1.33158
11       -6.11679        7.91106
4       -4.04286        9.14633
17       -1.04411        9.94534
15        5.31905        8.46804
2        5.23785         8.5185
24        3.99562        9.16706
23        1.71011        9.85269
29       0.234332        9.99725
30        1.34776        9.90876
1         7.4123        6.71252
1         7.4123        6.71252
8        8.69778        4.93443
21        9.25722        3.78206
14        9.91968        1.26486
19        9.94617        1.03624
10        6.59771       -7.51467
12         3.0221       -9.53241
13      -0.560722       -9.98427
26       -1.75195       -9.84534
22       -1.83422       -9.83034
3        -3.2829       -9.44577
7       -4.63743        -8.8597
9       -7.00627       -7.13527
6       -9.58411       -2.85391
20       -9.36782       -3.49915
18       -9.91095       -1.33158
16        -9.5737       -2.88864
32       -9.33081       -3.59665
25       -9.83441        1.81228
5       -9.61358        2.75303
31       -9.52085        3.05833
28       -9.84546        1.75127
27       -9.64629        2.63612
11       -6.11679        7.91106
4       -4.04286        9.14633
17       -1.04411        9.94534
29       0.234332        9.99725
23        1.71011        9.85269
30        1.34776        9.90876
24        3.99562        9.16706
2        5.23785         8.5185
15        5.31905        8.46804
1         7.4123        6.71252
1         7.4123        6.71252
8        8.69778        4.93443
21        9.25722        3.78206
14        9.91968        1.26486
19        9.94617        1.03624
10        6.59771       -7.51467
12         3.0221       -9.53241
13      -0.560722       -9.98427
26       -1.75195       -9.84534
22       -1.83422       -9.83034
3        -3.2829       -9.44577
7       -4.63743        -8.8597
9       -7.00627       -7.13527
32       -9.33081       -3.59665
20       -9.36782       -3.49915
16        -9.5737       -2.88864
6       -9.58411       -2.85391
18       -9.91095       -1.33158
28       -9.84546        1.75127
25       -9.83441        1.81228
27       -9.64629        2.63612
5       -9.61358        2.75303
31       -9.52085        3.05833
11       -6.11679        7.91106
4       -4.04286        9.14633
17       -1.04411        9.94534
29       0.234332        9.99725
30        1.34776        9.90876
23        1.71011        9.85269
24        3.99562        9.16706
2        5.23785         8.5185
15        5.31905        8.46804
1         7.4123        6.71252
1         7.4123        6.71252
9       -7.00627       -7.13527
13      -0.560722       -9.98427
3        -3.2829       -9.44577
7       -4.63743        -8.8597
32       -9.33081       -3.59665
31       -9.52085        3.05833
16        -9.5737       -2.88864
22       -1.83422       -9.83034
12         3.0221       -9.53241
6       -9.58411       -2.85391
27       -9.64629        2.63612
18       -9.91095       -1.33158
20       -9.36782       -3.49915
2        5.23785         8.5185
26       -1.75195       -9.84534
25       -9.83441        1.81228
10        6.59771       -7.51467
23        1.71011        9.85269
4       -4.04286        9.14633
19        9.94617        1.03624
5       -9.61358        2.75303
11       -6.11679        7.91106
28       -9.84546        1.75127
21        9.25722        3.78206
14        9.91968        1.26486
17       -1.04411        9.94534
8        8.69778        4.93443
24        3.99562        9.16706
30        1.34776        9.90876
29       0.234332        9.99725
15        5.31905        8.46804
1         7.4123        6.71252
1         7.4123        6.71252
15        5.31905        8.46804
21        9.25722        3.78206
14        9.91968        1.26486
19        9.94617        1.03624
10        6.59771       -7.51467
22       -1.83422       -9.83034
12         3.0221       -9.53241
13      -0.560722       -9.98427
26       -1.75195       -9.84534
3        -3.2829       -9.44577
32       -9.33081       -3.59665
6       -9.58411       -2.85391
31       -9.52085        3.05833
28       -9.84546        1.75127
25       -9.83441        1.81228
27       -9.64629        2.63612
5       -9.61358        2.75303
16        -9.5737       -2.88864
7       -4.63743        -8.8597
8        8.69778        4.93443
2        5.23785         8.5185
24        3.99562        9.16706
29       0.234332        9.99725
17       -1.04411        9.94534
4       -4.04286        9.14633
11       -6.11679        7.91106
18       -9.91095       -1.33158
20       -9.36782       -3.49915
9       -7.00627       -7.13527
23        1.71011        9.85269
30        1.34776        9.90876
1         7.4123        6.71252
1         7.4123        6.71252
21        9.25722        3.78206
8        8.69778        4.93443
14        9.91968        1.26486
19        9.94617        1.03624
10        6.59771       -7.51467
12         3.0221       -9.53241
13      -0.560722       -9.98427
26       -1.75195       -9.84534
22       -1.83422       -9.83034
3        -3.2829       -9.44577
32       -9.33081       -3.59665
6       -9.58411       -2.85391
31       -9.52085        3.05833
28       -9.84546        1.75127
25       -9.83441        1.81228
27       -9.64629        2.63612
5       -9.61358        2.75303
16        -9.5737       -2.88864
7       -4.63743        -8.8597
9       -7.00627       -7.13527
20       -9.36782       -3.49915
18       -9.91095       -1.33158
11       -6.11679        7.91106
4       -4.04286        9.14633
17       -1.04411        9.94534
15        5.31905        8.46804
2        5.23785         8.5185
24        3.99562        9.16706
23        1.71011        9.85269
29       0.234332        9.99725
30        1.34776        9.90876
1         7.4123        6.71252
1         7.4123        6.71252
8        8.69778        4.93443
21        9.25722        3.78206
14        9.91968        1.26486
19        9.94617        1.03624
10        6.59771       -7.51467
12         3.0221       -9.53241
13      -0.560722       -9.98427
26       -1.75195       -9.84534
22       -1.83422       -9.83034
3        -3.2829       -9.44577
7       -4.63743        -8.8597
9       -7.00627       -7.13527
6       -9.58411       -2.85391
20       -9.36782       -3.49915
18       -9.91095       -1.33158
16        -9.5737       -2.88864
32       -9.33081       -3.59665
25       -9.83441        1.81228
5       -9.61358        2.75303
31       -9.52085        3.05833
28       -9.84546        1.75127
27       -9.64629        2.63612
11       -6.11679        7.91106
4       -4.04286        9.14633
17       -1.04411        9.94534
29       0.234332        9.99725
23        1.71011        9.85269
30        1.34776        9.90876
24        3.99562        9.16706
2        5.23785         8.5185
15        5.31905        8.46804
1         7.4123        6.71252
1         7.4123        6.71252
8        8.69778        4.93443
21        9.25722        3.78206
14        9.91968        1.26486
19        9.94617        1.03624
10        6.59771       -7.51467
12         3.0221       -9.53241
13      -0.560722       -9.98427
26       -1.75195       -9.84534
22       -1.83422       -9.83034
3        -3.2829       -9.44577
7       -4.63743        -8.8597
9       -7.00627       -7.13527
32       -9.33081       -3.59665
20       -9.36782       -3.49915
16        -9.5737       -2.88864
6       -9.58411       -2.85391
18       -9.91095       -1.33158
28       -9.84546        1.75127
25       -9.83441        1.81228
27       -9.64629        2.63612
5       -9.61358        2.75303
31       -9.52085        3.05833
11       -6.11679        7.91106
4       -4.04286        9.14633
17       -1.04411        9.94534
29       0.234332        9.99725
30        1.34776        9.90876
23        1.71011        9.85269
24        3.99562        9.16706
2        5.23785         8.5185
15        5.31905        8.46804
1         7.4123        6.71252
1       -7.54701       -6.60164
21        3.72012       -2.61299
4        4.10058       -8.27986
20      0.0371557       -9.51432
9       -4.41534       0.917158
8       -6.63351        1.44877
15       -4.84213       -5.21464
10       -9.65397        1.66357
14      -0.417242      -0.114806
29        8.37711        8.79751
12       -5.33686       -6.13414
5        3.12037        8.10967
27        5.31528        9.40534
22        3.03909       -5.72297
18       -8.32092       -6.81482
16      -0.564068        1.69834
2        4.59299       -3.37669
23         3.5676       -8.03571
7        5.52096       -9.57725
30        6.26571       -9.64115
32        4.26846       -7.76446
17        2.33619        1.60937
3      -0.457706        1.43669
19        8.63731        5.08103
28        -5.4778        9.89221
11       -8.70714        5.09307
26       -8.94478       -0.92985
13      -0.135474        5.12095
24        -7.5808        3.60274
31       -7.32392       -8.93041
25        1.54538         6.8001
6       -2.57007        6.73133
1       -7.54701       -6.60164
1       -7.54701       -6.60164
15       -4.84213       -5.21464
28        -5.4778        9.89221
19        8.63731        5.08103
32        4.26846       -7.76446
20      0.0371557       -9.51432
30        6.26571       -9.64115
23         3.5676       -8.03571
4        4.10058       -8.27986
12       -5.33686       -6.13414
16      -0.564068        1.69834
5        3.12037        8.10967
13      -0.135474        5.12095
6       -2.57007        6.73133
11       -8.70714        5.09307
26       -8.94478       -0.92985
14      -0.417242      -0.114806
8       -6.63351        1.44877
10       -9.65397        1.66357
18       -8.32092       -6.81482
31       -7.32392       -8.93041
7        5.52096       -9.57725
22        3.03909       -5.72297
2        4.59299       -3.37669
21        3.72012       -2.61299
25        1.54538         6.8001
27        5.31528        9.40534
29        8.37711        8.79751
3      -0.457706        1.43669
17        2.33619        1.60937
9       -4.41534       0.917158
24        -7.5808        3.60274
1       -7.54701       -6.60164
1       -7.54701       -6.60164
15       -4.84213       -5.21464
26       -8.94478       -0.92985
7        5.52096       -9.57725
23         3.5676       -8.03571
30        6.26571       -9.64115
20      0.0371557       -9.51432
32        4.26846       -7.76446
4        4.10058       -8.27986
22        3.03909       -5.72297
2        4.59299       -3.37669
21        3.72012       -2.61299
31       -7.32392       -8.93041
18       -8.32092       -6.81482
12       -5.33686       -6.13414
16      -0.564068        1.69834
14      -0.417242      -0.114806
19        8.63731        5.08103
5        3.12037        8.10967
13      -0.135474        5.12095
6       -2.57007        6.73133
8       -6.63351        1.44877
10       -9.65397        1.66357
11       -8.70714        5.09307
28        -5.4778        9.89221
25        1.54538         6.8001
27        5.31528        9.40534
29        8.37711        8.79751
3      -0.457706        1.43669
17        2.33619        1.60937
9       -4.41534       0.917158
24        -7.5808        3.60274
1       -7.54701       -6.60164
1       -7.54701       -6.60164
15       -4.84213       -5.21464
12       -5.33686       -6.13414
20      0.0371557       -9.51432
30        6.26571       -9.64115
7        5.52096       -9.57725
32        4.26846       -7.76446
23         3.5676       -8.03571
4        4.10058       -8.27986
22        3.03909       -5.72297
2        4.59299       -3.37669
21        3.72012       -2.61299
14      -0.417242      -0.114806
31       -7.32392       -8.93041
18       -8.32092       -6.81482
26       -8.94478       -0.92985
16      -0.564068        1.69834
19        8.63731        5.08103
3      -0.457706        1.43669
17        2.33619        1.60937
9       -4.41534       0.917158
8       -6.63351        1.44877
10       -9.65397        1.66357
11       -8.70714        5.09307
28        -5.4778        9.89221
25        1.54538         6.8001
27        5.31528        9.40534
29        8.37711        8.79751
5        3.12037        8.10967
13      -0.135474        5.12095
6       -2.57007        6.73133
24        -7.5808        3.60274
1       -7.54701       -6.60164
1       -7.54701       -6.60164
12       -5.33686       -6.13414
15       -4.84213       -5.21464
20      0.0371557       -9.51432
23         3.5676       -8.03571
4        4.10058       -8.27986
7        5.52096       -9.57725
30        6.26571       -9.64115
32        4.26846       -7.76446
22        3.03909       -5.72297
2        4.59299       -3.37669
21        3.72012       -2.61299
14      -0.417242      -0.114806
9       -4.41534       0.917158
16      -0.564068        1.69834
3      -0.457706        1.43669
17        2.33619        1.60937
19        8.63731        5.08103
29        8.37711        8.79751
27        5.31528        9.40534
5        3.12037        8.10967
25        1.54538         6.8001
13      -0.135474        5.12095
6       -2.57007        6.73133
28        -5.4778        9.89221
11       -8.70714        5.09307
24        -7.5808        3.60274
8       -6.63351        1.44877
10       -9.65397        1.66357
26       -8.94478       -0.92985
18       -8.32092       -6.81482
31       -7.32392       -8.93041
1       -7.54701       -6.60164
