0.5		0.321311  		0.00532557
0.55		0.397811  		0.00259568
0.60		0.424369  		0.00245269
0.65		0.4283   		0.0022309
0.70		0.433033  		0.00225166
0.75		0.437839   		0.0012001
0.80		0.442283  		0.00215893
0.85		0.437778  		0.00141579
0.90		0.436089  		0.00131076
0.95		0.427542  		0.00104572
1.		0.419469  		0.00131505
1.05		0.409508  		0.00103661
1.10		0.397419  		0.00109829
1.15		0.384869 		0.000773639
1.20		0.370171  		0.00102557
1.25		0.35856 		0.000769526
1.30		0.343522 		0.000668885
1.5		0.293017 		0.000476746
1.75            0.23994 		0.000406928
2.		0.196543 		0.000309024
