           1000         4.8221              0
           2000        4.93791       0.115806
           3000        4.94986      0.0679196
           4000        4.91961      0.0567568
           5000        4.91151       0.044704
           6000         4.9568      0.0581689
           7000        4.85505       0.112999
           8000        4.87375      0.0996289
           9000        4.92061      0.0995823
          10000        4.98115       0.107696
          11000        5.03059       0.109242
          12000        5.07402       0.108769
          13000         5.0907       0.101434
          14000         5.0661      0.0970789
          15000        5.07791      0.0911439
          16000        5.10375      0.0890887
          17000        5.07476       0.088564
          18000        5.07009      0.0836296
          19000        5.09765      0.0837699
          20000        5.09251      0.0796373
          21000        5.09375      0.0757604
          22000        5.09166      0.0722648
          23000        5.07024      0.0722971
          24000        5.04553      0.0734995
          25000        5.03459      0.0713422
          26000        5.02841      0.0688207
          27000        5.04641      0.0686242
          28000        5.03277        0.06752
          29000        5.03297      0.0651504
          30000        5.02004      0.0642553
          31000        5.01134      0.0627537
          32000        5.03035      0.0636663
          33000        5.04296      0.0629805
          34000        5.05518      0.0623105
          35000         5.0495      0.0607694
          36000         5.0547      0.0592855
          37000         5.0516      0.0577445
          38000        5.04269      0.0569062
          39000        5.04523      0.0554861
          40000         5.0406      0.0542792
          41000        5.02746      0.0545431
          42000        5.02977      0.0532786
          43000         5.0314      0.0520504
          44000        5.03143      0.0508537
          45000        5.02385       0.050285
          46000        5.01606      0.0497943
          47000        5.01977      0.0488646
          48000        5.01922      0.0478388
          49000        5.01523       0.047022
          50000        5.01226      0.0461678
          51000        5.00998      0.0453111
          52000        5.01863      0.0452663
          53000        5.00967      0.0452995
          54000        5.00954      0.0444529
          55000        5.00904        0.04364
          56000        5.02321      0.0451353
          57000        5.03065      0.0449565
          58000        5.03029      0.0441761
          59000         5.0323      0.0434674
          60000        5.02901      0.0428632
          61000        5.03238      0.0422893
          62000        5.02787      0.0418459
          63000        5.02426      0.0413345
          64000         5.0209      0.0408221
          65000        5.01914      0.0402275
          66000        5.01607      0.0397322
          67000        5.02187       0.039562
          68000        5.01472      0.0396263
          69000        5.01577      0.0390619
          70000        5.01585      0.0384999
          71000        5.01661      0.0379613
          72000        5.01466      0.0374807
          73000        5.01125      0.0371208
          74000        5.01015      0.0366322
          75000        5.01141      0.0361624
          76000        5.01653      0.0360486
          77000        5.01725      0.0355846
          78000        5.01997       0.035231
          79000        5.01423      0.0352523
          80000         5.0178      0.0349906
          81000        5.02067      0.0346753
          82000        5.01989      0.0342587
          83000        5.01859      0.0338685
          84000        5.02581      0.0342335
          85000         5.0201      0.0343068
          86000        5.01917      0.0339182
          87000         5.0221      0.0336531
          88000        5.02598      0.0334942
          89000        5.01977      0.0336934
          90000         5.0177       0.033381
          91000        5.01953       0.033063
          92000        5.02293      0.0328778
          93000        5.02462       0.032566
          94000        5.03407      0.0335759
          95000        5.02779      0.0338096
          96000        5.02611      0.0334978
          97000        5.02682      0.0331585
          98000        5.02819      0.0328469
          99000        5.03077      0.0326154
         100000        5.02872      0.0323525
         101000        5.02715      0.0320693
         102000        5.02911      0.0318138
         103000         5.0318       0.031618
         104000        5.03519      0.0314962
         105000        5.03023      0.0315868
         106000        5.02517      0.0316934
         107000        5.02712      0.0314558
         108000        5.02723      0.0311634
         109000        5.02408      0.0310363
         110000        5.02391      0.0307534
         111000        5.02844      0.0308099
         112000        5.02771      0.0305423
         113000        5.02809      0.0302731
         114000        5.02527      0.0301378
         115000        5.02136        0.03013
         116000        5.02338      0.0299376
         117000        5.02531      0.0297428
         118000        5.02653      0.0295149
         119000        5.02877      0.0293515
         120000         5.0297      0.0291209
         121000        5.02932      0.0288817
         122000        5.02717      0.0287246
         123000        5.02895      0.0285454
         124000         5.0282       0.028324
         125000         5.0279      0.0280981
         126000        5.02686      0.0278937
         127000        5.02626      0.0276797
         128000        5.02668      0.0274659
         129000        5.02449      0.0273401
         130000        5.02594      0.0271678
         131000        5.02592      0.0269597
         132000        5.02505      0.0267688
         133000         5.0274      0.0266708
         134000        5.02574      0.0265228
         135000        5.02743      0.0263798
         136000        5.02503      0.0262949
         137000        5.02429      0.0261129
         138000         5.0207      0.0261698
         139000        5.01836      0.0260863
         140000        5.01712       0.025929
         141000         5.0163      0.0257574
         142000        5.01342      0.0257369
         143000         5.0108      0.0256905
         144000        5.01049      0.0255133
         145000        5.00982      0.0253457
         146000        5.00975      0.0251716
         147000        5.01243      0.0251426
         148000        5.01147      0.0249906
         149000        5.01444      0.0249998
         150000        5.01469      0.0248338
         151000        5.01596      0.0247017
         152000        5.01605      0.0245388
         153000        5.01386      0.0244756
         154000        5.01093      0.0244917
         155000        5.01043      0.0243385
         156000        5.01355      0.0243832
         157000        5.01462      0.0242508
         158000        5.01375      0.0241125
         159000         5.0171      0.0241937
         160000        5.02518      0.0253651
         161000         5.0248        0.02521
         162000        5.02593      0.0250791
         163000        5.02705        0.02495
         164000        5.02397      0.0249877
         165000        5.02389      0.0248359
         166000         5.0251       0.024715
         167000        5.02556       0.024571
         168000        5.02406      0.0244705
         169000        5.02313      0.0243429
         170000         5.0253       0.024296
         171000        5.02712       0.024222
         172000        5.02498      0.0241755
         173000        5.02337      0.0240895
         174000        5.02383       0.023955
         175000        5.02077      0.0240135
         176000        5.01983       0.023895
         177000        5.02121      0.0237993
         178000        5.01939      0.0237349
         179000        5.01866      0.0236131
         180000        5.01863      0.0234816
         181000        5.02049      0.0234252
         182000        5.01821      0.0234074
         183000        5.01706      0.0233072
         184000        5.01693      0.0231805
         185000         5.0206      0.0233458
         186000          5.021      0.0232234
         187000         5.0207      0.0231009
         188000        5.01848      0.0230841
         189000         5.0164      0.0230556
         190000        5.01678       0.022937
         191000         5.0164      0.0228198
         192000         5.0178      0.0227439
         193000         5.0203      0.0227629
         194000         5.0202      0.0226455
         195000        5.02285      0.0226845
         196000        5.02259      0.0225699
         197000        5.02064      0.0225394
         198000        5.02169        0.02245
         199000        5.01934      0.0224608
         200000        5.01967      0.0223506
         201000        5.01771      0.0223254
         202000        5.01608      0.0222739
         203000        5.01654      0.0221686
         204000        5.01798      0.0221066
         205000        5.01872      0.0220111
         206000        5.01964      0.0219233
         207000        5.01921      0.0218214
         208000        5.01813      0.0217432
         209000        5.01861      0.0216442
         210000        5.01885      0.0215422
         211000        5.01884      0.0214399
         212000        5.02024      0.0213842
         213000        5.01944      0.0212986
         214000        5.01806      0.0212437
         215000        5.01706      0.0211682
         216000         5.0196      0.0212224
         217000        5.02023      0.0211339
         218000        5.01928      0.0210584
         219000        5.01733      0.0210522
         220000        5.01934      0.0210523
         221000         5.0187      0.0209663
         222000        5.01745      0.0209096
         223000        5.01998      0.0209698
         224000         5.0177      0.0209999
         225000        5.01796       0.020908
         226000        5.02116        0.02106
         227000        5.02079      0.0209704
         228000        5.02202      0.0209143
         229000        5.02484      0.0210132
         230000        5.02293      0.0210083
         231000        5.02324      0.0209195
         232000         5.0222      0.0208552
         233000        5.02306      0.0207832
         234000        5.02325      0.0206951
         235000        5.02269      0.0206145
         236000        5.02322      0.0205338
         237000        5.02581      0.0206097
         238000        5.02824       0.020667
         239000        5.02766      0.0205886
         240000         5.0255      0.0206157
         241000        5.02428      0.0205664
         242000        5.02406      0.0204824
         243000         5.0261      0.0204989
         244000        5.02587      0.0204161
         245000         5.0276      0.0204068
         246000        5.02448      0.0205624
         247000        5.02197      0.0206329
         248000        5.02314      0.0205829
         249000        5.02405      0.0205202
         250000         5.0228      0.0204762
         251000        5.02106      0.0204677
         252000        5.02262      0.0204456
         253000        5.02247      0.0203652
         254000        5.02513      0.0204583
         255000        5.02547      0.0203808
         256000         5.0244      0.0203295
         257000        5.02227      0.0203619
         258000        5.02219       0.020283
         259000        5.02136      0.0202215
         260000        5.01858      0.0203341
         261000        5.01801       0.020264
         262000        5.01604      0.0202822
         263000        5.01609       0.020205
         264000        5.01718       0.020158
         265000        5.01608      0.0201121
         266000        5.01647      0.0200401
         267000         5.0174      0.0199863
         268000        5.01728      0.0199119
         269000        5.01654      0.0198518
         270000        5.01613      0.0197824
         271000        5.01646      0.0197122
         272000        5.01605       0.019644
         273000         5.0173      0.0196121
         274000         5.0182      0.0195613
         275000        5.01737      0.0195076
         276000        5.01842      0.0194647
         277000        5.01837      0.0193943
         278000        5.01856      0.0193254
         279000         5.0187      0.0192565
         280000        5.01862      0.0191878
         281000        5.01704       0.019185
         282000        5.01621      0.0191346
         283000        5.01602      0.0190679
         284000        5.01439      0.0190703
         285000        5.01499       0.019013
         286000        5.01468      0.0189489
         287000        5.01409      0.0188922
         288000        5.01299      0.0188586
         289000        5.01361      0.0188036
         290000        5.01334      0.0187407
         291000        5.01154      0.0187624
         292000        5.01326      0.0187764
         293000        5.01278      0.0187183
         294000        5.01479      0.0187618
         295000        5.01432       0.018704
         296000         5.0138      0.0186478
         297000        5.01483      0.0186134
         298000        5.01271      0.0186717
         299000        5.01327      0.0186176
         300000        5.01183      0.0186111
         301000        5.01038      0.0186065
         302000        5.01116      0.0185614
         303000        5.01009      0.0185312
         304000        5.01009      0.0184702
         305000         5.0085      0.0184779
         306000        5.00796      0.0184255
         307000        5.00703      0.0183888
         308000        5.00766      0.0183397
         309000        5.00807      0.0182849
         310000        5.00581      0.0183657
         311000        5.00694      0.0183418
         312000        5.00621      0.0182974
         313000        5.00624      0.0182388
         314000        5.00594      0.0181832
         315000        5.00607      0.0181258
         316000        5.00764      0.0181368
         317000        5.00789      0.0180812
         318000        5.00602      0.0181214
         319000        5.00602      0.0180645
         320000        5.00638      0.0180116
         321000        5.00716      0.0179721
         322000        5.00782      0.0179285
         323000        5.00895      0.0179082
         324000        5.01072      0.0179411
         325000        5.01045      0.0178878
         326000        5.01014      0.0178355
         327000        5.01078      0.0177923
         328000        5.01053      0.0177398
         329000        5.01188       0.017737
         330000         5.0111      0.0177003
         331000        5.01082      0.0176489
         332000        5.01097      0.0175963
         333000        5.01097      0.0175434
         334000        5.01028      0.0175041
         335000        5.01223      0.0175601
         336000        5.01192      0.0175106
         337000        5.01274      0.0174778
         338000        5.01387      0.0174632
         339000         5.0135      0.0174156
         340000        5.01267      0.0173846
         341000        5.01193      0.0173489
         342000        5.01247      0.0173066
         343000        5.01217      0.0172586
         344000        5.01278      0.0172192
         345000        5.01255      0.0171708
         346000        5.01201      0.0171294
         347000         5.0114      0.0170911
         348000         5.0102      0.0170842
         349000        5.00885      0.0170883
         350000        5.00831       0.017048
         351000        5.00825      0.0169995
         352000         5.0081      0.0169518
         353000         5.0081      0.0169037
         354000          5.008      0.0168562
         355000        5.00743      0.0168182
         356000        5.00829      0.0167925
         357000        5.00854      0.0167473
         358000        5.00826      0.0167027
         359000         5.0075      0.0166735
         360000        5.00641      0.0166628
         361000        5.00838      0.0167323
         362000        5.01081       0.016862
         363000        5.01088      0.0168157
         364000        5.01085      0.0167694
         365000        5.01073      0.0167238
         366000        5.01107      0.0166815
         367000        5.01097      0.0166363
         368000        5.01073      0.0165928
         369000        5.01013      0.0165585
         370000        5.01054      0.0165187
         371000         5.0086      0.0165869
         372000        5.00834      0.0165444
         373000        5.00772      0.0165114
         374000        5.00743      0.0164698
         375000        5.00776      0.0164292
         376000        5.00748      0.0163879
         377000        5.00732      0.0163452
         378000        5.00888      0.0163771
         379000        5.00862       0.016336
         380000        5.00863       0.016293
         381000        5.00933       0.016265
         382000         5.0091      0.0162239
         383000        5.00856      0.0161906
         384000        5.00814      0.0161539
         385000         5.0079      0.0161136
         386000        5.00954      0.0161546
         387000        5.01011      0.0161229
         388000        5.01019      0.0160815
         389000        5.01244      0.0161978
         390000        5.01322       0.016175
         391000        5.01336      0.0161342
         392000        5.01304      0.0160961
         393000        5.01275      0.0160577
         394000        5.01354      0.0160362
         395000        5.01455      0.0160276
         396000        5.01512      0.0159972
         397000        5.01595      0.0159786
         398000        5.01658      0.0159506
         399000        5.01639      0.0159116
         400000        5.01692      0.0158807
         401000        5.01719      0.0158433
         402000        5.01778      0.0158148
         403000        5.01719      0.0157864
         404000        5.01742      0.0157489
         405000        5.01839      0.0157401
         406000        5.01747      0.0157282
         407000        5.01709      0.0156942
         408000        5.01736      0.0156581
         409000        5.01804      0.0156346
         410000        5.01824      0.0155977
         411000        5.01728      0.0155895
         412000        5.01824      0.0155816
         413000        5.01806      0.0155449
         414000        5.01745      0.0155192
         415000         5.0158        0.01557
         416000        5.01655      0.0155506
         417000        5.01669       0.015514
         418000        5.01599       0.015493
         419000        5.01772      0.0155527
         420000        5.01758      0.0155162
         421000        5.01685      0.0154968
         422000        5.01589      0.0154899
         423000        5.01596      0.0154534
         424000        5.01524      0.0154339
         425000        5.01437      0.0154218
         426000        5.01442      0.0153856
         427000        5.01383      0.0153609
         428000         5.0125       0.015382
         429000        5.01407      0.0154263
         430000        5.01386      0.0153919
         431000        5.01296      0.0153824
         432000        5.01306      0.0153471
         433000        5.01273      0.0153151
         434000        5.01206      0.0152948
         435000        5.01271      0.0152734
         436000        5.01288      0.0152394
         437000        5.01373      0.0152282
         438000        5.01276      0.0152239
         439000        5.01323      0.0151963
         440000        5.01379      0.0151721
         441000        5.01341      0.0151424
         442000        5.01351      0.0151085
         443000        5.01324      0.0150767
         444000        5.01266      0.0150541
         445000        5.01208      0.0150314
         446000        5.01234      0.0149999
         447000        5.01265      0.0149696
         448000         5.0131      0.0149429
         449000        5.01276      0.0149134
         450000        5.01413      0.0149437
         451000        5.01462      0.0149186
         452000        5.01476      0.0148861
         453000        5.01604      0.0149084
         454000        5.01652      0.0148833
         455000        5.01581      0.0148678
         456000        5.01577      0.0148352
         457000        5.01534       0.014809
         458000        5.01407      0.0148314
         459000        5.01393      0.0147997
         460000        5.01357      0.0147719
         461000        5.01441      0.0147641
         462000        5.01466      0.0147341
         463000        5.01593      0.0147568
         464000        5.01532      0.0147375
         465000        5.01608      0.0147256
         466000        5.01606       0.014694
         467000        5.01606      0.0146625
         468000        5.01574      0.0146346
         469000         5.0161      0.0146077
         470000        5.01663      0.0145863
         471000        5.01658      0.0145554
         472000        5.01656      0.0145246
         473000        5.01608      0.0145016
         474000        5.01543      0.0144858
         475000        5.01625      0.0144785
         476000        5.01581      0.0144547
         477000        5.01583      0.0144244
         478000        5.01497      0.0144196
         479000        5.01537       0.014395
         480000        5.01466      0.0143828
         481000        5.01332       0.014415
         482000        5.01362      0.0143882
         483000        5.01263       0.014392
         484000        5.01234      0.0143652
         485000        5.01245       0.014336
         486000        5.01178       0.014322
         487000        5.01245      0.0143082
         488000        5.01129      0.0143256
         489000        5.01121      0.0142965
         490000        5.01089      0.0142711
         491000        5.01045      0.0142488
         492000        5.00978      0.0142354
         493000        5.00869      0.0142485
         494000        5.00895      0.0142221
         495000        5.00832      0.0142073
         496000        5.00926      0.0142095
         497000        5.00833      0.0142114
         498000        5.00807      0.0141851
         499000        5.00892      0.0141818
         500000        5.00953      0.0141667
         501000        5.00826      0.0141956
         502000        5.00884       0.014179
         503000         5.0102       0.014216
         504000        5.01092      0.0142063
         505000        5.01033      0.0141906
         506000        5.00984      0.0141708
         507000        5.01012      0.0141456
         508000        5.00831      0.0142339
         509000        5.00841      0.0142063
         510000        5.00834      0.0141785
         511000        5.00868      0.0141547
         512000        5.00928      0.0141399
         513000        5.00939      0.0141127
         514000         5.0097      0.0140887
         515000        5.00919      0.0140705
         516000        5.00938      0.0140444
         517000        5.00971      0.0140211
         518000        5.00915      0.0140054
         519000        5.00925      0.0139788
         520000         5.0094      0.0139528
         521000        5.01054      0.0139725
         522000        5.01098      0.0139524
         523000        5.01091      0.0139259
         524000        5.01082      0.0138996
         525000        5.01014      0.0138897
         526000        5.01042      0.0138659
         527000         5.0117      0.0138992
         528000        5.01084      0.0138996
         529000        5.01109      0.0138755
         530000        5.01154      0.0138566
         531000         5.0115      0.0138306
         532000        5.01112      0.0138095
         533000        5.00976      0.0138509
         534000        5.00966      0.0138254
         535000        5.00933      0.0138034
         536000        5.00951      0.0137788
         537000        5.00994        0.01376
         538000        5.01067      0.0137535
         539000         5.0109        0.01373
         540000        5.01147      0.0137163
         541000        5.01141      0.0136911
         542000        5.01135      0.0136659
         543000        5.01225      0.0136701
         544000        5.01144      0.0136685
         545000        5.01046      0.0136788
         546000        5.01136      0.0136835
         547000        5.01197      0.0136718
         548000        5.01097      0.0136829
         549000        5.01165      0.0136748
         550000        5.01086      0.0136729
         551000        5.01084       0.013648
         552000        5.01003      0.0136473
         553000        5.00855       0.013703
         554000        5.00874      0.0136795
         555000        5.00881      0.0136551
         556000        5.00882      0.0136305
         557000         5.0096       0.013628
         558000         5.0099      0.0136069
         559000        5.00983      0.0135827
         560000        5.01001      0.0135596
         561000        5.01016      0.0135363
         562000        5.01055      0.0135178
         563000        5.01017       0.013499
         564000        5.00976      0.0134814
         565000        5.00958      0.0134587
         566000        5.01071      0.0134822
         567000        5.01154      0.0134843
         568000        5.01152      0.0134605
         569000        5.01109      0.0134436
         570000        5.01177      0.0134372
         571000        5.01207       0.013417
         572000        5.01097       0.013439
         573000        5.01045      0.0134255
         574000        5.00981      0.0134175
         575000        5.01016      0.0133987
         576000        5.01043      0.0133781
         577000        5.01024      0.0133562
         578000        5.00986      0.0133385
         579000        5.00863      0.0133719
         580000        5.00853      0.0133492
         581000         5.0088      0.0133288
         582000        5.00871      0.0133062
         583000         5.0082      0.0132932
         584000        5.00878      0.0132833
         585000        5.00861      0.0132617
         586000         5.0084      0.0132408
         587000        5.00804       0.013223
         588000        5.00767      0.0132059
         589000        5.00768      0.0131834
         590000        5.00824      0.0131727
         591000        5.00963      0.0132242
         592000        5.00956      0.0132021
         593000        5.01068      0.0132271
         594000        5.01082      0.0132056
         595000        5.01064      0.0131846
         596000        5.01103      0.0131682
         597000        5.01085      0.0131473
         598000        5.00999      0.0131537
         599000        5.01027      0.0131348
         600000        5.01091      0.0131285
         601000        5.01116      0.0131089
         602000        5.01068      0.0130957
         603000        5.01127      0.0130871
         604000        5.01061       0.013082
         605000        5.01043      0.0130616
         606000        5.00985      0.0130528
         607000        5.01006      0.0130329
         608000        5.01083      0.0130345
         609000        5.01114      0.0130168
         610000        5.01161      0.0130038
         611000        5.01133      0.0129855
         612000        5.01195      0.0129794
         613000        5.01139      0.0129706
         614000        5.01219      0.0129745
         615000         5.0119      0.0129568
         616000        5.01176      0.0129364
         617000        5.01218      0.0129223
         618000        5.01233      0.0129022
         619000        5.01184      0.0128906
         620000        5.01163      0.0128715
         621000        5.01126      0.0128561
         622000        5.01082       0.012843
         623000        5.01138      0.0128345
         624000        5.01115      0.0128159
         625000        5.01116      0.0127954
         626000        5.01105      0.0127754
         627000        5.01107       0.012755
         628000        5.01134      0.0127377
         629000        5.01122       0.012718
         630000        5.01116      0.0126979
         631000        5.01095      0.0126796
         632000        5.01096      0.0126595
         633000        5.01067      0.0126427
         634000        5.01014      0.0126339
         635000        5.01013       0.012614
         636000        5.00978      0.0125989
         637000        5.00975      0.0125792
         638000        5.00922      0.0125707
         639000        5.00847      0.0125734
         640000        5.00908      0.0125687
         641000        5.00957      0.0125586
         642000        5.01018      0.0125536
         643000        5.01059      0.0125409
         644000        5.01078      0.0125228
         645000        5.01021      0.0125162
         646000        5.01058      0.0125023
         647000        5.01157      0.0125218
         648000        5.01135      0.0125043
         649000        5.01215      0.0125102
         650000        5.01178      0.0124962
         651000        5.01152      0.0124797
         652000        5.01148      0.0124606
         653000        5.01096      0.0124526
         654000        5.01086       0.012434
         655000        5.01024      0.0124304
         656000        5.00973      0.0124221
         657000        5.01005      0.0124074
         658000        5.01058         0.0124
         659000        5.01042      0.0123822
         660000        5.01034      0.0123637
         661000        5.01021      0.0123456
         662000        5.00973      0.0123366
         663000         5.0097       0.012318
         664000        5.01025       0.012312
         665000        5.01044      0.0122948
         666000        5.01064       0.012278
         667000        5.01117      0.0122709
         668000        5.01163      0.0122612
         669000        5.01131      0.0122471
         670000         5.0115      0.0122303
         671000        5.01184      0.0122169
         672000          5.012      0.0121997
         673000        5.01201      0.0121816
         674000        5.01239      0.0121696
         675000        5.01227      0.0121522
         676000        5.01192      0.0121392
         677000        5.01163      0.0121247
         678000        5.01169       0.012107
         679000        5.01213      0.0120969
         680000        5.01258      0.0120877
         681000        5.01241      0.0120713
         682000        5.01288      0.0120629
         683000        5.01222      0.0120633
         684000        5.01236      0.0120465
         685000        5.01221      0.0120298
         686000        5.01184      0.0120179
         687000        5.01133      0.0120113
         688000        5.01197      0.0120109
         689000        5.01243      0.0120023
         690000         5.0124       0.011985
         691000        5.01313      0.0119898
         692000        5.01288      0.0119751
         693000         5.0125      0.0119638
         694000        5.01254      0.0119466
         695000        5.01283      0.0119331
         696000        5.01282      0.0119159
         697000        5.01286      0.0118989
         698000        5.01316      0.0118856
         699000        5.01314      0.0118686
         700000        5.01258      0.0118645
         701000        5.01339      0.0118749
         702000        5.01324      0.0118589
         703000        5.01388      0.0118595
         704000        5.01388      0.0118427
         705000        5.01472      0.0118559
         706000        5.01464      0.0118394
         707000        5.01429      0.0118278
         708000        5.01458      0.0118145
         709000        5.01451       0.011798
         710000        5.01432       0.011783
         711000          5.015       0.011786
         712000        5.01537      0.0117753
         713000        5.01591      0.0117712
         714000        5.01523      0.0117744
         715000        5.01546      0.0117602
         716000        5.01524      0.0117459
         717000        5.01484      0.0117361
         718000        5.01481      0.0117198
         719000         5.0147       0.011704
         720000        5.01451      0.0116894
         721000        5.01415      0.0116785
         722000        5.01371      0.0116708
         723000        5.01315      0.0116681
         724000        5.01355       0.011659
         725000        5.01333       0.011645
         726000        5.01365      0.0116333
         727000        5.01334      0.0116215
         728000        5.01341      0.0116058
         729000        5.01315      0.0115928
         730000        5.01389      0.0116006
         731000        5.01398      0.0115851
         732000        5.01425      0.0115725
         733000        5.01343      0.0115862
         734000        5.01316      0.0115734
         735000        5.01366      0.0115686
         736000        5.01494      0.0116232
         737000        5.01503      0.0116078
         738000        5.01573      0.0116134
         739000        5.01522      0.0116091
         740000        5.01484      0.0115994
         741000        5.01514      0.0115877
         742000        5.01493       0.011574
         743000         5.0161       0.011618
         744000        5.01687      0.0116279
         745000         5.0167      0.0116136
         746000        5.01739      0.0116184
         747000        5.01728      0.0116033
         748000        5.01693      0.0115929
         749000        5.01753      0.0115929
         750000        5.01747      0.0115776
         751000        5.01727      0.0115638
         752000        5.01647      0.0115759
         753000        5.01651      0.0115606
         754000        5.01579      0.0115674
         755000        5.01541      0.0115585
         756000        5.01553      0.0115438
         757000        5.01575      0.0115305
         758000        5.01559      0.0115163
         759000        5.01555      0.0115012
         760000        5.01525      0.0114899
         761000        5.01464      0.0114913
         762000         5.0144      0.0114786
         763000        5.01399      0.0114709
         764000        5.01348      0.0114672
         765000        5.01354      0.0114524
         766000        5.01304      0.0114484
         767000        5.01246      0.0114478
         768000        5.01375      0.0115054
         769000        5.01364       0.011491
         770000        5.01311      0.0114881
         771000         5.0132      0.0114735
         772000        5.01343       0.011461
         773000        5.01352      0.0114465
         774000        5.01421      0.0114526
         775000        5.01383      0.0114441
         776000         5.0135       0.011434
         777000        5.01324      0.0114223
         778000        5.01346      0.0114095
         779000        5.01382      0.0114006
         780000        5.01423      0.0113934
         781000         5.0147      0.0113887
         782000        5.01495      0.0113768
         783000        5.01511      0.0113634
         784000        5.01471      0.0113561
         785000        5.01385      0.0113743
         786000        5.01329      0.0113733
         787000        5.01278      0.0113702
         788000        5.01309      0.0113599
         789000        5.01291       0.011347
         790000        5.01242      0.0113429
         791000        5.01236      0.0113287
         792000        5.01254      0.0113158
         793000         5.0125      0.0113017
         794000        5.01293      0.0112957
         795000          5.013      0.0112818
         796000        5.01347      0.0112772
         797000        5.01315      0.0112676
         798000        5.01271      0.0112622
         799000        5.01269      0.0112482
         800000        5.01298       0.011238
         801000        5.01379      0.0112526
         802000         5.0133      0.0112491
         803000        5.01369      0.0112416
         804000        5.01395      0.0112308
         805000        5.01444      0.0112273
         806000        5.01482      0.0112198
         807000        5.01496      0.0112068
         808000         5.0147      0.0111959
         809000        5.01585      0.0112414
         810000        5.01562        0.01123
         811000         5.0165      0.0112505
         812000        5.01606      0.0112453
         813000        5.01589      0.0112327
         814000        5.01518      0.0112411
         815000        5.01481      0.0112334
         816000        5.01532       0.011231
         817000        5.01536      0.0112173
         818000        5.01539      0.0112037
         819000        5.01531      0.0111903
         820000        5.01529      0.0111767
         821000        5.01492      0.0111693
         822000        5.01477      0.0111567
         823000        5.01442      0.0111486
         824000        5.01425      0.0111364
         825000         5.0143       0.011123
         826000        5.01467      0.0111158
         827000        5.01415      0.0111146
         828000        5.01385      0.0111053
         829000        5.01334      0.0111036
         830000         5.0134      0.0110903
         831000         5.0129      0.0110881
         832000        5.01265      0.0110778
         833000        5.01284      0.0110662
         834000        5.01305      0.0110548
         835000         5.0128      0.0110444
         836000        5.01305       0.011034
         837000        5.01279      0.0110238
         838000        5.01275      0.0110107
         839000        5.01261      0.0109984
         840000        5.01335      0.0110101
         841000          5.014      0.0110159
         842000        5.01498       0.011047
         843000        5.01529      0.0110381
         844000        5.01576       0.011035
         845000        5.01652      0.0110481
         846000        5.01652       0.011035
         847000        5.01648      0.0110221
         848000        5.01712      0.0110274
         849000        5.01773      0.0110313
         850000        5.01766      0.0110185
         851000        5.01774      0.0110059
         852000        5.01769      0.0109931
         853000        5.01802       0.010985
         854000        5.01767      0.0109775
         855000         5.0172      0.0109749
         856000        5.01712      0.0109624
         857000        5.01745      0.0109545
         858000        5.01753      0.0109421
         859000        5.01744      0.0109297
         860000        5.01769      0.0109199
         861000        5.01813      0.0109162
         862000        5.01817      0.0109036
         863000        5.01802      0.0108919
         864000        5.01789      0.0108801
         865000        5.01736      0.0108803
         866000        5.01835      0.0109127
         867000        5.01868      0.0109051
         868000        5.01861      0.0108927
         869000        5.01803       0.010896
         870000        5.01788      0.0108844
         871000        5.01895      0.0109244
         872000        5.01846      0.0109228
         873000        5.01874      0.0109139
         874000        5.01935      0.0109182
         875000        5.01903      0.0109103
         876000        5.01901      0.0108979
         877000         5.0187      0.0108897
         878000        5.01837      0.0108826
         879000        5.01776      0.0108872
         880000        5.01802      0.0108781
         881000        5.01846      0.0108744
         882000        5.01845       0.010862
         883000        5.01863      0.0108511
         884000        5.01831      0.0108435
         885000        5.01832      0.0108313
         886000        5.01836      0.0108191
         887000        5.01823      0.0108076
         888000        5.01826      0.0107955
         889000        5.01914      0.0108189
         890000        5.01891      0.0108091
         891000        5.01923      0.0108017
         892000        5.02058      0.0108734
         893000        5.02035      0.0108637
         894000        5.02015      0.0108534
         895000        5.01995      0.0108431
         896000        5.01966       0.010835
         897000        5.01949      0.0108242
         898000        5.01953      0.0108122
         899000        5.01909      0.0108088
         900000        5.01922      0.0107975
         901000        5.01982      0.0108021
         902000        5.01979      0.0107901
         903000        5.01947       0.010783
         904000        5.01922       0.010774
         905000        5.01957       0.010768
         906000        5.01979      0.0107583
         907000        5.01961       0.010748
         908000        5.01953      0.0107364
         909000        5.02004      0.0107365
         910000        5.02028      0.0107273
         911000        5.02072      0.0107247
         912000        5.02073      0.0107129
         913000        5.02078      0.0107013
         914000        5.02082      0.0106897
         915000        5.02015       0.010699
         916000        5.02007      0.0106876
         917000        5.01995      0.0106766
         918000        5.02016       0.010667
         919000        5.01961      0.0106692
         920000        5.02019      0.0106729
         921000         5.0197      0.0106725
         922000        5.01935      0.0106667
         923000        5.01899      0.0106612
         924000        5.01902      0.0106497
         925000        5.01971      0.0106604
         926000        5.01979      0.0106492
         927000        5.01943       0.010644
         928000        5.01976      0.0106379
         929000        5.01951      0.0106295
         930000        5.02007      0.0106332
         931000        5.02053      0.0106317
         932000        5.02068      0.0106214
         933000        5.02033      0.0106159
         934000        5.02092      0.0106207
         935000        5.02138      0.0106194
         936000        5.02087      0.0106203
         937000        5.02131      0.0106182
         938000        5.02186      0.0106209
         939000        5.02238      0.0106225
         940000        5.02202      0.0106172
         941000        5.02209      0.0106061
         942000        5.02199      0.0105953
         943000        5.02187      0.0105847
         944000        5.02173      0.0105744
         945000        5.02174      0.0105632
         946000        5.02132      0.0105605
         947000        5.02141      0.0105497
         948000        5.02105      0.0105446
         949000        5.02133      0.0105372
         950000        5.02167      0.0105315
         951000        5.02113      0.0105345
         952000        5.02092      0.0105254
         953000        5.02098      0.0105144
         954000        5.02087       0.010504
         955000        5.02078      0.0104934
         956000        5.02039      0.0104894
         957000        5.02022      0.0104798
         958000        5.02097      0.0104958
         959000        5.02084      0.0104857
         960000        5.02042       0.010483
         961000        5.02087      0.0104816
         962000        5.02095      0.0104711
         963000        5.02099      0.0104602
         964000        5.02065      0.0104548
         965000        5.02059      0.0104442
         966000        5.02043      0.0104346
         967000        5.02012      0.0104284
         968000         5.0197      0.0104261
         969000        5.01972      0.0104153
         970000        5.01995      0.0104072
         971000        5.01968      0.0103999
         972000         5.0198        0.01039
         973000        5.01993        0.01038
         974000        5.02058      0.0103899
         975000         5.0209      0.0103842
         976000        5.02075      0.0103746
         977000        5.02043      0.0103689
         978000        5.02019      0.0103611
         979000        5.01997      0.0103528
         980000        5.01944      0.0103559
         981000        5.01882       0.010364
         982000        5.01862      0.0103554
         983000        5.01862      0.0103448
         984000        5.01809      0.0103478
         985000        5.01793      0.0103385
         986000         5.0178      0.0103289
         987000        5.01781      0.0103184
         988000        5.01788      0.0103082
         989000        5.01794       0.010298
         990000        5.01844      0.0102999
         991000        5.01793      0.0103022
         992000        5.01786       0.010292
         993000        5.01775      0.0102823
         994000        5.01783      0.0102722
         995000        5.01739      0.0102711
         996000        5.01668      0.0102853
         997000        5.01676      0.0102753
         998000        5.01621      0.0102797
         999000        5.01622      0.0102695
        1000000         5.0163      0.0102595
