           1000         1.2848              0
           2000        1.37147        0.08667
           3000        1.50848       0.145862
           4000        1.47256       0.109214
           5000        1.47303      0.0845982
           6000        1.46541      0.0694932
           7000        1.48813      0.0629734
           8000        1.49036      0.0545824
           9000        1.46814      0.0530181
          10000        1.47426      0.0478132
          11000         1.4708      0.0433864
          12000        1.46798      0.0397065
          13000         1.4688      0.0365337
          14000        1.46836      0.0338265
          15000        1.46428       0.031754
          16000        1.46862      0.0300184
          17000        1.47643      0.0292598
          18000        1.46729      0.0290623
          19000        1.47527      0.0286272
          20000        1.47548      0.0271589
          21000          1.474      0.0258754
          22000        1.47832      0.0250459
          23000        1.48156      0.0241515
          24000        1.48728      0.0238184
          25000        1.48543      0.0229206
          26000        1.48702      0.0220792
          27000        1.48673      0.0212477
          28000        1.48506      0.0205433
          29000        1.47944      0.0206028
          30000        1.48341      0.0202973
          31000        1.47525      0.0212621
          32000        1.47595      0.0205989
          33000        1.48104      0.0206047
          34000          1.483      0.0200853
          35000        1.48389      0.0195232
          36000        1.49076       0.020179
          37000         1.4876      0.0198796
          38000        1.48684      0.0193644
          39000        1.48447      0.0190097
          40000        1.48759      0.0187902
          41000        1.48659      0.0183535
          42000        1.48857      0.0180201
          43000        1.48888      0.0175989
          44000        1.49124      0.0173551
          45000        1.49344      0.0171066
          46000        1.49245      0.0167595
          47000        1.49215      0.0164019
          48000        1.49468      0.0162554
          49000         1.4946      0.0159205
          50000        1.49385      0.0156165
          51000        1.49453      0.0153222
          52000        1.49278      0.0151255
          53000        1.48977      0.0151397
          54000        1.49327      0.0152626
          55000        1.50176      0.0172212
          56000        1.50973      0.0186952
          57000         1.5079      0.0184552
          58000        1.50653      0.0181858
          59000        1.50297      0.0182274
          60000        1.50128      0.0179999
          61000        1.50374      0.0178721
          62000        1.50137       0.017741
          63000        1.49971       0.017536
          64000        1.49852      0.0173006
          65000        1.49832      0.0170335
          66000        1.49705      0.0168218
          67000        1.49532      0.0166588
          68000        1.49682      0.0164803
          69000        1.49589      0.0162663
          70000        1.49258      0.0163701
          71000        1.49484       0.016296
          72000        1.49633      0.0161366
          73000        1.49605      0.0159165
          74000        1.49491      0.0157416
          75000        1.49353      0.0155916
          76000        1.49199      0.0154616
          77000        1.49108      0.0152865
          78000         1.4907       0.015094
          79000        1.49284      0.0150544
          80000        1.49045      0.0150557
          81000        1.49156      0.0149098
          82000        1.49036      0.0147756
          83000        1.49305      0.0148418
          84000        1.49518      0.0148183
          85000        1.49434      0.0146668
          86000        1.49508      0.0145142
          87000        1.49463      0.0143536
          88000        1.49534      0.0142072
          89000         1.4966      0.0141036
          90000        1.49564      0.0139796
          91000        1.49853      0.0141237
          92000         1.4988      0.0139721
          93000        1.49844      0.0138258
          94000        1.50248      0.0142612
          95000        1.50477       0.014295
          96000        1.50375      0.0141819
          97000         1.5035      0.0140371
          98000        1.50295      0.0139043
          99000        1.50298      0.0137632
         100000        1.49999       0.013949
         101000        1.49846      0.0138953
         102000         1.4979      0.0137696
         103000        1.49742      0.0136438
         104000        1.50098      0.0139724
         105000        1.50427      0.0142258
         106000        1.50467      0.0140964
         107000        1.50529      0.0139781
         108000        1.50561      0.0138518
         109000        1.50654      0.0137552
         110000        1.50618      0.0136344
         111000        1.50665      0.0135192
         112000        1.50683      0.0133992
         113000         1.5068      0.0132802
         114000        1.50683      0.0131632
         115000        1.50667      0.0130492
         116000         1.5061       0.012949
         117000        1.50667      0.0128504
         118000        1.50685      0.0127423
         119000        1.50796      0.0126837
         120000        1.50945      0.0126655
         121000         1.5126      0.0129491
         122000        1.51243      0.0128436
         123000        1.51345      0.0127798
         124000        1.51205      0.0127535
         125000        1.51166      0.0126572
         126000        1.51047      0.0126123
         127000        1.51004        0.01252
         128000        1.50962      0.0124289
         129000        1.50899      0.0123483
         130000        1.50944      0.0122613
         131000        1.50987       0.012175
         132000        1.51209       0.012284
         133000        1.51242       0.012196
         134000        1.51202      0.0121114
         135000        1.51395      0.0121747
         136000        1.51408      0.0120856
         137000        1.51461      0.0120087
         138000        1.51293      0.0120385
         139000        1.51174      0.0120116
         140000        1.51331      0.0120288
         141000        1.51334      0.0119432
         142000        1.51342      0.0118591
         143000        1.51365       0.011778
         144000        1.51263      0.0117397
         145000        1.51225      0.0116649
         146000        1.51309       0.011615
         147000        1.51267      0.0115433
         148000        1.51182      0.0114964
         149000        1.51128      0.0114314
         150000        1.51298      0.0114812
         151000        1.51233      0.0114235
         152000        1.51226      0.0113483
         153000        1.51074      0.0113753
         154000        1.51053      0.0113032
         155000        1.50997      0.0112438
         156000        1.50945      0.0111835
         157000         1.5087      0.0111379
         158000        1.50871      0.0110672
         159000        1.50899      0.0110009
         160000        1.50765      0.0110139
         161000        1.50768      0.0109453
         162000        1.50713      0.0108913
         163000        1.50621      0.0108631
         164000        1.50725      0.0108464
         165000        1.50635      0.0108179
         166000         1.5066      0.0107553
         167000        1.50641      0.0106923
         168000        1.50661      0.0106304
         169000        1.50823      0.0106907
         170000        1.50933      0.0106843
         171000        1.50937      0.0106217
         172000        1.50952      0.0105608
         173000        1.50924      0.0105032
         174000        1.50903      0.0104449
         175000        1.50781      0.0104558
         176000        1.50783      0.0103962
         177000        1.50761      0.0103396
         178000        1.50786      0.0102843
         179000        1.50848      0.0102456
         180000        1.50748       0.010238
         181000        1.50862      0.0102455
         182000        1.50861       0.010189
         183000        1.50874      0.0101341
         184000         1.5082      0.0100932
         185000        1.50855      0.0100445
         186000        1.50859     0.00999048
         187000        1.50766     0.00998056
         188000         1.5076     0.00992751
         189000        1.50836      0.0099043
         190000        1.50843     0.00985227
         191000         1.5097     0.00988272
         192000        1.50942     0.00983535
         193000        1.51016      0.0098126
         194000        1.51126     0.00982342
         195000          1.511     0.00977642
         196000        1.51088     0.00972713
         197000        1.51082      0.0096778
         198000        1.51113      0.0096338
         199000          1.512     0.00962499
         200000        1.51324     0.00965611
         201000         1.5133     0.00960816
         202000        1.51297     0.00956643
         203000         1.5123      0.0095423
         204000         1.5128     0.00950823
         205000        1.51285     0.00946191
         206000        1.51194     0.00946044
         207000        1.51219     0.00941814
         208000        1.51139     0.00940691
         209000        1.51125     0.00936289
         210000        1.51008     0.00939101
         211000        1.50927     0.00938126
         212000        1.50942     0.00933807
         213000        1.50891     0.00930814
         214000        1.50869     0.00926729
         215000        1.50918     0.00923714
         216000        1.50852     0.00921739
         217000        1.50791     0.00919547
         218000        1.50747     0.00916382
         219000        1.50794     0.00913397
         220000        1.50827     0.00909858
         221000        1.50864     0.00906484
         222000        1.50857     0.00902423
         223000        1.50909     0.00899884
         224000        1.50865     0.00896958
         225000        1.50883     0.00893145
         226000         1.5087     0.00889276
         227000        1.50902     0.00885947
         228000        1.50905     0.00882056
         229000         1.5084     0.00880632
         230000        1.50817      0.0087708
         231000        1.50841     0.00873606
         232000         1.5078     0.00872014
         233000        1.50712     0.00870853
         234000        1.50704     0.00867166
         235000        1.50688     0.00863611
         236000        1.50598     0.00864668
         237000        1.50638     0.00861931
         238000        1.50572     0.00860791
         239000         1.5048     0.00862174
         240000        1.50423     0.00860463
         241000        1.50501     0.00860437
         242000        1.50519     0.00857062
         243000         1.5049     0.00854018
         244000        1.50536      0.0085175
         245000         1.5059     0.00850026
         246000          1.506     0.00846624
         247000        1.50574     0.00843593
         248000        1.50579       0.008402
         249000        1.50738     0.00851758
         250000        1.50691     0.00849669
         251000        1.50721     0.00846832
         252000        1.50725     0.00843474
         253000        1.50691     0.00840832
         254000        1.50713     0.00837793
         255000          1.508     0.00839053
         256000         1.5082     0.00836016
         257000        1.50905     0.00837044
         258000        1.50909     0.00833804
         259000        1.50923     0.00830695
         260000        1.50942     0.00827711
         261000        1.50975      0.0082519
         262000        1.50907     0.00824854
         263000        1.50886     0.00821977
         264000        1.50835     0.00820447
         265000        1.50761     0.00820723
         266000        1.50726     0.00818374
         267000        1.50694     0.00815935
         268000        1.50656      0.0081377
         269000        1.50708      0.0081245
         270000        1.50635     0.00812755
         271000        1.50711     0.00813284
         272000        1.50728     0.00810478
         273000        1.50858     0.00817932
         274000        1.50896     0.00815797
         275000        1.50912      0.0081298
         276000        1.50965     0.00811767
         277000        1.50971     0.00808857
         278000        1.50943     0.00806424
         279000         1.5092     0.00803868
         280000        1.50859      0.0080327
         281000        1.50801     0.00802507
         282000        1.50747     0.00801527
         283000        1.50796     0.00800186
         284000         1.5078     0.00797518
         285000        1.50734     0.00796026
         286000        1.50749     0.00793382
         287000        1.50832     0.00794952
         288000        1.50831     0.00792189
         289000        1.50868     0.00790308
         290000        1.50894     0.00788009
         291000        1.50924     0.00785877
         292000        1.50811     0.00791286
         293000        1.50738     0.00791944
         294000        1.50733      0.0078926
         295000        1.50764     0.00787173
         296000        1.50749     0.00784649
         297000        1.50724     0.00782403
         298000        1.50667     0.00781877
         299000        1.50624     0.00780409
         300000        1.50633     0.00777846
         301000        1.50635     0.00775263
         302000        1.50612     0.00773032
         303000        1.50594     0.00770688
         304000        1.50564     0.00768741
         305000        1.50506     0.00768389
         306000        1.50562     0.00767906
         307000        1.50548      0.0076554
         308000        1.50507     0.00764147
         309000        1.50506      0.0076167
         310000        1.50503     0.00759218
         311000        1.50521     0.00756986
         312000        1.50508     0.00754656
         313000        1.50522     0.00752373
         314000        1.50551     0.00750534
         315000        1.50501     0.00749849
         316000        1.50443     0.00749708
         317000        1.50547     0.00754563
         318000        1.50655     0.00759903
         319000        1.50707     0.00759273
         320000         1.5075     0.00758099
         321000        1.50708     0.00756902
         322000        1.50652     0.00756603
         323000        1.50654     0.00754259
         324000        1.50664        0.00752
         325000        1.50627     0.00750582
         326000        1.50695     0.00751323
         327000        1.50827     0.00760487
         328000        1.50804     0.00758492
         329000        1.50954     0.00770818
         330000        1.50952     0.00768482
         331000        1.50921     0.00766776
         332000        1.50891     0.00765037
         333000        1.50931     0.00763761
         334000        1.50927     0.00761479
         335000        1.50965     0.00760136
         336000        1.51052     0.00762875
         337000        1.51035     0.00760812
         338000        1.50994     0.00759615
         339000         1.5101     0.00757531
         340000        1.51057     0.00756754
         341000        1.51129     0.00757936
         342000        1.51133     0.00755727
         343000        1.51187     0.00755455
         344000        1.51293     0.00760723
         345000         1.5135     0.00760674
         346000         1.5145     0.00764954
         347000        1.51452     0.00762751
         348000        1.51454     0.00760558
         349000        1.51494     0.00759446
         350000        1.51488       0.007573
         351000        1.51564     0.00758975
         352000        1.51524     0.00757856
         353000        1.51487     0.00756651
         354000        1.51495     0.00754559
         355000        1.51506      0.0075251
         356000        1.51515     0.00750447
         357000        1.51476     0.00749339
         358000        1.51464     0.00747346
         359000        1.51465     0.00745263
         360000        1.51466      0.0074319
         361000        1.51536     0.00744406
         362000        1.51527     0.00742392
         363000        1.51542     0.00740488
         364000        1.51531     0.00738537
         365000        1.51494     0.00737411
         366000        1.51506     0.00735487
         367000        1.51528     0.00733813
         368000        1.51494     0.00732594
         369000        1.51487     0.00730643
         370000         1.5149     0.00728672
         371000        1.51468     0.00727032
         372000        1.51493     0.00725491
         373000         1.5149     0.00723552
         374000        1.51483     0.00721647
         375000        1.51409     0.00723452
         376000         1.5144     0.00722192
         377000        1.51477     0.00721217
         378000        1.51482     0.00719325
         379000        1.51422     0.00719981
         380000        1.51425     0.00718093
         381000        1.51496     0.00719678
         382000        1.51538     0.00719034
         383000        1.51531     0.00717196
         384000        1.51586     0.00717479
         385000        1.51599     0.00715738
         386000        1.51602     0.00713888
         387000        1.51607     0.00712058
         388000        1.51692     0.00715179
         389000        1.51713     0.00713666
         390000        1.51666     0.00713396
         391000        1.51664     0.00711572
         392000        1.51655     0.00709807
         393000        1.51689     0.00708798
         394000        1.51695     0.00707019
         395000        1.51721     0.00705712
         396000        1.51746     0.00704358
         397000        1.51746     0.00702581
         398000        1.51753     0.00700848
         399000        1.51838     0.00704328
         400000        1.51822      0.0070276
         401000        1.51806     0.00701181
         402000        1.51788     0.00699663
         403000        1.51752     0.00698875
         404000        1.51717     0.00698029
         405000        1.51749     0.00697073
         406000        1.51741     0.00695408
         407000        1.51732     0.00693756
         408000         1.5182     0.00697733
         409000        1.51802     0.00696281
         410000        1.51786     0.00694754
         411000        1.51785     0.00693063
         412000        1.51744     0.00692561
         413000         1.5181     0.00693983
         414000        1.51855      0.0069377
         415000        1.51845     0.00692165
         416000        1.51868     0.00690867
         417000        1.51866     0.00689211
         418000        1.51831     0.00688457
         419000        1.51884     0.00688852
         420000        1.51887     0.00687217
         421000        1.51946     0.00688164
         422000        1.51959      0.0068665
         423000        1.51935      0.0068546
         424000        1.51936     0.00683843
         425000        1.51914     0.00682563
         426000        1.51923     0.00681017
         427000        1.51905     0.00679666
         428000        1.51927     0.00678417
         429000        1.51961     0.00677727
         430000        1.51938     0.00676545
         431000        1.51953     0.00675138
         432000        1.51922     0.00674315
         433000        1.51944     0.00673139
         434000        1.51913     0.00672323
         435000        1.52005     0.00677108
         436000        1.51941     0.00678612
         437000        1.51936     0.00677073
         438000         1.5194     0.00675538
         439000        1.51905     0.00674904
         440000        1.51914     0.00673429
         441000        1.51956     0.00673186
         442000        1.51979     0.00672044
         443000        1.51969     0.00670589
         444000        1.51972     0.00669083
         445000        1.51923     0.00669405
         446000        1.51883     0.00669089
         447000        1.51849      0.0066845
         448000        1.51841     0.00667009
         449000        1.51843     0.00665525
         450000        1.51853     0.00664125
         451000        1.51807     0.00664216
         452000         1.5176     0.00664412
         453000        1.51751     0.00663003
         454000        1.51735     0.00661753
         455000        1.51718     0.00660501
         456000        1.51668        0.00661
         457000        1.51614     0.00661692
         458000        1.51615     0.00660246
         459000        1.51613      0.0065881
         460000        1.51603     0.00657456
         461000         1.5159     0.00656162
         462000        1.51575     0.00654897
         463000        1.51586     0.00653573
         464000        1.51608      0.0065251
         465000        1.51568     0.00652302
         466000        1.51521      0.0065261
         467000        1.51483     0.00652303
         468000        1.51452     0.00651666
         469000        1.51421     0.00650974
         470000        1.51439     0.00649811
         471000        1.51421     0.00648679
         472000         1.5145      0.0064797
         473000        1.51452     0.00646603
         474000        1.51438       0.006454
         475000        1.51424     0.00644193
         476000        1.51456      0.0064363
         477000        1.51469     0.00642418
         478000        1.51411     0.00643644
         479000        1.51435     0.00642741
         480000        1.51451     0.00641583
         481000        1.51451     0.00640248
         482000        1.51468     0.00639145
         483000        1.51455     0.00637945
         484000        1.51457     0.00636628
         485000        1.51483     0.00635855
         486000        1.51507     0.00634982
         487000        1.51531     0.00634141
         488000        1.51555     0.00633285
         489000         1.5152     0.00632946
         490000        1.51539     0.00631946
         491000         1.5157     0.00631399
         492000        1.51604     0.00631055
         493000        1.51587     0.00630021
         494000        1.51593     0.00628776
         495000        1.51561     0.00628334
         496000        1.51555     0.00627087
         497000         1.5153     0.00626323
         498000        1.51531     0.00625065
         499000        1.51556     0.00624311
         500000        1.51565     0.00623123
         501000        1.51534     0.00622657
         502000        1.51537      0.0062142
         503000        1.51505     0.00620971
         504000        1.51466     0.00620959
         505000        1.51492     0.00620244
         506000        1.51524     0.00619878
         507000        1.51541     0.00618886
         508000        1.51535     0.00617701
         509000        1.51521     0.00616643
         510000        1.51489     0.00616235
         511000        1.51524     0.00615992
         512000        1.51499     0.00615304
         513000        1.51465     0.00615022
         514000        1.51483     0.00614083
         515000        1.51521       0.006141
         516000        1.51497     0.00613411
         517000        1.51546     0.00614217
         518000        1.51553     0.00613069
         519000         1.5156     0.00611931
         520000         1.5155     0.00610834
         521000        1.51551      0.0060966
         522000         1.5158     0.00609216
         523000        1.51582     0.00608051
         524000        1.51574     0.00606933
         525000        1.51601     0.00606353
         526000        1.51595     0.00605229
         527000        1.51641     0.00605855
         528000        1.51622     0.00605006
         529000        1.51601     0.00604243
         530000        1.51592     0.00603166
         531000        1.51601     0.00602095
         532000         1.5158     0.00601335
         533000         1.5157     0.00600276
         534000        1.51546     0.00599631
         535000        1.51528     0.00598791
         536000        1.51553     0.00598205
         537000        1.51593      0.0059843
         538000        1.51598     0.00597335
         539000        1.51591     0.00596263
         540000        1.51568     0.00595598
         541000        1.51515     0.00596875
         542000        1.51512     0.00595783
         543000         1.5152     0.00594747
         544000        1.51526     0.00593678
         545000        1.51541     0.00592775
         546000        1.51527     0.00591839
         547000        1.51543     0.00590956
         548000        1.51581     0.00591137
         549000        1.51607     0.00590626
         550000        1.51672     0.00593121
         551000        1.51666      0.0059208
         552000        1.51653      0.0059115
         553000        1.51694     0.00591517
         554000        1.51681     0.00590596
         555000        1.51678     0.00589535
         556000        1.51668     0.00588569
         557000        1.51686     0.00587798
         558000        1.51692     0.00586772
         559000        1.51689     0.00585727
         560000        1.51714     0.00585212
         561000          1.517     0.00584339
         562000        1.51686     0.00583477
         563000        1.51701     0.00582649
         564000        1.51693     0.00581673
         565000        1.51707     0.00580821
         566000        1.51724     0.00580037
         567000        1.51705     0.00579338
         568000        1.51718      0.0057846
         569000        1.51709     0.00577513
         570000        1.51692     0.00576749
         571000        1.51668       0.005762
         572000        1.51653     0.00575399
         573000        1.51656       0.005744
         574000        1.51633     0.00573834
         575000        1.51647     0.00573005
         576000        1.51626     0.00572391
         577000        1.51612     0.00571584
         578000        1.51591     0.00570958
         579000        1.51636     0.00571711
         580000        1.51604      0.0057161
         581000        1.51627     0.00571085
         582000        1.51614      0.0057024
         583000        1.51599     0.00569461
         584000        1.51629     0.00569274
         585000        1.51618     0.00568418
         586000        1.51648     0.00568233
         587000        1.51655     0.00567318
         588000        1.51613      0.0056792
         589000        1.51638     0.00567476
         590000        1.51624     0.00566666
         591000        1.51634     0.00565782
         592000        1.51645     0.00564942
         593000        1.51631     0.00564168
         594000         1.5161     0.00563607
         595000        1.51634     0.00563155
         596000         1.5164     0.00562243
         597000        1.51665     0.00561868
         598000        1.51683      0.0056122
         599000        1.51672     0.00560387
         600000        1.51672     0.00559453
         601000        1.51676     0.00558531
         602000        1.51655     0.00558001
         603000        1.51622     0.00558023
         604000        1.51661     0.00558484
         605000        1.51673     0.00557678
         606000        1.51642     0.00557605
         607000        1.51642     0.00556685
         608000        1.51626     0.00556006
         609000        1.51638     0.00555225
         610000        1.51609     0.00555076
         611000        1.51586     0.00554655
         612000        1.51594     0.00553811
         613000         1.5158     0.00553078
         614000        1.51571     0.00552253
         615000        1.51588     0.00551612
         616000        1.51586     0.00550717
         617000        1.51558     0.00550529
         618000        1.51555     0.00549649
         619000        1.51529      0.0054936
         620000        1.51519     0.00548562
         621000        1.51511     0.00547748
         622000        1.51492     0.00547179
         623000        1.51478     0.00546489
         624000        1.51466     0.00545747
         625000        1.51455     0.00544983
         626000        1.51442     0.00544265
         627000        1.51448     0.00543428
         628000        1.51487     0.00543952
         629000        1.51508     0.00543526
         630000        1.51489     0.00543013
         631000        1.51487     0.00542154
         632000        1.51481     0.00541337
         633000        1.51482     0.00540483
         634000        1.51452      0.0054046
         635000        1.51476     0.00540137
         636000        1.51452     0.00539818
         637000        1.51462     0.00539057
         638000        1.51431     0.00539061
         639000        1.51431     0.00538217
         640000        1.51401     0.00538213
         641000        1.51398     0.00537379
         642000        1.51402     0.00536555
         643000        1.51408     0.00535752
         644000        1.51386     0.00535363
         645000        1.51389      0.0053454
         646000        1.51368     0.00534147
         647000         1.5135     0.00533604
         648000        1.51359      0.0053286
         649000        1.51361     0.00532041
         650000        1.51385      0.0053175
         651000        1.51352     0.00531915
         652000         1.5137     0.00531375
         653000        1.51403     0.00531583
         654000        1.51377     0.00531396
         655000        1.51367     0.00530674
         656000        1.51361       0.005299
         657000        1.51335     0.00529744
         658000        1.51318     0.00529202
         659000         1.5133     0.00528543
         660000         1.5133     0.00527741
         661000        1.51363     0.00527951
         662000        1.51343     0.00527505
         663000        1.51349     0.00526741
         664000        1.51351     0.00525952
         665000        1.51323     0.00525894
         666000        1.51332      0.0052518
         667000        1.51318     0.00524592
         668000        1.51302     0.00524036
         669000        1.51293     0.00523339
         670000        1.51289      0.0052257
         671000        1.51266     0.00522291
         672000        1.51245     0.00521939
         673000        1.51257       0.005213
         674000        1.51238     0.00520891
         675000        1.51281     0.00521931
         676000        1.51314     0.00522191
         677000        1.51293     0.00521851
         678000        1.51301     0.00521145
         679000        1.51299     0.00520382
         680000        1.51303     0.00519632
         681000        1.51326     0.00519383
         682000        1.51295     0.00519517
         683000        1.51287     0.00518821
         684000        1.51278     0.00518146
         685000        1.51246     0.00518391
         686000        1.51211     0.00518799
         687000        1.51211     0.00518044
         688000        1.51211     0.00517291
         689000        1.51186     0.00517189
         690000        1.51168     0.00516751
         691000        1.51183     0.00516246
         692000        1.51127     0.00518531
         693000        1.51166     0.00519252
         694000        1.51171     0.00518521
         695000        1.51149     0.00518254
         696000        1.51138     0.00517622
         697000        1.51109     0.00517696
         698000        1.51099     0.00517047
         699000        1.51121     0.00516783
         700000        1.51123     0.00516048
         701000        1.51113     0.00515403
         702000        1.51142     0.00515457
         703000        1.51124     0.00515037
         704000        1.51107     0.00514583
         705000        1.51086     0.00514279
         706000        1.51082     0.00513566
         707000         1.5108     0.00512841
         708000        1.51062     0.00512446
         709000        1.51086     0.00512292
         710000        1.51095     0.00511647
         711000        1.51088     0.00510976
         712000        1.51121     0.00511302
         713000        1.51161     0.00512171
         714000        1.51155     0.00511493
         715000        1.51121     0.00511876
         716000        1.51142     0.00511577
         717000        1.51132     0.00510945
         718000        1.51128     0.00510257
         719000        1.51151     0.00510086
         720000        1.51166     0.00509607
         721000        1.51147      0.0050928
         722000        1.51133     0.00508749
         723000        1.51146     0.00508191
         724000        1.51131     0.00507698
         725000        1.51122     0.00507085
         726000         1.5112     0.00506388
         727000        1.51142     0.00506183
         728000         1.5116     0.00505782
         729000        1.51148      0.0050522
         730000        1.51131     0.00504813
         731000        1.51113      0.0050445
         732000        1.51109     0.00503775
         733000        1.51103      0.0050312
         734000        1.51107     0.00502444
         735000        1.51084     0.00502251
         736000        1.51103     0.00501919
         737000        1.51121      0.0050154
         738000        1.51108      0.0050103
         739000        1.51122      0.0050057
         740000        1.51123     0.00499895
         741000         1.5114     0.00499485
         742000        1.51141     0.00498813
         743000        1.51182     0.00499813
         744000        1.51206     0.00499721
         745000        1.51196     0.00499155
         746000        1.51181     0.00498697
         747000        1.51194     0.00498187
         748000        1.51186     0.00497574
         749000        1.51189     0.00496915
         750000        1.51177     0.00496394
         751000        1.51176     0.00495734
         752000        1.51153     0.00495596
         753000        1.51142     0.00495061
         754000         1.5114     0.00494409
         755000        1.51158     0.00494111
         756000        1.51168     0.00493554
         757000        1.51172     0.00492918
         758000        1.51183     0.00492375
         759000        1.51179      0.0049174
         760000        1.51182     0.00491106
         761000        1.51164     0.00490798
         762000        1.51167     0.00490159
         763000        1.51167     0.00489516
         764000        1.51149     0.00489182
         765000         1.5116     0.00488657
         766000         1.5115     0.00488111
         767000        1.51158     0.00487531
         768000        1.51159     0.00486898
         769000        1.51134     0.00486903
         770000        1.51102     0.00487365
         771000        1.51093     0.00486821
         772000        1.51096     0.00486199
         773000        1.51104     0.00485639
         774000        1.51097     0.00485064
         775000        1.51083     0.00484637
         776000        1.51119      0.0048537
         777000        1.51123      0.0048476
         778000        1.51136     0.00484313
         779000        1.51148     0.00483837
         780000        1.51145     0.00483222
         781000        1.51142     0.00482616
         782000        1.51143        0.00482
         783000        1.51151     0.00481455
         784000        1.51162     0.00480953
         785000        1.51147     0.00480565
         786000        1.51124     0.00480483
         787000        1.51121     0.00479882
         788000        1.51118     0.00479283
         789000        1.51124     0.00478711
         790000        1.51135     0.00478231
         791000         1.5114     0.00477652
         792000         1.5114     0.00477048
         793000        1.51124     0.00476715
         794000        1.51126     0.00476118
         795000        1.51129     0.00475527
         796000        1.51133     0.00474951
         797000        1.51151     0.00474685
         798000        1.51157     0.00474131
         799000        1.51156     0.00473539
         800000        1.51136     0.00473379
         801000        1.51126     0.00472892
         802000        1.51114      0.0047244
         803000        1.51122     0.00471921
         804000        1.51143     0.00471767
         805000         1.5114     0.00471186
         806000        1.51171     0.00471566
         807000        1.51205     0.00472221
         808000        1.51203     0.00471639
         809000        1.51212      0.0047114
         810000        1.51221     0.00470649
         811000        1.51232      0.0047019
         812000        1.51258     0.00470325
         813000        1.51259     0.00469746
         814000        1.51239     0.00469581
         815000        1.51216     0.00469555
         816000        1.51204     0.00469134
         817000        1.51174     0.00469548
         818000         1.5119     0.00469258
         819000        1.51198     0.00468759
         820000        1.51202     0.00468202
         821000        1.51197      0.0046766
         822000        1.51215     0.00467416
         823000        1.51198      0.0046714
         824000        1.51199     0.00466573
         825000        1.51198     0.00466008
         826000        1.51213     0.00465684
         827000        1.51208     0.00465147
         828000        1.51228     0.00465019
         829000        1.51231     0.00464472
         830000        1.51271     0.00465581
         831000        1.51294     0.00465604
         832000        1.51299     0.00465073
         833000        1.51311     0.00464649
         834000        1.51318     0.00464151
         835000        1.51314     0.00463612
         836000        1.51301     0.00463237
         837000        1.51323      0.0046319
         838000        1.51335       0.004628
         839000        1.51304     0.00463303
         840000        1.51318     0.00462986
         841000        1.51323      0.0046246
         842000        1.51324     0.00461911
         843000        1.51309     0.00461613
         844000        1.51325     0.00461354
         845000        1.51305     0.00461267
         846000          1.513     0.00460744
         847000        1.51285     0.00460435
         848000        1.51295     0.00459998
         849000        1.51286     0.00459544
         850000        1.51281     0.00459034
         851000        1.51316     0.00459854
         852000        1.51303     0.00459499
         853000          1.513     0.00458973
         854000        1.51308     0.00458511
         855000        1.51269     0.00459586
         856000        1.51251     0.00459433
         857000        1.51261     0.00459021
         858000        1.51267     0.00458518
         859000        1.51263     0.00457998
         860000        1.51257     0.00457509
         861000        1.51254     0.00456985
         862000        1.51257     0.00456466
         863000        1.51252     0.00455968
         864000        1.51243     0.00455527
         865000        1.51246     0.00455009
         866000        1.51253     0.00454529
         867000        1.51268     0.00454273
         868000        1.51269     0.00453751
         869000        1.51261     0.00453302
         870000        1.51251     0.00452885
         871000        1.51231     0.00452842
         872000        1.51245     0.00452544
         873000         1.5125     0.00452052
         874000        1.51252      0.0045154
         875000        1.51267     0.00451277
         876000         1.5124     0.00451562
         877000        1.51243     0.00451056
         878000        1.51246     0.00450548
         879000        1.51225     0.00450516
         880000        1.51225     0.00450004
         881000        1.51212     0.00449694
         882000        1.51221      0.0044927
         883000        1.51188     0.00449948
         884000        1.51175      0.0044962
         885000        1.51191     0.00449378
         886000        1.51193     0.00448876
         887000        1.51227      0.0044965
         888000        1.51242     0.00449394
         889000        1.51266     0.00449514
         890000        1.51246      0.0044943
         891000        1.51247     0.00448926
         892000        1.51236      0.0044854
         893000        1.51226     0.00448155
         894000        1.51223     0.00447665
         895000        1.51234     0.00447305
         896000        1.51218     0.00447088
         897000        1.51211     0.00446657
         898000        1.51206     0.00446184
         899000         1.5121     0.00445706
         900000        1.51216     0.00445256
         901000        1.51196     0.00445229
         902000        1.51182     0.00444948
         903000        1.51156     0.00445254
         904000         1.5115     0.00444802
         905000        1.51131     0.00444696
         906000        1.51111     0.00444644
         907000        1.51114     0.00444163
         908000        1.51106     0.00443745
         909000        1.51094     0.00443427
         910000        1.51106      0.0044311
         911000        1.51106     0.00442624
         912000        1.51089     0.00442469
         913000        1.51095      0.0044203
         914000        1.51091     0.00441567
         915000         1.5109     0.00441085
         916000         1.5109     0.00440603
         917000        1.51094     0.00440134
         918000        1.51078     0.00439919
         919000        1.51083     0.00439469
         920000        1.51062     0.00439513
         921000        1.51066     0.00439055
         922000        1.51081     0.00438839
         923000        1.51083     0.00438366
         924000        1.51097     0.00438123
         925000        1.51098      0.0043765
         926000        1.51115     0.00437506
         927000        1.51115     0.00437034
         928000        1.51095     0.00437034
         929000        1.51127     0.00437718
         930000        1.51117     0.00437355
         931000        1.51103     0.00437108
         932000        1.51119     0.00436914
         933000        1.51116     0.00436451
         934000        1.51123     0.00436038
         935000        1.51129     0.00435614
         936000        1.51135     0.00435179
         937000        1.51156     0.00435247
         938000        1.51149     0.00434849
         939000        1.51168     0.00434821
         940000        1.51149     0.00434767
         941000         1.5115     0.00434307
         942000        1.51143     0.00433912
         943000        1.51173     0.00434476
         944000        1.51158     0.00434256
         945000         1.5114     0.00434191
         946000        1.51136      0.0043375
         947000        1.51132     0.00433308
         948000        1.51153      0.0043337
         949000        1.51143     0.00433019
         950000        1.51136     0.00432626
         951000         1.5114      0.0043219
         952000        1.51151     0.00431869
         953000        1.51142     0.00431516
         954000        1.51129     0.00431249
         955000        1.51139      0.0043091
         956000        1.51134     0.00430487
         957000        1.51115     0.00430441
         958000         1.5113     0.00430236
         959000        1.51143     0.00429998
         960000        1.51145     0.00429554
         961000        1.51133     0.00429268
         962000        1.51133     0.00428822
         963000        1.51139     0.00428419
         964000        1.51132     0.00428021
         965000        1.51126     0.00427626
         966000        1.51143     0.00427507
         967000        1.51146     0.00427078
         968000        1.51143     0.00426648
         969000        1.51144     0.00426209
         970000         1.5116     0.00426069
         971000        1.51165     0.00425664
         972000         1.5117     0.00425254
         973000        1.51173     0.00424827
         974000        1.51182     0.00424485
         975000        1.51188     0.00424089
         976000        1.51164     0.00424318
         977000        1.51167     0.00423896
         978000        1.51213     0.00425959
         979000        1.51196     0.00425868
         980000        1.51185     0.00425581
         981000        1.51183     0.00425152
         982000        1.51174     0.00424824
         983000        1.51177     0.00424402
         984000        1.51179     0.00423976
         985000        1.51199     0.00424014
         986000        1.51181     0.00423938
         987000        1.51199     0.00423894
         988000        1.51219     0.00423922
         989000        1.51215     0.00423518
         990000        1.51202     0.00423281
         991000        1.51206     0.00422872
         992000         1.5119     0.00422728
         993000        1.51216     0.00423091
         994000        1.51209     0.00422726
         995000         1.5122     0.00422439
         996000        1.51237     0.00422353
         997000        1.51218     0.00422326
         998000        1.51212     0.00421949
         999000        1.51222     0.00421648
        1000000        1.51219     0.00421234
