0        284.442
1        267.993
2        265.921
3        263.407
4        256.454
5        256.454
6        256.454
7        254.383
8        254.383
9        254.383
10        250.573
11        250.573
12        250.573
13        248.574
14        248.574
15        244.966
16        237.152
17        233.352
18        233.352
19        233.352
20        233.352
21        233.352
22        233.352
23        229.079
24        229.079
25        229.079
26        229.079
27        227.286
28        227.286
29        221.913
30        219.995
31        219.995
32        219.995
33        219.995
34        219.995
35        219.995
36        219.521
37        218.844
38        218.844
39        218.844
40        218.844
41        218.313
42        212.065
43        212.065
44        212.065
45        211.913
46        211.913
47        211.913
48         210.29
49         210.29
50         210.29
51         210.29
52         210.29
53         210.29
54        206.926
55        206.926
56        206.926
57        206.926
58        202.923
59        202.923
60        202.923
61        202.923
62        199.287
63        199.287
64        197.591
65        197.591
66        197.591
67        197.591
68        197.591
69        197.137
70        197.137
71        197.137
72        197.137
73        193.759
74         186.63
75         186.63
76         186.63
77         186.63
78         186.63
79         186.63
80        183.356
81        183.356
82        183.356
83         175.08
84         175.08
85         175.08
86         175.08
87         175.08
88         175.08
89         175.08
90         175.08
91         175.08
92         175.08
93        174.407
94        174.407
95        174.407
96        172.586
97        172.586
98        172.586
99        172.586
100        172.586
101        167.197
102        167.197
103        167.197
104        167.197
105        167.197
106        167.197
107        161.639
108        161.639
109        161.639
110        161.639
111        161.639
112        161.639
113        161.639
114        161.639
115        155.936
116        155.936
117        155.936
118        155.936
119        155.936
120        154.055
121        154.055
122        154.055
123        154.055
124        154.055
125        154.055
126        154.055
127        154.055
128        154.055
129        154.055
130        154.055
131        154.055
132        153.624
133        153.624
134        152.319
135        152.319
136        152.319
137        152.319
138        152.319
139        152.319
140        152.319
141        152.319
142        152.319
143        152.319
144        150.282
145        150.282
146        150.282
147        150.282
148        150.282
149        148.734
150        148.734
151        145.782
152        145.782
153        145.782
154         145.72
155         145.72
156         145.72
157         145.72
158         145.72
159         145.72
160        145.165
161        145.165
162        145.165
163        145.165
164        145.165
165        144.894
166        144.894
167        144.894
168        144.894
169        144.894
170        141.795
171        141.795
172        141.795
173        141.795
174        141.795
175        141.795
176        131.726
177        131.018
178        131.018
179        131.018
180        131.018
181        131.018
182        131.018
183        131.018
184        131.018
185        131.018
186        131.018
187        131.018
188        131.018
189        130.778
190        130.778
191        130.778
192        130.778
193         130.07
194         130.07
195         130.07
196        127.208
197        127.208
198        127.208
199        127.208
200        127.208
201        127.208
202        127.208
203        127.208
204        127.208
205        127.208
206        127.208
207        127.208
208        127.208
209        121.359
210        121.359
211        121.359
212        121.359
213        121.359
214        121.359
215        121.359
216        121.359
217        121.359
218        120.868
219        120.868
220        120.868
221        120.159
222        120.159
223        120.159
224        120.159
225        120.159
226        120.159
227        120.159
228        120.159
229        115.162
230        115.162
231        115.162
232        115.162
233        115.162
234        115.162
235        115.162
236        115.162
237        115.162
238        115.162
239        115.162
240         112.27
241         112.27
242         112.27
243         112.27
244         112.27
245         112.27
246         112.27
247         112.27
248         112.27
249         112.27
250         112.27
251         112.27
252         112.27
253        112.061
254        112.061
255        112.061
256        112.061
257        112.061
258        112.061
259        111.839
260        111.839
261        111.839
262        111.839
263        111.839
264        111.839
265        108.139
266        108.139
267        108.139
268        108.139
269        108.139
270        108.139
271        108.139
272        108.139
273        108.139
274        108.139
275        108.139
276        108.139
277        108.139
278        108.139
279        108.139
280        108.139
281        108.139
282        108.139
283        108.139
284        108.139
285        108.139
286        108.139
287        108.139
288        108.139
289        108.139
290        108.139
291        108.139
292        108.139
293        108.139
294        108.139
295        108.139
296        108.139
297        108.139
298        108.139
299        108.139
300        108.139
301        108.139
302        108.139
303        107.513
304        107.513
305        107.513
306        107.513
307        107.513
308        107.513
309        107.513
310        107.513
311        107.513
312        107.513
313        107.513
314        105.753
315        105.753
316        105.753
317        105.753
318        105.753
319        105.753
320        105.753
321        105.753
322        105.753
323        105.166
324        105.166
325        105.166
326        105.166
327        105.166
328        105.166
329        105.166
330        105.166
331        105.166
332        105.166
333        105.166
334        105.166
335        105.166
336        105.166
337        105.166
338        105.166
339        100.685
340        100.685
341        100.685
342        100.685
343        100.685
344        100.685
345        100.685
346        100.685
347        100.685
348        100.685
349        100.685
350        100.685
351        100.685
352        100.685
353        100.685
354        100.685
355        100.685
356        100.685
357        100.685
358        100.685
359        100.685
360        100.685
361        100.685
362        100.685
363        100.685
364        100.685
365        100.685
366        100.685
367        100.685
368        100.685
369        100.685
370        100.685
371        100.685
372        100.685
373        100.685
374        100.685
375        100.685
376        100.685
377         99.119
378         99.119
379         99.119
380         99.119
381         99.119
382         99.119
383         99.119
384         99.119
385         99.119
386         99.119
387         99.119
388         99.119
389         99.119
390         99.119
391         99.119
392         99.119
393         99.119
394        98.7999
395        98.7999
396        98.7999
397        98.7999
398        98.7999
399        98.7999
400        98.7999
401        98.7999
402        98.7999
403        98.7999
404        98.5505
405        98.5505
406        98.5505
407        98.5505
408        98.5505
409        98.5505
410        98.5505
411        98.5505
412        98.5505
413        98.5505
414        98.5505
415        98.5505
416        98.5505
417        98.5505
418        98.5505
419        98.5505
420        98.5505
421        98.5505
422        98.5505
423        98.5505
424        98.5505
425        98.5505
426        98.5505
427        98.5505
428        98.5505
429        98.3458
430        98.3458
431        98.3458
432        98.3458
433        98.3458
434        98.3458
435        98.3458
436        98.3458
437        98.3458
438        98.3458
439        98.3458
440        98.3458
441        98.3458
442        98.3458
443        98.3458
444        98.3458
445        98.3458
446        98.3458
447        98.3458
448        98.3458
449        98.3458
450        98.3458
451        97.4369
452        97.4369
453        97.4369
454        97.4369
455        97.4369
456        97.4369
457        97.4369
458        97.4369
459        97.2322
460        97.2322
461        97.2322
462        97.2322
463        97.2322
464        97.2322
465        97.2322
466        97.2322
467        97.2322
468        97.2322
469        97.2322
470        97.2322
471        97.2322
472        97.2322
473        97.2322
474        97.2322
475        97.2322
476        97.2322
477        97.2322
478        97.2322
479        97.2322
480        97.2322
481        97.2322
482        97.2322
483        97.1356
484        97.1356
485        97.1356
486        97.1356
487        97.1356
488        97.1356
489        97.1356
490        97.1356
491        97.1356
492        97.1356
493        97.1356
494        97.1356
495        97.1356
496        97.1356
497        97.1356
498        97.1356
499        97.1356
500        97.1356
501        97.1356
502        97.1356
503        97.1356
504        97.1356
505        97.1356
506        97.1356
507        97.1356
508        97.1356
509        97.1356
510        97.1356
511        97.1356
512        97.1356
513        97.1356
514        97.1356
515        97.1356
516        97.1356
517        97.1356
518        97.1356
519        97.1356
520        97.1356
521        97.1356
522        97.1356
523        97.1356
524        97.1356
525        97.1356
526        97.1356
527        97.1356
528        97.1356
529        97.1356
530        97.1356
531        97.1356
532        97.1356
533        97.1356
534        97.1356
535        97.1356
536        97.1356
537        97.1356
538        97.1356
539        97.1356
540        97.1356
541        97.1356
542        97.1356
543        97.1356
544        97.1356
545        97.1356
546        97.1356
547        97.1356
548        97.1356
549        97.1356
550        97.1356
551        97.1356
552        97.1356
553        97.1356
554        97.1356
555        97.1356
556        97.1356
557        96.5096
558        96.5096
559        96.5096
560        96.5096
561        96.5096
562        96.5096
563        96.5096
564        96.5096
565        96.5096
566        96.5096
567        96.5096
568        96.5096
569        96.5096
570        96.5096
571        96.5096
572        96.5096
573        96.5096
574        96.5096
575        96.5096
576        96.5096
577        96.5096
578        96.5096
579        96.5096
580        96.5096
581        96.5096
582        96.5096
583        96.5096
584        96.5096
585        96.5096
586        96.5096
587        96.5096
588        96.5096
589        96.5096
590        96.5096
591        96.5096
592        96.5096
593        96.5096
594        96.5096
595        96.5096
596        96.5096
597        96.5096
598        96.5096
599        96.5096
600        96.5096
601        96.5096
602        96.5096
603        96.5096
604        96.5096
605        96.5096
606        96.5096
607        96.5096
608        96.5096
609        96.5096
610        96.5096
611        96.5096
612        96.5096
613        96.5096
614        96.5096
615        96.5096
616        96.5096
617        96.5096
618        96.5096
619        96.5096
620        96.5096
621        96.5096
622        96.5096
623        96.5096
624        96.5096
625        96.5096
626        96.5096
627        96.5096
628        96.5096
629        96.5096
630        96.5096
631        96.5096
632        96.5096
633        96.5096
634        96.5096
635        96.5096
636        96.5096
637        96.5096
638        96.5096
639        96.5096
640        96.5096
641        96.5096
642        96.5096
643        96.5096
644        96.5096
645        96.5096
646        96.5096
647        96.5096
648        96.5096
649        96.5096
650        96.5096
651        96.5096
652        96.5096
653        96.5096
654        96.5096
655        96.5096
656        96.5096
657        96.5096
658        96.5096
659        96.5096
660        96.5096
661        96.5096
662        96.5096
663        96.5096
664        96.5096
665        96.5096
666        96.5096
667        96.5096
668        96.5096
669        96.5096
670        96.5096
671        96.5096
672        96.5096
673        96.5096
674        96.5096
675        96.5096
676        96.5096
677        96.5096
678        96.5096
679        96.5096
680        96.5096
681        96.5096
682        96.5096
683        96.5096
684        96.5096
685        96.5096
686        96.5096
687        96.5096
688        96.5096
689        96.5096
690        96.5096
691        96.5096
692        96.5096
693        96.5096
694        96.5096
695        96.5096
696        96.5096
697        96.5096
698        96.5096
699        96.5096
700        96.5096
701        96.5096
702        96.5096
703        96.5096
704        96.5096
705        96.5096
706        96.5096
707        96.5096
708        96.5096
709        96.5096
710        96.5096
711        96.5096
712        96.5096
713        96.5096
714        96.5096
715        96.5096
716        96.5096
717        96.5096
718        96.5096
719        96.5096
720        96.5096
721        96.5096
722        96.5096
723        96.5096
724        96.5096
725        96.5096
726        96.5096
727        96.5096
728        96.5096
729        96.5096
730        96.5096
731        96.5096
732        96.5096
733        96.5096
734        96.5096
735        96.5096
736        96.5096
737        96.5096
738        96.5096
739        96.5096
740        96.5096
741        96.5096
742        96.5096
743        96.5096
744        96.5096
745        96.5096
746        96.5096
747        96.5096
748        96.5096
749        96.5096
750        96.5096
751        96.5096
752        96.5096
753        96.5096
754        96.5096
755        96.5096
756        96.5096
757        96.5096
758        96.5096
759        96.5096
760        96.5096
761        96.5096
762        96.5096
763        96.5096
764        96.5096
765        96.5096
766        96.5096
767        96.5096
768        96.5096
769        96.5096
770        96.5096
771        96.5096
772        96.5096
773        96.5096
774        96.5096
775        96.5096
776        96.5096
777        96.5096
778        96.5096
779        96.5096
780        96.5096
781        96.5096
782        96.5096
783        96.5096
784        96.5096
785        96.5096
786        96.5096
787        96.5096
788        96.5096
789        96.5096
790        96.5096
791        96.5096
792        96.5096
793        96.5096
794        96.5096
795        96.5096
796        96.5096
797        96.5096
798        96.5096
799        96.5096
800        96.5096
801        96.5096
802        96.5096
803        96.5096
804        96.5096
805        96.5096
806        96.5096
807        96.5096
808        96.5096
809        96.5096
810        96.5096
811        96.5096
812        96.5096
813        96.5096
814        96.5096
815        96.5096
816        96.5096
817        96.5096
818        96.5096
819        96.5096
820        96.5096
821        96.5096
822        96.5096
823        96.5096
824        96.5096
825        96.5096
826        96.5096
827        96.5096
828        96.5096
829        96.5096
830        96.5096
831        96.5096
832        96.5096
833        96.5096
834        96.5096
835        96.5096
836        96.5096
837        96.5096
838        96.5096
839        96.5096
840        96.5096
841        96.5096
842        96.5096
843        96.5096
844        96.5096
845        96.5096
846        96.5096
847        96.5096
848        96.5096
849        96.5096
850        96.5096
851        96.5096
852        96.5096
853        96.5096
854        96.5096
855        96.5096
856        96.5096
857        96.5096
858        96.5096
859        96.5096
860        96.5096
861        96.5096
862        96.5096
863        96.5096
864        96.5096
865        96.5096
866        96.5096
867        96.5096
868        96.5096
869        96.5096
870        96.5096
871        96.5096
872        96.5096
873        96.5096
874        96.5096
875        96.5096
876        96.5096
877        96.5096
878        96.5096
879        96.5096
880        96.5096
881        96.5096
882        96.5096
883        96.5096
884        96.5096
885        96.5096
886        96.5096
887        96.5096
888        96.5096
889        96.5096
890        96.5096
891        96.5096
892        96.5096
893        96.5096
894        96.5096
895        96.5096
896        96.5096
897        96.5096
898        96.5096
899        96.5096
900        96.5096
901        96.5096
902        96.5096
903        96.5096
904        96.5096
905        96.5096
906        96.5096
907        96.5096
908        96.5096
909        96.5096
910        96.5096
911        96.5096
912        96.5096
913        96.5096
914        96.5096
915        96.5096
916        96.5096
917        96.5096
918        96.5096
919        96.5096
920        96.5096
921        96.5096
922        96.5096
923        96.5096
924        96.5096
925        96.5096
926        96.5096
927        96.5096
928        96.5096
929        96.5096
930        96.5096
931        96.5096
932        96.5096
933        96.5096
934        96.5096
935        96.5096
936        96.5096
937        96.5096
938        96.5096
939        96.5096
940        96.5096
941        96.5096
942        96.5096
943        96.5096
944        96.5096
945        96.5096
946        96.5096
947        96.5096
948        96.5096
949        96.5096
950        96.5096
951        96.5096
952        96.5096
953        96.5096
954        96.5096
955        96.5096
956        96.5096
957        96.5096
958        96.5096
959        96.5096
960        96.5096
961        96.5096
962        96.5096
963        96.5096
964        96.5096
965        96.5096
966        96.5096
967        96.5096
968        96.5096
969        96.5096
970        96.5096
971        96.5096
972        96.5096
973        96.5096
974        96.5096
975        96.5096
976        96.5096
977        96.5096
978        96.5096
979        96.5096
980        96.5096
981        96.5096
982        96.5096
983        96.5096
984        96.5096
985        96.5096
986        96.5096
987        96.5096
988        96.5096
989        96.5096
990        96.5096
991        96.5096
992        96.5096
993        96.5096
994        96.5096
995        96.5096
996        96.5096
997        96.5096
998        96.5096
999        96.5096
1000        96.5096
