1        324.963
2         319.46
3        314.689
4        308.306
5        304.168
6        296.608
7        291.999
8        287.202
9        280.292
10        277.762
11        276.016
12        273.154
13        271.838
14         269.66
15        267.572
16        265.413
17        262.008
18        260.748
19         258.75
20        256.745
21         255.74
22        253.623
23        250.993
24         249.06
25        247.676
26        244.922
27        242.634
28        241.224
29         239.76
30        238.059
31        235.268
32        233.012
33        231.634
34         230.65
35         229.26
36        228.343
37        227.408
38        226.164
39        225.374
40        225.252
41        224.794
42        224.376
43        223.938
44        223.585
45        222.529
46        221.345
47        220.387
48        219.131
49        218.264
50        217.439
51        216.675
52        215.726
53        215.477
54        215.051
55        214.567
56        213.962
57        213.694
58        212.787
59        211.804
60        211.018
61        210.486
62        209.998
63        209.536
64        208.972
65        208.531
66        207.828
67        207.129
68        206.096
69        205.558
70         204.82
71        203.676
72        203.093
73        202.375
74        201.879
75        200.893
76        200.086
77        199.839
78        199.666
79        198.756
80        198.261
81        197.334
82        195.751
83        194.411
84        193.244
85        192.369
86        191.429
87        190.626
88        188.802
89        187.688
90         186.26
91        185.671
92        183.816
93         181.86
94         180.59
95        179.602
96        178.675
97        177.953
98         177.36
99        176.801
100        176.618
101        176.275
102        175.415
103        175.068
104        174.711
105        174.601
106        174.445
107        173.942
108        173.598
109        172.991
110        172.394
111        171.795
112        170.976
113        170.626
114        170.178
115        169.605
116        168.841
117        167.984
118        166.764
119        165.132
120        163.967
121        163.232
122        162.192
123         160.16
124        159.541
125        158.829
126        157.885
127         157.39
128        156.763
129        156.179
130        155.628
131        155.361
132        155.295
133        155.082
134        154.971
135        154.842
136        154.706
137        154.653
138        154.561
139        154.378
140        154.131
141        153.996
142        153.839
143         153.63
144        153.503
145        153.478
146        153.505
147        153.437
148        153.359
149        153.213
150        153.221
151        153.107
152        153.054
153        152.832
154        152.573
155        152.422
156        152.035
157        151.462
158        150.982
159        150.429
160        150.503
161        150.165
162        150.366
163        150.058
164        149.523
165        150.076
166        149.628
167        149.928
168        150.531
169        149.937
170        150.653
171        150.133
172        149.593
173        150.239
174        148.866
175        148.699
176        148.594
177        148.388
178         146.64
179        145.622
180        143.459
181        141.133
182        139.898
183         138.94
184        138.268
185        136.799
186        136.028
187        134.915
188        133.985
189        133.397
190        133.124
191        132.584
192        131.754
193        131.486
194        131.413
195        131.421
196        131.333
197        131.259
198        131.165
199        131.085
200         130.95
201        130.641
202        130.501
203        130.366
204         129.95
205        129.813
206        129.705
207        129.606
208        129.319
209        129.036
210        128.756
211        128.435
212        128.242
213        128.004
214        127.732
215        127.388
216        127.035
217        126.578
218        125.947
219        125.529
220        125.276
221        124.906
222        124.613
223        124.258
224        123.781
225        123.232
226        122.629
227        122.425
228        122.062
229        121.866
230        121.632
231        121.378
232        121.316
233        121.162
234        120.994
235        120.754
236        120.496
237        120.261
238        119.815
239        119.492
240        119.047
241        118.593
242        118.114
243         117.66
244        116.929
245        116.244
246        116.031
247        115.461
248        114.938
249        114.219
250        113.886
251        113.674
252        113.515
253        113.352
254        113.217
255        113.083
256        112.821
257        112.544
258        112.485
259        112.421
260         112.37
261        112.316
262        112.269
263        112.215
264        112.188
265        112.161
266        112.136
267         112.12
268        112.088
269         112.07
270        112.011
271        111.937
272        111.848
273        111.711
274        111.448
275         111.22
276        111.077
277        110.783
278        110.585
279        110.242
280        110.154
281         109.97
282        109.911
283        109.693
284         109.59
285         109.36
286        109.119
287        109.067
288        108.922
289        108.833
290        108.599
291        108.436
292        108.367
293        108.201
294        108.139
295         108.14
296        108.139
297        108.139
298        108.139
299        108.139
300        108.139
301        108.139
302        108.139
303        108.138
304        108.137
305        108.137
306        108.132
307        108.127
308        108.117
309        108.101
310        108.067
311        108.018
312        107.975
313        107.946
314        107.922
315        107.871
316        107.846
317        107.815
318        107.808
319        107.761
320        107.672
321        107.518
322        107.349
323        107.218
324        107.222
325         107.13
326        106.966
327        106.921
328         106.82
329        106.725
330        106.608
331        106.445
332        106.243
333        106.106
334        106.009
335        105.927
336        105.791
337        105.625
338        105.543
339        105.466
340        105.424
341        105.332
342         105.22
343        105.099
344        104.866
345        104.536
346        104.336
347        103.832
348        103.586
349        103.425
350         103.05
351        102.736
352        102.372
353        101.893
354        101.499
355        101.199
356         101.11
357        100.872
358        100.685
359        100.685
360        100.685
361        100.685
362        100.685
363        100.685
364        100.685
365        100.685
366        100.685
367        100.685
368        100.685
369        100.685
370        100.685
371        100.685
372        100.685
373        100.685
374        100.685
375        100.685
376        100.685
377        100.682
378        100.678
379        100.678
380        100.672
381         100.66
382         100.63
383        100.592
384        100.507
385        100.401
386        100.291
387        100.229
388        100.146
389         100.09
390        99.9659
391        99.9483
392        99.8878
393        99.7832
394        99.7052
395         99.681
396        99.6437
397         99.504
398        99.4621
399        99.4183
400        99.3109
401          99.18
402        99.0809
403        99.0635
404        99.0272
405        99.0057
406        98.9882
407        98.9599
408        98.9413
409        98.9211
410        98.8922
411        98.8419
412        98.8305
413        98.8362
414        98.8097
415        98.7568
416         98.747
417        98.7232
418        98.7005
419        98.6584
420        98.6588
421        98.6433
422        98.6376
423        98.6253
424        98.6119
425        98.5899
426        98.5749
427        98.5819
428        98.5744
429        98.5785
430        98.5741
431        98.5673
432        98.5684
433        98.5431
434        98.5374
435        98.5276
436        98.5173
437        98.5026
438         98.496
439        98.4845
440        98.4755
441        98.4648
442         98.464
443        98.4599
444        98.4522
445          98.44
446        98.4461
447        98.4453
448        98.4359
449         98.424
450        98.4264
451        98.4128
452         98.406
453        98.3958
454        98.3879
455        98.3748
456        98.3471
457        98.2864
458          98.23
459        98.1778
460        98.1307
461         98.099
462        98.0357
463        97.9304
464        97.8627
465         97.746
466        97.7008
467        97.6407
468        97.5965
469        97.5088
470        97.4875
471        97.4269
472         97.416
473        97.4222
474        97.3572
475        97.3628
476          97.33
477        97.2821
478        97.2703
479        97.2629
480         97.258
481        97.2494
482        97.2502
483        97.2365
484        97.2342
485        97.2359
486        97.2383
487        97.2414
488        97.2388
489        97.2299
490        97.2268
491         97.221
492        97.2136
493         97.208
494        97.2034
495        97.2001
496        97.1924
497        97.1891
498        97.1845
499        97.1775
500        97.1729
501        97.1684
502        97.1634
503        97.1632
504        97.1615
505        97.1597
506        97.1574
507        97.1526
508        97.1499
509        97.1468
510        97.1424
511        97.1395
512        97.1356
513        97.1356
514        97.1356
515        97.1356
516        97.1356
517        97.1356
518        97.1356
519        97.1356
520        97.1356
521        97.1356
522        97.1356
523        97.1356
524        97.1356
525        97.1356
526        97.1356
527        97.1356
528        97.1356
529        97.1356
530        97.1356
531        97.1356
532        97.1356
533        97.1356
534        97.1356
535        97.1356
536        97.1356
537        97.1356
538        97.1356
539        97.1356
540        97.1356
541        97.1356
542        97.1356
543        97.1356
544        97.1356
545        97.1356
546        97.1356
547        97.1356
548        97.1356
549        97.1356
550        97.1356
551        97.1356
552        97.1356
553        97.1356
554        97.1356
555        97.1356
556        97.1356
557        97.1343
558        97.1318
559        97.1306
560        97.1243
561        97.1131
562        97.0955
563         97.048
564        97.0192
565        96.9941
566        96.9416
567        96.9165
568        96.8727
569        96.8489
570        96.8539
571        96.8475
572          96.81
573        96.8098
574        96.7812
575        96.7738
576        96.7137
577        96.7049
578         96.681
579        96.6458
580        96.6046
581        96.5754
582        96.5687
583         96.568
584         96.548
585        96.5333
586        96.5159
587        96.5096
588        96.5096
589        96.5096
590        96.5096
591        96.5096
592        96.5096
593        96.5096
594        96.5096
595        96.5096
596        96.5096
597        96.5096
598        96.5096
599        96.5096
600        96.5096
601        96.5096
602        96.5096
603        96.5096
604        96.5096
605        96.5096
606        96.5096
607        96.5096
608        96.5096
609        96.5096
610        96.5096
611        96.5096
612        96.5096
613        96.5096
614        96.5096
615        96.5096
616        96.5096
617        96.5096
618        96.5096
619        96.5096
620        96.5096
621        96.5096
622        96.5096
623        96.5096
624        96.5096
625        96.5096
626        96.5096
627        96.5096
628        96.5096
629        96.5096
630        96.5096
631        96.5096
632        96.5096
633        96.5096
634        96.5096
635        96.5096
636        96.5096
637        96.5096
638        96.5096
639        96.5096
640        96.5096
641        96.5096
642        96.5096
643        96.5096
644        96.5096
645        96.5096
646        96.5096
647        96.5096
648        96.5096
649        96.5096
650        96.5096
651        96.5096
652        96.5096
653        96.5096
654        96.5096
655        96.5096
656        96.5096
657        96.5096
658        96.5096
659        96.5096
660        96.5096
661        96.5096
662        96.5096
663        96.5096
664        96.5096
665        96.5096
666        96.5096
667        96.5096
668        96.5096
669        96.5096
670        96.5096
671        96.5096
672        96.5096
673        96.5096
674        96.5096
675        96.5096
676        96.5096
677        96.5096
678        96.5096
679        96.5096
680        96.5096
681        96.5096
682        96.5096
683        96.5096
684        96.5096
685        96.5096
686        96.5096
687        96.5096
688        96.5096
689        96.5096
690        96.5096
691        96.5096
692        96.5096
693        96.5096
694        96.5096
695        96.5096
696        96.5096
697        96.5096
698        96.5096
699        96.5096
700        96.5096
701        96.5096
702        96.5096
703        96.5096
704        96.5096
705        96.5096
706        96.5096
707        96.5096
708        96.5096
709        96.5096
710        96.5096
711        96.5096
712        96.5096
713        96.5096
714        96.5096
715        96.5096
716        96.5096
717        96.5096
718        96.5096
719        96.5096
720        96.5096
721        96.5096
722        96.5096
723        96.5096
724        96.5096
725        96.5096
726        96.5096
727        96.5096
728        96.5096
729        96.5096
730        96.5096
731        96.5096
732        96.5096
733        96.5096
734        96.5096
735        96.5096
736        96.5096
737        96.5096
738        96.5096
739        96.5096
740        96.5096
741        96.5096
742        96.5096
743        96.5096
744        96.5096
745        96.5096
746        96.5096
747        96.5096
748        96.5096
749        96.5096
750        96.5096
751        96.5096
752        96.5096
753        96.5096
754        96.5096
755        96.5096
756        96.5096
757        96.5096
758        96.5096
759        96.5096
760        96.5096
761        96.5096
762        96.5096
763        96.5096
764        96.5096
765        96.5096
766        96.5096
767        96.5096
768        96.5096
769        96.5096
770        96.5096
771        96.5096
772        96.5096
773        96.5096
774        96.5096
775        96.5096
776        96.5096
777        96.5096
778        96.5096
779        96.5096
780        96.5096
781        96.5096
782        96.5096
783        96.5096
784        96.5096
785        96.5096
786        96.5096
787        96.5096
788        96.5096
789        96.5096
790        96.5096
791        96.5096
792        96.5096
793        96.5096
794        96.5096
795        96.5096
796        96.5096
797        96.5096
798        96.5096
799        96.5096
800        96.5096
801        96.5096
802        96.5096
803        96.5096
804        96.5096
805        96.5096
806        96.5096
807        96.5096
808        96.5096
809        96.5096
810        96.5096
811        96.5096
812        96.5096
813        96.5096
814        96.5096
815        96.5096
816        96.5096
817        96.5096
818        96.5096
819        96.5096
820        96.5096
821        96.5096
822        96.5096
823        96.5096
824        96.5096
825        96.5096
826        96.5096
827        96.5096
828        96.5096
829        96.5096
830        96.5096
831        96.5096
832        96.5096
833        96.5096
834        96.5096
835        96.5096
836        96.5096
837        96.5096
838        96.5096
839        96.5096
840        96.5096
841        96.5096
842        96.5096
843        96.5096
844        96.5096
845        96.5096
846        96.5096
847        96.5096
848        96.5096
849        96.5096
850        96.5096
851        96.5096
852        96.5096
853        96.5096
854        96.5096
855        96.5096
856        96.5096
857        96.5096
858        96.5096
859        96.5096
860        96.5096
861        96.5096
862        96.5096
863        96.5096
864        96.5096
865        96.5096
866        96.5096
867        96.5096
868        96.5096
869        96.5096
870        96.5096
871        96.5096
872        96.5096
873        96.5096
874        96.5096
875        96.5096
876        96.5096
877        96.5096
878        96.5096
879        96.5096
880        96.5096
881        96.5096
882        96.5096
883        96.5096
884        96.5096
885        96.5096
886        96.5096
887        96.5096
888        96.5096
889        96.5096
890        96.5096
891        96.5096
892        96.5096
893        96.5096
894        96.5096
895        96.5096
896        96.5096
897        96.5096
898        96.5096
899        96.5096
900        96.5096
901        96.5096
902        96.5096
903        96.5096
904        96.5096
905        96.5096
906        96.5096
907        96.5096
908        96.5096
909        96.5096
910        96.5096
911        96.5096
912        96.5096
913        96.5096
914        96.5096
915        96.5096
916        96.5096
917        96.5096
918        96.5096
919        96.5096
920        96.5096
921        96.5096
922        96.5096
923        96.5096
924        96.5096
925        96.5096
926        96.5096
927        96.5096
928        96.5096
929        96.5096
930        96.5096
931        96.5096
932        96.5096
933        96.5096
934        96.5096
935        96.5096
936        96.5096
937        96.5096
938        96.5096
939        96.5096
940        96.5096
941        96.5096
942        96.5096
943        96.5096
944        96.5096
945        96.5096
946        96.5096
947        96.5096
948        96.5096
949        96.5096
950        96.5096
951        96.5096
952        96.5096
953        96.5096
954        96.5096
955        96.5096
956        96.5096
957        96.5096
958        96.5096
959        96.5096
960        96.5096
961        96.5096
962        96.5096
963        96.5096
964        96.5096
965        96.5096
966        96.5096
967        96.5096
968        96.5096
969        96.5096
970        96.5096
971        96.5096
972        96.5096
973        96.5096
974        96.5096
975        96.5096
976        96.5096
977        96.5096
978        96.5096
979        96.5096
980        96.5096
981        96.5096
982        96.5096
983        96.5096
984        96.5096
985        96.5096
986        96.5096
987        96.5096
988        96.5096
989        96.5096
990        96.5096
991        96.5096
992        96.5096
993        96.5096
994        96.5096
995        96.5096
996        96.5096
997        96.5096
998        96.5096
999        96.5096
1000        96.5096
