           30    0.129266           0           0
           30    0.193899           0           0
           30    0.258532           0           0
           30    0.323165           0           0
           30    0.387798           0           0
           30    0.452431           0           0
           30    0.517064           0           0
           30    0.581697           0           0
           30     0.64633           0           0
           30    0.710963           0           0
           30    0.775596           0           0
           30     0.84023 0.000638595  0.00015171
           30    0.904863    0.148533  0.00187443
           30    0.969496     1.06854  0.00415357
           30     1.03413     2.04045  0.00832833
           30     1.09876     2.27216  0.00982014
           30     1.16339     2.08206   0.0114887
           30     1.22803      1.8397  0.00805321
           30     1.29266     1.61441  0.00652687
           30     1.35729     1.45216  0.00583121
           30     1.42193      1.3327  0.00398565
           30     1.48656     1.24767  0.00424373
           30     1.55119     1.18875  0.00426838
           30     1.61583     1.14624  0.00369587
           30     1.68046     1.11433  0.00356512
           30     1.74509     1.08709  0.00324443
           30     1.80973     1.07876  0.00362581
           30     1.87436     1.06564  0.00331363
           30     1.93899     1.05886  0.00276278
           30     2.00362     1.05522   0.0031944
           30     2.06826     1.05574  0.00313086
           30     2.13289     1.04935  0.00259334
           30     2.19752     1.04734  0.00277145
           30     2.26216     1.04046  0.00297338
           30     2.32679     1.03682  0.00208985
           30     2.39142      1.0304  0.00263485
           30     2.45606     1.02462   0.0020759
           30     2.52069     1.02203  0.00170703
           30     2.58532     1.01584  0.00206268
           30     2.64995     1.01329  0.00240875
           30     2.71459      1.0137  0.00230942
           30     2.77922     1.00813  0.00187699
           30     2.84385     1.00583  0.00184697
           30     2.90849     1.00432  0.00174393
           30     2.97312     1.00043  0.00240514
           30     3.03775     1.00151  0.00179531
           30     3.10239    0.999665  0.00128641
           30     3.16702    0.993462   0.0017284
           30     3.23165    0.997834  0.00167332
           30     3.29629    0.995045  0.00182978
           30     3.36092    0.996102  0.00166276
           30     3.42555    0.992582  0.00149122
           30     3.49018    0.992902  0.00195942
           30     3.55482    0.991919  0.00164317
           30     3.61945    0.991412  0.00158311
           30     3.68408    0.990585  0.00148091
           30     3.74872    0.990357  0.00142327
           30     3.81335    0.988252  0.00119533
           30     3.87798    0.990571  0.00118068
           30     3.94262    0.991209  0.00137346
           30     4.00725    0.988504  0.00128428
           30     4.07188    0.988002  0.00109416
           30     4.13651    0.990959  0.00111852
           30     4.20115     0.98593  0.00146491
           30     4.26578    0.986878  0.00127145
           30     4.33041    0.987996  0.00137423
           30     4.39505    0.988085  0.00119163
           30     4.45968    0.989454   0.0013605
           30     4.52431    0.987476  0.00146647
           30     4.58895    0.987961  0.00125245
           30     4.65358    0.986176  0.00114935
           30     4.71821    0.986501  0.00133267
           30     4.78285    0.988265 0.000982931
           30     4.84748    0.988272  0.00114172
           30     4.91211    0.987174  0.00112549
           30     4.97674    0.987504 0.000982464
           30     5.04138    0.987759 0.000917668
           30     5.10601    0.984472  0.00106174
           30     5.17064    0.985003  0.00111744
           30     5.23528    0.985807 0.000829163
           30     5.29991    0.987203   0.0008807
           30     5.36454    0.985493 0.000967132
           30     5.42918    0.985835   0.0010594
           30     5.49381    0.985264 0.000981657
           30     5.55844    0.984889  0.00133845
           30     5.62307    0.984601 0.000870253
           30     5.68771    0.984787 0.000994449
           30     5.75234    0.986682 0.000955832
           30     5.81697    0.984522  0.00076682
           30     5.88161    0.986085  0.00103261
           30     5.94624    0.986056 0.000946768
           30     6.01087    0.984383 0.000843379
           30     6.07551    0.984407 0.000946836
           30     6.14014    0.987414 0.000642411
           30     6.20477    0.985597 0.000961538
           30      6.2694    0.984061  0.00102118
           30     6.33404    0.987514 0.000689505
           30     6.39867    0.986747 0.000643571
           30      6.4633    0.972509 0.000786035
           30     6.52794    0.942407 0.000799694
