           1    -5.47684    -5.47684           0
           2    -5.46287    -5.46986  0.00698374
           3    -5.48645    -5.47539  0.00684477
           4    -5.46821    -5.47359  0.00516216
           5    -5.44627    -5.46813  0.00677191
           6    -5.46828    -5.46815  0.00552931
           7    -5.45163    -5.46579   0.0052352
           8    -5.45018    -5.46384  0.00493587
           9    -5.46921    -5.46444  0.00439363
          10    -5.47147    -5.46514  0.00399214
          11    -5.45382    -5.46411  0.00375483
          12    -5.44635    -5.46263  0.00373369
          13    -5.48604    -5.46443  0.00387778
          14    -5.46678     -5.4646  0.00359405
          15    -5.47066      -5.465   0.0033702
          16    -5.47106    -5.46538  0.00317519
          17    -5.47332    -5.46585  0.00301889
          18     -5.4783    -5.46654  0.00292907
          19    -5.46594    -5.46651   0.0027708
          20    -5.45581    -5.46597   0.0026825
