	   20   0.0461329           0           0
           20   0.0691993           0           0
           20   0.0922657           0           0
           20    0.115332           0           0
           20    0.138399           0           0
           20    0.161465           0           0
           20    0.184531           0           0
           20    0.207598           0           0
           20    0.230664           0           0
           20    0.253731           0           0
           20    0.276797           0           0
           20    0.299864           0           0
           20     0.32293           0           0
           20    0.345996           0           0
           20    0.369063           0           0
           20    0.392129           0           0
           20    0.415196           0           0
           20    0.438262           0           0
           20    0.461329           0           0
           20    0.484395           0           0
           20    0.507461           0           0
           20    0.530528           0           0
           20    0.553594           0           0
           20    0.576661           0           0
           20    0.599727           0           0
           20    0.622794           0           0
           20     0.64586           0           0
           20    0.668926           0           0
           20    0.691993           0           0
           20    0.715059           0           0
           20    0.738126           0           0
           20    0.761192           0           0
           20    0.784259           0           0
           20    0.807325           0           0
           20    0.830391           0           0
           20    0.853458           0           0
           20    0.876524 8.83686e-05 1.78792e-05
           20    0.899591  0.00337483  7.9989e-05
           20    0.922657   0.0472513 0.000391431
           20    0.945724    0.291613 0.000994522
           20     0.96879     1.00457  0.00239981
           20    0.991856     2.24093  0.00258388
           20     1.01492     3.62199  0.00278923
           20     1.03799     4.61831  0.00372188
           20     1.06106     4.90105  0.00397979
           20     1.08412     4.49496  0.00434168
           20     1.10719     3.66353  0.00424385
           20     1.13026     2.69828  0.00301617
           20     1.15332      1.8136  0.00196798
           20     1.17639     1.12791  0.00177337
           20     1.19945    0.652486  0.00195843
           20     1.22252    0.353148  0.00133402
           20     1.24559    0.178442 0.000804775
           20     1.26865   0.0881455 0.000565795
           20     1.29172   0.0487475 0.000501718
           20     1.31479   0.0416251 0.000445821
           20     1.33785   0.0599848 0.000530484
           20     1.36092     0.10498 0.000755883
           20     1.38399    0.183629 0.000959838
           20     1.40705    0.298102  0.00102026
           20     1.43012    0.451544 0.000903146
           20     1.45319    0.628982 0.000791608
           20     1.47625    0.797953  0.00145969
           20     1.49932    0.924983  0.00166516
           20     1.52238    0.974501  0.00174701
           20     1.54545     0.93117  0.00152925
           20     1.56852    0.809208  0.00131603
           20     1.59158    0.640927  0.00109028
           20     1.61465    0.465367 0.000710137
           20     1.63772    0.314864 0.000938507
           20     1.66078    0.217829 0.000978415
           20     1.68385    0.190658  0.00119055
           20     1.70692    0.253638  0.00148114
           20     1.72998    0.431398  0.00165681
           20     1.75305    0.748439  0.00146133
           20     1.77612     1.19592  0.00141112
           20     1.79918     1.72697  0.00101273
           20     1.82225     2.23856  0.00213383
           20     1.84531     2.59836  0.00270021
           20     1.86838     2.71718  0.00263177
           20     1.89145     2.55982  0.00254101
           20     1.91451     2.18467  0.00201728
           20     1.93758     1.69127 0.000834841
           20     1.96065      1.1989 0.000891395
           20     1.98371    0.800749  0.00141877
           20     2.00678     0.54063  0.00154065
           20     2.02985    0.432213  0.00147118
           20     2.05291    0.458914  0.00129491
           20     2.07598    0.584648 0.000866593
           20     2.09905    0.757329 0.000463436
           20     2.12211    0.918595 0.000787403
           20     2.14518      1.0165  0.00108609
           20     2.16824     1.02349  0.00100167
           20     2.19131    0.920819  0.00102547
           20     2.21438    0.780614 0.000694931
           20     2.23744    0.652422 0.000883645
           20     2.26051    0.569191  0.00131424
           20     2.28358     0.57069  0.00167801
           20     2.30664    0.671254  0.00155913
           20     2.32971    0.862653  0.00101429
