           1      7.5559      7.5559           0
           2     7.58759     7.57175    0.015846
           3      7.5407      7.5614   0.0138136
           4      7.5527     7.55922   0.0100069
           5     7.63504     7.57439   0.0170309
           6     7.54507      7.5695   0.0147392
           7      7.5782     7.57074   0.0125188
           8     7.51353     7.56359   0.0129876
           9     7.53401      7.5603   0.0119163
          10     7.60238     7.56451   0.0114586
          11     7.59377     7.56717   0.0107005
          12     7.59593     7.56957   0.0100579
          13     7.53052     7.56656  0.00972733
          14     7.58327     7.56776  0.00908442
          15     7.66679     7.57436   0.0107291
          16     7.64265     7.57863    0.010906
          17     7.57071     7.57816    0.010255
          18     7.54074     7.57608  0.00988951
          19     7.56336     7.57541  0.00937848
          20     7.58643     7.57596  0.00891425
