             20              0              0              0
             20       0.064633              0              0
             20       0.129266              0              0
             20       0.193899              0              0
             20       0.258532              0              0
             20       0.323165              0              0
             20       0.387798              0              0
             20       0.452431              0              0
             20       0.517064              0              0
             20       0.581697              0              0
             20        0.64633              0              0
             20       0.710963              0              0
             20       0.775596              0              0
             20        0.84023              0              0
             20       0.904863       0.156733      0.0189292
             20       0.969496        1.13505      0.0623239
             20        1.03413         2.1697       0.121092
             20        1.09876        2.37574       0.100931
             20        1.16339        2.05703      0.0727745
             20        1.22803        1.87303      0.0513524
             20        1.29266        1.66804      0.0600054
             20        1.35729        1.51793      0.0474994
             20        1.42193         1.4106      0.0780396
             20        1.48656        1.30596      0.0641891
             20        1.55119        1.18154      0.0695589
             20        1.61583        1.19444      0.0546653
             20        1.68046        1.15014       0.061919
             20        1.74509        1.18695      0.0533104
             20        1.80973        1.13697      0.0525975
             20        1.87436         1.0829      0.0352141
             20        1.93899        1.07302      0.0394111
             20        2.00362        1.08276      0.0406751
             20        2.06826        1.11089      0.0333484
             20        2.13289        1.06492      0.0293375
             20        2.19752        1.01325       0.027512
             20        2.26216       0.981832      0.0241327
             20        2.32679        1.03487      0.0265015
             20        2.39142        1.07993      0.0331329
             20        2.45606         1.0331      0.0349135
             20        2.52069        1.01014      0.0320633
             20        2.58532       0.999474      0.0386639
             20        2.64995        1.03536      0.0444123
             20        2.71459       0.983767       0.025481
             20        2.77922       0.928906      0.0238599
             20        2.84385       0.971855      0.0230847
             20        2.90849        0.92502      0.0214939
             20        2.97312       0.953108      0.0238025
             20        3.03775        0.95849      0.0237211
             20        3.10239       0.999236      0.0235678
             20        3.16702       0.968583      0.0196138
             20        3.23165       0.964161      0.0220441
             20        3.29629       0.928894      0.0243943
             20        3.36092       0.980577      0.0241849
             20        3.42555       0.968747      0.0259259
             20        3.49018       0.950576       0.023142
             20        3.55482       0.961069      0.0279614
             20        3.61945        0.95368      0.0196291
             20        3.68408        0.96319      0.0262746
             20        3.74872       0.951116      0.0239875
             20        3.81335       0.975809      0.0201386
             20        3.87798       0.993562       0.028523
             20        3.94262       0.966247      0.0253041
             20        4.00725        0.97847      0.0207984
             20        4.07188        1.00093      0.0207527
             20        4.13651       0.955045      0.0192652
             20        4.20115       0.929694       0.011346
             20        4.26578       0.957236      0.0181331
             20        4.33041       0.977934      0.0214818
             20        4.39505       0.998164      0.0236368
             20        4.45968       0.988133      0.0171729
             20        4.52431        0.96623      0.0163832
             20        4.58895        0.96937      0.0207506
             20        4.65358         0.9668       0.013808
             20        4.71821       0.976538      0.0145202
             20        4.78285         1.0023      0.0206241
             20        4.84748       0.996015      0.0174068
             20        4.91211        1.00559      0.0127672
             20        4.97674       0.996487      0.0151763
             20        5.04138       0.986016      0.0126435
             20        5.10601       0.963008       0.016016
             20        5.17064       0.963302      0.0141211
             20        5.23528       0.990655      0.0159493
             20        5.29991       0.989671      0.0154384
             20        5.36454        1.00433      0.0128917
             20        5.42918       0.990877       0.013292
             20        5.49381       0.998087      0.0155574
             20        5.55844       0.998034      0.0156253
             20        5.62307        1.00794      0.0118121
             20        5.68771        1.02189      0.0138274
             20        5.75234       0.991759      0.0138233
             20        5.81697       0.993273      0.0110274
             20        5.88161       0.995294      0.0130012
             20        5.94624       0.954345      0.0167945
             20        6.01087       0.958102      0.0128239
             20        6.07551       0.965398      0.0128856
             20        6.14014       0.959003      0.0149753
             20        6.20477       0.982649      0.0124958
             20         6.2694       0.982851      0.0107716
             20        6.33404       0.982832      0.0106258
             20        6.39867       0.980486      0.0136568
