1.19986
1.19968
1.19947
1.19923
1.19896
1.19866
1.19834
1.19799
1.19763
1.19725
1.19686
1.19647
1.19606
1.19566
1.19525
1.19483
1.19442
1.194
1.19358
1.19316
1.19273
1.19229
1.19185
1.1914
1.19094
1.19048
1.19
1.18951
1.18901
1.1885
1.18798
1.18746
1.18694
1.18643
1.18595
1.18552
1.18516
1.18489
1.18475
1.18476
1.18494
1.1853
1.18585
1.18657
1.18747
1.18851
1.18965
1.19086
1.1921
1.19332
1.19448
1.19556
1.19651
1.19732
1.19797
1.19845
1.19876
1.19891
1.19889
1.19874
1.19845
1.19807
1.19761
1.19709
1.19656
1.19603
1.19554
1.19511
1.19477
1.19454
1.19442
1.19445
1.19462
1.19494
1.19541
1.19602
1.19677
1.19764
1.19863
1.19972
1.20088
1.2021
1.20336
1.20464
1.20592
1.20718
1.2084
1.20956
1.21065
1.21166
1.21257
1.21339
1.21409
1.21468
1.21514
1.21548
1.21569
1.21576
1.21568
1.21546
1.21508
1.21454
1.21384
1.21296
1.21191
1.21068
1.20927
1.20769
1.20595
1.20409
1.20212
1.20011
1.19809
1.19613
1.19431
1.1927
1.19137
1.19038
1.18976
1.18956
1.18977
1.19037
1.19133
1.19259
1.19411
1.19581
1.19765
1.19957
1.20152
1.20348
1.20542
1.20732
1.20915
1.21092
1.2126
1.2142
1.21572
1.21713
1.21845
1.21966
1.22077
1.22176
1.22263
1.22339
1.22402
1.22452
1.2249
1.22514
1.22524
1.22521
1.22505
1.22476
1.22435
1.22381
1.22318
1.22245
1.22165
1.2208
1.21992
1.21903
1.21816
1.21733
1.21654
1.21582
1.21516
1.21455
1.21397
1.21339
1.21278
1.21208
1.21127
1.21028
1.2091
1.20769
1.20604
1.20416
1.20207
1.19985
1.19754
1.19526
1.19309
1.19116
1.18957
1.18841
1.18774
1.18759
1.18796
1.18881
1.19006
1.19162
1.19335
1.19516
1.19692
1.19854
1.19992
1.201
1.20174
1.2021
1.20208
1.20168
1.20094
1.1999
1.19862
1.19719
1.19572
1.19434
1.19317
1.19237
1.19207
1.19237
1.19336
1.19504
1.19738
1.20029
1.20365
1.2073
1.21108
1.21486
1.2185
1.22192
1.22503
1.2278
1.2302
1.23223
1.23389
1.23519
1.23615
1.23679
1.23711
1.23715
1.2369
1.23638
1.2356
1.23456
1.23326
1.23172
1.22993
1.2279
1.22564
1.22316
1.2205
1.21766
1.2147
1.21165
1.20857
1.20553
1.20259
1.1998
1.19725
1.19498
1.19302
1.19142
1.19017
1.18928
1.18871
1.18844
1.18843
1.18864
1.18903
1.18956
1.19021
1.19095
1.19176
1.19264
1.19357
1.19455
1.19558
1.19665
1.19775
1.19887
1.20002
1.20117
1.20233
1.20347
1.20458
1.20566
1.2067
1.20769
1.20863
1.20952
1.21034
1.21112
1.21183
1.2125
1.21312
1.21369
1.21423
1.21473
1.21519
1.21562
1.21601
1.21637
1.21669
1.21696
1.2172
1.21738
1.21751
1.21757
1.21756
1.21748
1.21731
1.21704
1.21668
1.2162
1.21562
1.21491
1.21409
1.21315
1.2121
1.21094
1.20969
1.20837
1.207
1.20562
1.20424
1.20293
1.2017
1.20062
1.19971
1.19903
1.1986
1.19844
1.19858
1.19902
1.19976
1.20078
1.20206
1.20357
1.20529
1.20718
1.20919
1.21129
1.21345
1.21564
1.21781
1.21996
1.22205
1.22407
1.22599
1.22782
1.22952
1.23111
1.23256
1.23388
1.23507
1.23613
1.23705
1.23783
1.23849
1.23903
1.23946
1.23977
1.23999
1.24013
1.24021
1.24023
1.24023
1.24021
1.24021
1.24024
1.24032
1.24047
1.24071
1.24104
1.24147
1.24199
1.24261
1.24331
1.24407
1.24487
1.2457
1.24652
1.24732
1.24806
1.24873
1.2493
1.24975
1.25007
1.25024
1.25025
1.25009
1.24976
1.24926
1.24861
1.2478
1.24687
1.24584
1.24475
1.24364
1.24255
1.24153
1.24062
1.23986
1.2393
1.23895
1.23884
1.23895
1.23928
1.2398
1.24049
1.24129
1.24217
1.24308
1.24398
1.24483
1.2456
1.24627
1.24682
1.24725
1.24755
1.24775
1.24784
1.24784
1.24778
1.24765
1.24746
1.24723
1.24693
1.24658
1.24613
1.24559
1.24494
1.24415
1.24323
1.24218
1.24103
1.23981
1.23859
1.23743
1.23641
1.23564
1.23518
1.2351
1.23544
1.23621
1.23739
1.23894
1.24077
1.24279
1.24489
1.24696
1.24887
1.25052
1.25181
1.25265
1.25297
1.25272
1.2519
1.25053
1.24866
1.24638
1.24382
1.2411
1.23839
1.23583
1.23357
1.23171
1.23033
1.22946
1.22908
1.22913
1.22952
1.23014
1.23087
1.23162
1.23232
1.23293
1.23346
1.23397
1.23455
1.23532
1.23642
1.23796
1.24001
1.2426
1.24569
1.24918
1.25295
1.25683
1.26068
1.26437
1.26778
1.27083
1.27349
1.27572
1.27754
1.27894
1.27996
1.28061
1.28094
1.28097
1.28074
1.28025
1.27955
1.27865
1.27756
1.27631
1.27491
1.27337
1.2717
1.26991
1.268
1.26599
1.26387
1.26165
1.25935
1.25696
1.25451
1.25203
1.24954
1.24709
1.24473
1.24254
1.24058
1.23893
1.23765
1.23678
1.23636
1.23638
1.23682
1.2376
1.23865
1.23988
1.24119
1.24249
1.24369
1.24473
1.24556
1.24613
1.24645
1.24649
1.24627
1.24581
1.24512
1.24424
1.2432
1.24203
1.24076
1.23944
1.23809
1.23675
1.23544
1.2342
1.23306
1.23203
1.23115
1.23042
1.22986
1.22948
1.22929
1.22929
1.22948
1.22985
1.23039
1.23108
1.23192
1.23286
1.23388
1.23496
1.23605
1.23712
1.23813
1.23905
1.23984
1.24049
1.24096
1.24125
1.24135
1.24127
1.24102
1.24063
1.24014
1.2396
1.23904
1.23854
1.23813
1.23786
1.23776
1.23783
1.23805
1.23838
1.23875
1.23909
1.23927
1.2392
1.23874
1.23778
1.23622
1.23398
1.23103
1.22739
1.2232
1.21867
1.21416
1.21009
1.20694
1.20515
1.20502
1.20664
1.20989
1.21443
1.21982
1.22561
1.23137
1.23678
1.24165
1.24585
1.24936
1.2522
1.2544
1.25603
1.25717
1.25787
1.25819
1.25818
1.25789
1.25735
1.25659
1.25565
1.25455
1.2533
1.25193
1.25046
1.24892
1.24732
1.2457
1.24407
1.24247
1.24093
1.23948
1.23813
1.23694
1.2359
1.23506
1.23442
1.23399
1.23377
1.23377
1.23397
1.23436
1.23491
1.23562
1.23644
1.23735
1.23832
1.23934
1.24036
1.24136
1.24233
1.24324
1.24408
1.24482
1.24546
1.24599
1.2464
1.24669
1.24685
1.24689
1.24682
1.24665
1.24639
1.24606
1.24568
1.24529
1.2449
1.24456
1.24428
1.2441
1.24404
1.24412
1.24433
1.2447
1.2452
1.24582
1.24655
1.24736
1.24822
1.2491
1.24997
1.2508
1.25158
1.25228
1.25289
1.25339
1.25377
1.25405
1.2542
1.25425
1.25419
1.25403
1.25378
1.25346
1.25308
1.25265
1.25218
1.25169
1.25119
1.25069
1.2502
1.24971
1.24924
1.24878
1.24833
1.24788
1.24743
1.24697
1.24649
1.24599
1.24546
1.24488
1.24427
1.24362
1.24293
1.2422
1.24144
1.24065
1.23985
1.23904
1.23822
1.23742
1.23664
1.23588
1.23516
1.23448
1.23384
1.23325
1.23271
1.2322
1.23174
1.2313
1.23089
1.23049
1.23008
1.22967
1.22924
1.22879
1.22831
1.22781
1.22731
1.22683
1.2264
1.22605
1.22581
1.22572
1.22581
1.2261
1.22661
1.22733
1.22825
1.22935
1.2306
1.23195
1.23337
1.23482
1.23625
1.23764
1.23896
1.24019
1.24131
1.24231
1.24321
1.24399
1.24466
1.24524
1.24573
1.24615
1.2465
1.24681
1.24708
1.24732
1.24753
1.24772
1.24788
1.24802
1.24812
1.24819
1.24822
1.24821
1.24814
1.24802
1.24784
1.24761
1.24732
1.24698
1.24659
1.24615
1.24568
1.24517
1.24465
1.24411
1.24357
1.24305
1.24254
1.24208
1.24167
1.24133
1.24107
1.24089
1.24082
1.24085
1.24097
1.24119
1.2415
1.24187
1.24228
1.24271
1.24314
1.24353
1.24385
1.24408
1.2442
1.24419
1.24403
1.24371
1.24324
1.24261
1.24183
1.24092
1.23989
1.23877
1.23759
1.23638
1.23517
1.234
1.23289
1.23189
1.23101
1.23029
1.22976
1.22941
1.22928
1.22938
1.22969
1.23022
1.23097
1.23191
1.23303
1.23429
1.23565
1.23707
1.23851
1.23991
1.2412
1.24235
1.24327
1.24392
1.24424
1.24417
1.24367
1.2427
1.24124
1.23928
1.23685
1.234
1.23083
1.22749
1.22415
1.22106
1.21844
1.21653
1.21551
1.21549
1.21652
1.21851
1.22133
1.22478
1.22862
1.23264
1.23665
1.24048
1.24402
1.24718
1.24991
1.2522
1.25403
1.25541
1.25637
1.25693
1.25711
1.25695
1.25647
1.25572
1.25472
1.25352
1.25215
1.25066
1.24909
1.24749
1.24591
1.2444
1.24302
1.24179
1.24078
1.24002
1.23953
1.23933
1.23944
1.23985
1.24055
1.24153
1.24275
1.24418
1.24579
1.24752
1.24935
1.25123
1.25311
1.25498
1.25678
1.2585
1.2601
1.26157
1.26288
1.26401
1.26495
1.26569
1.26621
1.2665
1.26655
1.26636
1.26593
1.26526
1.26435
1.26323
1.26192
1.26046
1.2589
1.25731
1.25576
1.25434
1.25315
1.25228
1.25182
1.25183
1.25235
1.25338
1.2549
1.25684
1.25912
1.26163
1.26426
1.2669
1.26944
1.27177
1.27383
1.27554
1.27684
1.27769
1.27805
1.27789
1.27719
1.27593
1.27409
1.27169
1.26872
1.26521
1.2612
1.25675
1.25194
1.24688
1.2417
1.23654
1.23157
1.22695
1.22282
1.21929
1.21646
1.21437
1.21302
1.21238
1.21239
1.21297
1.21403
1.21551
1.21732
1.21941
1.22172
1.22421
1.22683
1.22955
1.23232
1.23512
1.23791
1.24067
1.24338
1.246
1.24853
1.25094
1.25323
1.25537
1.25735
1.25917
1.26082
1.26231
1.26364
1.26482
1.26589
1.26685
1.26773
1.26857
1.2694
1.27024
1.27113
1.27207
1.27309
1.2742
1.2754
1.27668
1.27803
1.27944
1.28089
1.28236
1.28382
1.28525
1.28664
1.28797
1.28921
1.29037
1.29142
1.29236
1.29318
1.29386
1.2944
1.29479
1.29501
1.29505
1.29489
1.29452
1.29392
1.29308
1.29199
1.29066
1.28911
1.28737
1.2855
1.28357
1.2817
1.28
1.2786
1.27762
1.27715
1.27728
1.27801
1.27932
1.28115
1.28339
1.28592
1.28861
1.29135
1.29404
1.2966
1.29898
1.30114
1.30307
1.30477
1.30624
1.30751
1.3086
1.30952
1.3103
1.31097
1.31155
1.31205
1.31249
1.31288
1.31325
1.31359
1.31392
1.31423
1.31452
1.31481
1.31507
1.31531
1.31552
1.31568
1.31581
1.31588
1.31589
1.31583
1.3157
1.31549
1.3152
1.31483
1.31437
1.31381
1.31315
1.31239
1.3115
1.31048
1.30933
1.30803
1.30657
1.30497
1.30322
1.30136
1.29942
1.29744
1.29549
1.29362
1.29192
1.29045
1.28926
1.2884
1.2879
1.28777
1.28797
1.2885
1.28931
1.29035
1.29158
1.29295
1.29442
1.29596
1.29753
1.29912
1.3007
1.30226
1.30378
1.30524
1.30665
1.30798
1.30922
1.31037
1.31143
1.31237
1.31321
1.31393
1.31453
1.31502
1.31538
1.31562
1.31575
1.31575
1.31563
1.31539
1.31503
1.31455
1.31396
1.31324
1.3124
1.31144
1.31036
1.30916
1.30783
1.30638
1.30481
1.30313
1.30133
1.29943
1.29743
1.29535
1.2932
1.291
1.28875
1.28649
1.28421
1.28196
1.27974
1.27759
1.27552
1.27356
1.27175
1.27011
1.26868
1.2675
1.26661
1.26603
1.26579
1.2659
1.26636
1.26716
1.26824
1.26958
1.27111
1.27276
1.27446
1.27615
1.27775
1.27921
1.28048
1.28153
1.28233
1.28286
1.28313
1.28312
1.28286
1.28235
1.28162
1.28067
1.27954
1.27825
1.27682
1.27527
1.27364
1.27195
1.27024
1.26854
1.2669
1.26535
1.26394
1.26271
1.2617
1.26095
1.26047
1.26029
1.26039
1.26078
1.26141
1.26226
1.26328
1.26442
1.26563
1.26687
1.2681
1.26929
1.27042
1.27149
1.2725
1.27345
1.27437
1.27528
1.27619
1.27713
1.27813
1.27918
1.2803
1.28148
1.2827
1.28396
1.28522
1.28644
1.28761
1.28867
1.2896
1.29035
1.29087
1.29113
1.29109
1.2907
1.28992
1.28871
1.28704
1.2849
1.28229
1.27922
1.27574
1.27196
1.26798
1.26398
1.26014
1.25665
1.25368
1.2514
1.24987
1.24912
1.24911
1.24972
1.25084
1.25232
1.25401
1.25579
1.25756
1.25925
1.26079
1.26215
1.26332
1.26428
1.26503
1.26558
1.26594
1.26616
1.26624
1.26623
1.26617
1.26608
1.266
1.26597
1.26601
1.26612
1.26634
1.26665
1.26706
1.26756
1.26812
1.26874
1.2694
1.27006
1.27073
1.27137
1.27197
1.27253
1.27303
1.27346
1.27383
1.27414
1.27437
1.27455
1.27467
1.27473
1.27476
1.27474
1.27469
1.27461
1.27452
1.2744
1.27427
1.27413
1.27398
1.27382
1.27365
1.27349
1.27332
1.27317
1.27302
1.2729
1.2728
1.27274
1.27274
1.27279
1.27292
1.27314
1.27345
1.27386
1.27439
1.27504
1.2758
1.27668
1.27767
1.27875
1.27993
1.28117
1.28247
1.2838
1.28513
1.28646
1.28775
1.28899
1.29015
1.29122
1.29217
1.293
1.29368
1.29421
1.29457
1.29476
1.29477
1.29459
1.29422
1.29365
1.29289
1.29193
1.29079
1.28945
1.28795
1.28627
1.28445
1.2825
1.28044
1.27831
1.27616
1.27403
1.27197
1.27006
1.26836
1.26693
1.26586
1.26519
1.26497
1.26523
1.26598
1.26719
1.26882
1.27082
1.2731
1.2756
1.27821
1.28087
1.28349
1.28602
1.2884
1.29059
1.29258
1.29433
1.29585
1.29712
1.29815
1.29895
1.29953
1.2999
1.30006
1.30004
1.29984
1.29948
1.29898
1.29834
1.29759
1.29673
1.29578
1.29476
1.29368
1.29256
1.29139
1.2902
1.28899
1.28777
1.28655
1.28533
1.28411
1.28289
1.28167
1.28044
1.27921
1.27797
1.27672
1.27546
1.27419
1.2729
1.27161
1.27031
1.269
1.26771
1.26642
1.26516
1.26394
1.26276
1.26164
1.26061
1.25968
1.25887
1.2582
1.2577
1.25738
1.25726
1.25734
1.25763
1.25813
1.25882
1.25967
1.26067
1.26177
1.26294
1.26416
1.26537
1.26655
1.26767
1.26871
1.26964
1.27046
1.27114
1.27169
1.27209
1.27236
1.2725
1.27251
1.27239
1.27215
1.27181
1.27138
1.27085
1.27025
1.26957
1.26884
1.26806
1.26723
1.26637
1.26549
1.26459
1.26367
1.26275
1.26182
1.2609
1.25998
1.25907
1.25817
1.25729
1.25642
1.25557
1.25474
1.25395
1.25318
1.25245
1.25177
1.25115
1.25059
1.25011
1.24971
1.24941
1.24921
1.24911
1.24912
1.24924
1.24946
1.24977
1.25018
1.25065
1.25119
1.25176
1.25237
1.25298
1.25358
1.25416
1.2547
1.2552
1.25564
1.25601
1.25632
1.25655
1.2567
1.25678
1.25677
1.2567
1.25654
1.25632
1.25603
1.25568
1.25527
1.25482
1.25431
1.25377
1.25319
1.25258
1.25194
1.25129
1.25063
1.24996
1.24928
1.24862
1.24796
1.24732
1.24671
1.24614
1.24561
1.24513
1.24471
1.24436
1.24409
1.24391
1.24382
1.24382
1.24393
1.24412
1.24441
1.24479
1.24525
1.24578
1.24637
1.24701
1.24769
1.24839
1.24911
1.24982
1.25052
1.2512
1.25184
1.25242
1.25295
1.2534
1.25377
1.25405
1.25423
1.2543
1.25425
1.25408
1.25378
1.25335
1.25278
1.25209
1.25127
1.25034
1.2493
1.24818
1.247
1.24579
1.24459
1.24343
1.24235
1.24138
1.24057
1.23994
1.2395
1.23927
1.23923
1.23938
1.23969
1.24012
1.24066
1.24125
1.24186
1.24246
1.24303
1.24354
1.24397
1.24432
1.24456
1.24471
1.24475
1.24469
1.24453
1.24426
1.24389
1.24341
1.24282
1.24211
1.24129
1.24034
1.23925
1.23803
1.23667
1.23517
1.23354
1.23178
1.22992
1.22798
1.22599
1.224
1.22206
1.22023
1.21857
1.21714
1.21601
1.21522
1.2148
1.21478
1.21513
1.21585
1.21689
1.21821
1.21974
1.22142
1.2232
1.22503
1.22685
1.22864
1.23036
1.23199
1.23351
1.23492
1.23621
1.23738
1.23843
1.23936
1.24019
1.24091
1.24153
1.24206
1.24249
1.24283
1.24309
1.24325
1.24332
1.24328
1.24314
1.24289
1.24252
1.24202
1.2414
1.24064
1.23975
1.23874
1.23762
1.23639
1.23507
1.2337
1.23228
1.23086
1.22945
1.22808
1.22678
1.22557
1.22446
1.22345
1.22256
1.22178
1.2211
1.22052
1.22003
1.21961
1.21925
1.21895
1.21871
1.21851
1.21835
1.21824
1.21817
1.21813
1.21813
1.21816
1.21822
1.21828
1.21836
1.21844
1.21851
1.21856
1.21859
1.21859
1.21856
1.2185
1.2184
1.21827
1.2181
1.21791
1.2177
1.21747
1.21724
1.21699
1.21675
1.21651
1.21628
1.21607
1.21588
1.2157
1.21555
1.21542
1.21531
1.21522
1.21515
1.21511
1.21508
1.21507
1.21508
1.2151
1.21514
1.21519
1.21525
1.21533
1.21542
1.21553
1.21564
1.21577
1.21591
1.21605
1.21621
1.21638
1.21655
1.21674
1.21692
1.21711
1.21731
1.21751
1.2177
1.21789
1.21808
1.21827
1.21844
1.21861
1.21876
1.2189
1.21903
1.21913
1.21922
1.21929
1.21933
1.21935
1.21935
1.21932
1.21926
1.21918
1.21908
1.21896
1.21882
1.21867
1.21851
1.21835
1.21819
1.21805
1.21792
1.21782
1.21775
1.21773
1.21776
1.21783
1.21796
1.21815
1.2184
1.21869
1.21904
1.21942
1.21984
1.22029
1.22075
1.22121
1.22167
1.22212
1.22256
1.22296
1.22334
1.22368
1.22398
1.22425
1.22449
1.22468
1.22485
1.22498
1.22508
1.22516
1.22521
1.22524
1.22524
1.22523
1.22519
1.22514
1.22507
1.22498
1.22488
1.22478
1.22467
1.22457
1.22448
1.22442
1.22441
1.22445
1.22456
1.22475
1.22503
1.2254
1.22587
1.22642
1.22706
1.22776
1.2285
1.22927
1.23003
1.23075
1.23142
1.23201
1.23249
1.23284
1.23306
1.23312
1.23303
1.23279
1.23239
1.23185
1.23118
1.23041
1.22954
1.22863
1.22771
1.22682
1.22601
1.22535
1.22489
1.2247
1.22482
1.2253
1.22617
1.22745
1.22912
1.23116
1.23352
1.23615
1.23896
1.2419
1.24486
1.24778
1.2506
1.25323
1.25563
1.25775
1.25956
1.26101
1.26209
1.26277
1.26304
1.2629
1.26235
1.26139
1.26006
1.25838
1.2564
1.2542
1.25184
1.24941
1.24702
1.24476
1.24271
1.24095
1.23953
1.23847
1.23775
1.23735
1.23722
1.2373
1.23753
1.23786
1.23825
1.23866
1.23907
1.23948
1.23989
1.2403
1.24074
1.2412
1.24168
1.2422
1.24272
1.24325
1.24375
1.2442
1.24456
1.24481
1.24489
1.24479
1.24449
1.24395
1.24318
1.24216
1.24091
1.23944
1.23777
1.23594
1.23399
1.23197
1.22993
1.22793
1.22602
1.22427
1.22272
1.22142
1.2204
1.21969
1.2193
1.21924
1.2195
1.22006
1.22089
1.22198
1.22327
1.22473
1.22633
1.22802
1.22977
1.23155
1.23333
1.23509
1.23681
1.23848
1.24007
1.2416
1.24303
1.24439
1.24565
1.24681
1.24788
1.24885
1.24972
1.25048
1.25113
1.25168
1.25212
1.25245
1.25266
1.25276
1.25275
1.25262
1.25237
1.252
1.25152
1.25092
1.25019
1.24936
1.2484
1.24735
1.24619
1.24495
1.24363
1.24226
1.24086
1.23945
1.23807
1.23676
1.23553
1.23444
1.2335
1.23274
1.23219
1.23184
1.2317
1.23177
1.23201
1.23242
1.23295
1.23357
1.23425
1.23495
1.23563
1.23626
1.2368
1.23723
1.23753
1.23766
1.23761
1.23736
1.2369
1.2362
1.23528
1.23412
1.23274
1.23113
1.22934
