1.19825
1.19621
1.19413
1.19208
1.19012
1.18833
1.18677
1.1855
1.18457
1.18398
1.18374
1.18383
1.18421
1.18481
1.18558
1.18645
1.18735
1.18822
1.18901
1.18967
1.19018
1.19051
1.19064
1.19057
1.19029
1.18981
1.18913
1.18827
1.18724
1.18606
1.18475
1.18334
1.18187
1.18038
1.1789
1.1775
1.17621
1.1751
1.17422
1.17361
1.17331
1.17335
1.17374
1.17448
1.17556
1.17694
1.17858
1.18044
1.18245
1.18456
1.18671
1.18885
1.19093
1.19293
1.19479
1.19651
1.19807
1.19945
1.20066
1.20168
1.20253
1.20321
1.20373
1.2041
1.20434
1.20445
1.20445
1.20435
1.20417
1.20393
1.20364
1.20331
1.20296
1.2026
1.20225
1.20191
1.20159
1.20131
1.20106
1.20086
1.20069
1.20057
1.20048
1.20044
1.20043
1.20044
1.20048
1.20053
1.2006
1.20068
1.20076
1.20085
1.20093
1.20101
1.20108
1.20115
1.20121
1.20128
1.20134
1.2014
1.20146
1.20152
1.20158
1.20165
1.20173
1.20181
1.20191
1.202
1.20211
1.20221
1.20233
1.20244
1.20256
1.20268
1.2028
1.20292
1.20304
1.20316
1.20328
1.20339
1.20351
1.20363
1.20375
1.20388
1.20401
1.20414
1.20427
1.20441
1.20455
1.20469
1.20483
1.20497
1.20509
1.20521
1.20532
1.2054
1.20547
1.20552
1.20555
1.20555
1.20553
1.20547
1.20539
1.20529
1.20515
1.20499
1.20479
1.20457
1.20433
1.20406
1.20377
1.20346
1.20312
1.20277
1.2024
1.20202
1.20162
1.20121
1.20079
1.20036
1.19994
1.19951
1.19908
1.19866
1.19825
1.19785
1.19747
1.19709
1.19673
1.19639
1.19605
1.19572
1.19539
1.19507
1.19474
1.19441
1.19408
1.19374
1.19341
1.19309
1.19279
1.19252
1.19229
1.19212
1.19201
1.19197
1.19198
1.19206
1.19217
1.19231
1.19246
1.19259
1.19271
1.19279
1.19287
1.19294
1.19304
1.19322
1.19353
1.19402
1.19473
1.1957
1.19697
1.19851
1.20032
1.20235
1.20452
1.20677
1.209
1.21112
1.21305
1.2147
1.216
1.21687
1.21726
1.21712
1.21641
1.21512
1.21323
1.21079
1.20785
1.20453
1.20099
1.19743
1.1941
1.19125
1.18909
1.1878
1.18743
1.18795
1.18924
1.19111
1.19332
1.19566
1.19794
1.20003
1.20181
1.20327
1.20438
1.20518
1.20569
1.20598
1.2061
1.20608
1.20597
1.20581
1.20563
1.20543
1.20522
1.20502
1.2048
1.20457
1.20432
1.20402
1.20368
1.20327
1.2028
1.20225
1.20163
1.20093
1.20017
1.19935
1.19847
1.19756
1.19662
1.19567
1.19473
1.19379
1.19287
1.19197
1.1911
1.19025
1.18943
1.18864
1.18786
1.1871
1.18635
1.18563
1.18491
1.18422
1.18355
1.18291
1.18231
1.18175
1.18123
1.18077
1.18036
1.18002
1.17974
1.17953
1.17939
1.17931
1.1793
1.17936
1.17947
1.17965
1.17987
1.18014
1.18045
1.18079
1.18115
1.18153
1.18193
1.18232
1.18272
1.1831
1.18347
1.18382
1.18414
1.18444
1.1847
1.18493
1.18513
1.18529
1.18541
1.1855
1.18555
1.18557
1.18556
1.18551
1.18544
1.18534
1.18522
1.18507
1.18491
1.18473
1.18453
1.18433
1.18411
1.18388
1.18365
1.18342
1.18318
1.18295
1.18272
1.18249
1.18226
1.18205
1.18184
1.18163
1.18144
1.18126
1.1811
1.18094
1.1808
1.18067
1.18056
1.18046
1.18038
1.18032
1.18027
1.18023
1.18021
1.18021
1.18022
1.18025
1.18029
1.18035
1.18041
1.18049
1.18059
1.18069
1.1808
1.18092
1.18104
1.18117
1.18129
1.18142
1.18154
1.18166
1.18176
1.18186
1.18193
1.18198
1.18201
1.18201
1.18197
1.18189
1.18176
1.18158
1.18134
1.18104
1.18067
1.18022
1.1797
1.17909
1.17839
1.17761
1.17674
1.17579
1.17476
1.17367
1.17252
1.17133
1.17014
1.16895
1.16781
1.16675
1.16579
1.16497
1.16433
1.16388
1.16365
1.16365
1.16389
1.16435
1.16503
1.16591
1.16696
1.16815
1.16945
1.17083
1.17226
1.17371
1.17515
1.17656
1.17791
1.17919
1.18039
1.18148
1.18246
1.18332
1.18405
1.18464
1.18509
1.18539
1.18553
1.18552
1.18535
1.18501
1.18451
1.18385
1.18302
1.18203
1.1809
1.17961
1.17819
1.17664
1.17499
1.17325
1.17146
1.16963
1.16781
1.16603
1.16433
1.16276
1.16135
1.16015
1.15919
1.15851
1.15813
1.15807
1.15834
1.15893
1.15985
1.16108
1.1626
1.16439
1.16641
1.16862
1.171
1.17349
1.17607
1.17868
1.1813
1.18389
1.18641
1.18885
1.19118
1.19338
1.19545
1.19736
1.19913
1.20073
1.20219
1.20349
1.20465
1.20567
1.20656
1.20733
1.20798
1.20852
1.20896
1.2093
1.20956
1.20974
1.20984
1.20988
1.20985
1.20975
1.2096
1.2094
1.20913
1.20882
1.20846
1.20805
1.20759
1.20708
1.20653
1.20594
1.20531
1.20464
1.20393
1.2032
1.20244
1.20167
1.20089
1.20011
1.19934
1.19859
1.19787
1.19718
1.19654
1.19593
1.19537
1.19486
1.19438
1.19393
1.1935
1.19309
1.1927
1.19233
1.19199
1.19169
1.19145
1.19129
1.19125
1.19134
1.19158
1.19197
1.1925
1.19315
1.19386
1.19459
1.19528
1.19585
1.19626
1.19647
1.19645
1.1962
1.19575
1.19514
1.19444
1.19373
1.19307
1.19253
1.19218
1.19203
1.1921
1.19238
1.19283
1.19343
1.19413
1.1949
1.19571
1.19653
1.19734
1.19812
1.19884
1.19947
1.19999
1.20034
1.20052
1.20048
1.20023
1.19974
1.19906
1.1982
1.19723
1.19621
1.19522
1.19435
1.19367
1.19325
1.19315
1.19338
1.19395
1.19482
1.19594
1.19725
1.19866
1.2001
1.20149
1.20277
1.20387
1.20474
1.20537
1.20573
1.2058
1.2056
1.20513
1.20442
1.20349
1.20239
1.20117
1.19986
1.19854
1.19727
1.1961
1.19508
1.19428
1.19371
1.1934
1.19334
1.19353
1.19392
1.19448
1.19516
1.19589
1.19663
1.19732
1.19792
1.19839
1.1987
1.19883
1.19875
1.19848
1.19802
1.19738
1.1966
1.19572
1.1948
1.1939
1.19308
1.19243
1.19202
1.19189
1.19209
1.19264
1.19353
1.19473
1.1962
1.19788
1.1997
1.2016
1.20351
1.20537
1.20715
1.20882
1.21034
1.21172
1.21295
1.21402
1.21496
1.21576
1.21645
1.21702
1.2175
1.2179
1.21822
1.21849
1.2187
1.21886
1.21899
1.21909
1.21916
1.2192
1.21923
1.21923
1.21922
1.21918
1.21912
1.21904
1.21893
1.2188
1.21862
1.21841
1.21815
1.21784
1.21746
1.21702
1.21649
1.21588
1.21517
1.21435
1.21342
1.21236
1.21118
1.20987
1.20842
1.20686
1.20518
1.2034
1.20155
1.19964
1.19772
1.1958
1.19394
1.19215
1.19048
1.18893
1.18752
1.18625
1.18512
1.1841
1.18317
1.1823
1.18147
1.18065
1.17983
1.17899
1.17813
1.17728
1.17644
1.17566
1.17497
1.17441
1.17402
1.17383
1.17389
1.17421
1.1748
1.17567
1.1768
1.17818
1.17976
1.18151
1.18339
1.18535
1.18734
1.18933
1.19127
1.19313
1.19488
1.1965
1.19797
1.19929
1.20045
1.20146
1.20232
1.20304
1.20364
1.20413
1.20452
1.20484
1.2051
1.20531
1.20549
1.20564
1.20579
1.20592
1.20606
1.2062
1.20635
1.2065
1.20666
1.20683
1.207
1.20718
1.20737
1.20756
1.20775
1.20795
1.20814
1.20833
1.20852
1.2087
1.20886
1.20901
1.20913
1.20924
1.20932
1.20937
1.2094
1.20939
1.20934
1.20926
1.20914
1.20897
1.20876
1.20849
1.20816
1.20777
1.20729
1.20673
1.20607
1.20529
1.20439
1.20336
1.20217
1.20083
1.19932
1.19764
1.19579
1.19379
1.19164
1.18938
1.18705
1.18468
1.18235
1.18011
1.17802
1.17616
1.17457
1.17331
1.17241
1.17188
1.17171
1.17188
1.17236
1.17309
1.17402
1.17511
1.17629
1.17753
1.17877
1.17999
1.18117
1.18227
1.1833
1.18424
1.18509
1.18585
1.18653
1.18713
1.18766
1.18813
1.18854
1.18891
1.18925
1.18956
1.18985
1.19013
1.19039
1.19066
1.19091
1.19116
1.1914
1.19162
1.19184
1.19203
1.1922
1.19235
1.19247
1.19256
1.19263
1.19268
1.19271
1.19271
1.19271
1.19269
1.19267
1.19265
1.19263
1.19261
1.19259
1.19258
1.19257
1.19255
1.19253
1.19249
1.19242
1.19232
1.19216
1.19194
1.19164
1.19124
1.19073
1.19008
1.18928
1.18832
1.18717
1.18582
1.18428
1.18254
1.18062
1.17855
1.17636
1.17411
1.17187
1.1697
1.1677
1.16594
1.16448
1.16336
1.1626
1.16219
1.16209
1.16224
1.16257
1.163
1.16345
1.16385
1.16415
1.16432
1.16433
1.16418
1.16387
1.16341
1.16284
1.16217
1.16143
1.16065
1.15986
1.15908
1.15834
1.15767
1.15706
1.15655
1.15614
1.15583
1.15562
1.15553
1.15556
1.1557
1.15595
1.15632
1.15681
1.15742
1.15814
1.15896
1.15986
1.16084
1.16188
1.16294
1.16401
1.16507
1.16609
1.16706
1.16798
1.16881
1.16957
1.17025
1.17084
1.17136
1.1718
1.17217
1.17248
1.17273
1.17294
1.1731
1.17323
1.17334
1.17342
1.17348
1.17353
1.17358
1.17363
1.17367
1.17372
1.17378
1.17384
1.17392
1.17401
1.17412
1.17424
1.17439
1.17455
1.17473
1.17493
1.17515
1.17539
1.17565
1.17594
1.17624
1.17657
1.17691
1.17727
1.17764
1.17803
1.17844
1.17886
1.17929
1.17972
1.18017
1.18062
1.18107
1.18152
1.18197
1.18241
1.18284
1.18326
1.18367
1.18406
1.18442
1.18476
1.18507
1.18535
1.18559
1.18578
1.18592
1.18601
1.18604
1.18601
1.18591
1.18573
1.18547
1.18513
1.18469
1.18417
1.18355
1.18284
1.18204
1.18116
1.1802
1.17917
1.17809
1.17699
1.17589
1.17482
1.1738
1.17288
1.17209
1.17146
1.17102
1.17081
1.17084
1.17113
1.17167
1.17247
1.17351
1.17477
1.17622
1.17784
1.17959
1.18144
1.18334
1.18528
1.1872
1.1891
1.19095
1.19272
1.1944
1.196
1.19748
1.19887
1.20015
1.20132
1.2024
1.20338
1.20426
1.20506
1.20577
1.20641
1.20696
1.20743
1.20783
1.20815
1.20838
1.20852
1.20857
1.2085
1.20831
1.20799
1.20752
1.2069
1.2061
1.20514
1.20401
1.20273
1.20133
1.19986
1.19839
1.19701
1.19583
1.19497
1.19453
1.19462
1.19532
1.19667
1.19866
1.20126
1.20438
1.20791
1.21174
1.21574
1.21979
1.2238
1.22769
1.2314
1.23488
1.23812
1.24109
1.24379
1.24622
1.24838
1.25028
1.25192
1.25331
1.25445
1.25534
1.25599
1.2564
1.25657
1.25651
1.25621
1.25569
1.25495
1.25401
1.2529
1.25163
1.25025
1.2488
1.24732
1.24585
1.24446
1.24318
1.24205
1.2411
1.24035
1.2398
1.23945
1.23929
1.23927
1.23939
1.2396
1.23988
1.2402
1.24055
1.24091
1.24127
1.24162
1.24197
1.24231
1.24266
1.24301
1.24338
1.24377
1.24419
1.24464
1.24514
1.24568
1.24629
1.24695
1.24769
1.24849
1.24937
1.25033
1.25136
1.25246
1.25363
1.25486
1.25614
1.25745
1.25879
1.26013
1.26147
1.26277
1.26401
1.26519
1.26627
1.26724
1.26808
1.26877
1.26931
1.26969
1.26991
1.26997
1.26987
1.26962
1.26925
1.26876
1.26817
1.26751
1.2668
1.26608
1.26535
1.26465
1.26401
1.26343
1.26295
1.26256
1.26229
1.26213
1.26209
1.26216
1.26235
1.26265
1.26305
1.26355
1.26416
1.26486
1.26566
1.26654
1.26752
1.26857
1.26969
1.27087
1.27208
1.2733
1.27452
1.27572
1.27687
1.27795
1.27896
1.27986
1.28066
1.28134
1.28189
1.2823
1.28258
1.2827
1.28267
1.28248
1.28211
1.28156
1.28082
1.27985
1.27865
1.27719
1.27543
1.27334
1.27089
1.26806
1.26483
1.26118
1.25714
1.25275
1.2481
1.24332
1.23857
1.23404
1.22994
1.22646
1.22375
1.2219
1.22095
1.22084
1.22149
1.22276
1.22452
1.22661
1.22892
1.23134
1.23378
1.2362
1.23854
1.24077
1.24287
1.24483
1.24663
1.24829
1.2498
1.25117
1.25241
1.25353
1.25454
1.25545
1.25627
1.25701
1.25767
1.25827
1.2588
1.25927
1.25969
1.26004
1.26034
1.26058
1.26076
1.26087
1.26092
1.26091
1.26082
1.26067
1.26044
1.26013
1.25975
1.25928
1.25874
1.25811
1.2574
1.25661
1.25573
1.25478
1.25375
1.25265
1.25149
1.25027
1.24901
1.24771
1.24639
1.24507
1.24375
1.24247
1.24122
1.24004
1.23893
1.23789
1.23695
1.23609
1.23532
1.23463
1.23401
1.23344
1.2329
1.23238
1.23187
1.23135
1.23082
1.23027
1.22971
1.22915
1.22861
1.22811
1.22767
1.2273
1.22702
1.22684
1.22675
1.22674
1.22679
1.22686
1.22693
1.22695
1.22689
1.22672
1.2264
1.22592
1.22527
1.22446
1.22349
1.22239
1.22121
1.21997
1.21874
1.21756
1.21648
1.21557
1.21485
1.21436
1.21413
1.21416
1.21445
1.21499
1.21574
1.21669
1.21778
1.21899
1.22028
1.2216
1.22293
1.22424
1.2255
1.22669
1.2278
1.22882
1.22974
1.23056
1.23127
1.23188
1.23238
1.23279
1.23309
1.2333
1.23341
1.23344
1.23339
1.23325
1.23304
1.23275
1.23239
1.23196
1.23147
1.23091
1.23029
1.22961
1.22888
1.22809
1.22725
1.22637
1.22545
1.2245
1.22352
1.22253
1.22154
1.22054
1.21956
1.21861
1.21769
1.21681
1.21599
1.21522
1.21453
1.2139
1.21334
1.21285
1.21243
1.21207
1.21175
1.21149
1.21125
1.21104
1.21085
1.21065
1.21045
1.21025
1.21002
1.20978
1.20951
1.20922
1.2089
1.20854
1.20813
1.20769
1.20719
1.20665
1.20606
1.20545
1.20484
1.20426
1.20376
1.20337
1.20317
1.20319
1.20347
1.20405
1.20494
1.20613
1.20759
1.20928
1.21115
1.21314
1.21518
1.21722
1.2192
1.22108
1.22282
1.2244
1.22579
1.227
1.22801
1.22884
1.22949
1.22997
1.23032
1.23054
1.23065
1.23069
1.23068
1.23063
1.23058
1.23054
1.23053
1.23056
1.23066
1.23082
1.23105
1.23136
1.23174
1.23218
1.23268
1.23322
1.2338
1.23439
1.23499
1.23557
1.23613
1.23664
1.2371
1.2375
1.23782
1.23806
1.23821
1.23827
1.23824
1.23811
1.23789
1.23758
1.23719
1.23671
1.23615
1.23553
1.23485
1.23412
1.23334
1.23254
1.23173
1.23091
1.23012
1.22936
1.22866
1.22805
1.22754
1.22715
1.22691
1.22683
1.22692
1.22718
1.2276
1.22818
1.22889
1.22971
1.23062
1.23158
1.23258
1.23357
1.23455
1.23549
1.23637
1.23718
1.2379
1.23852
1.23903
1.23943
1.23969
1.23982
1.2398
1.23962
1.23927
1.23875
1.23803
1.23713
1.23602
1.2347
1.23319
1.23147
1.22956
1.22748
1.22525
1.22291
1.22049
1.21803
1.2156
1.21325
1.21103
1.20899
1.20718
1.20565
1.20441
1.20349
1.20288
1.2026
1.20262
1.20293
1.2035
1.20431
1.20533
1.20653
1.20788
1.20934
1.21089
1.21248
1.21409
1.21569
1.21725
1.21873
1.22012
1.22138
1.22251
1.22347
1.22428
1.22491
1.22536
1.22565
1.22579
1.22578
1.22567
1.22547
1.22523
1.22498
1.22476
1.22461
1.22456
1.22463
1.22485
1.22522
1.22575
1.22642
1.22724
1.22816
1.22917
1.23025
1.23137
1.23249
1.2336
1.23467
1.23568
1.23661
1.23744
1.23816
1.23875
1.23921
1.23953
1.23971
1.23974
1.23964
1.23941
1.23905
1.23858
1.23802
1.23738
1.23668
1.23594
1.23519
1.23443
1.2337
1.23301
1.23236
1.23179
1.23129
1.23088
1.23055
1.2303
1.23014
1.23005
1.23003
1.23006
1.23015
1.23027
1.23041
1.23057
1.23074
1.23091
1.23106
1.23121
1.23133
1.23143
1.23151
1.23156
1.23159
1.2316
1.23158
1.23155
1.2315
1.23144
1.23136
1.23127
1.23118
1.23107
1.23095
1.23083
1.23068
1.23052
1.23034
1.23013
1.22988
1.22959
1.22924
1.22883
1.22836
1.2278
1.22715
1.22641
1.22556
1.2246
1.22351
1.22231
1.22098
1.21952
1.21794
1.21624
1.21442
1.21251
1.21051
1.20844
1.20632
1.20418
1.20204
1.19994
1.1979
1.19595
1.19412
1.19245
1.19096
1.18967
1.1886
1.18777
1.18719
1.18686
1.18679
1.18698
1.18741
1.18807
1.18896
1.19003
1.19128
1.19267
1.19417
1.19576
1.1974
1.19906
1.20072
1.20235
1.20392
1.20542
1.20683
1.20813
1.20932
1.21039
1.21133
1.21214
1.21282
1.21337
1.2138
1.21411
1.21431
1.21441
1.21441
1.21432
1.21416
1.21393
1.21364
1.21331
1.21295
1.21257
1.21218
1.21179
1.21141
1.21105
1.21071
1.2104
1.21011
1.20987
1.20965
1.20946
1.20929
1.20914
1.209
1.20885
1.20869
1.20851
1.2083
1.20804
1.20772
1.20733
1.20687
1.20631
1.20566
1.2049
1.20404
1.20305
1.20195
1.20074
1.19942
1.19801
1.19652
1.19497
1.19341
1.19186
1.19036
1.18898
1.18775
1.18672
1.18593
1.18543
1.18523
1.18535
1.18578
1.1865
1.18749
1.1887
1.19009
1.19162
1.19322
1.19488
1.19653
1.19815
1.19971
1.2012
1.2026
1.2039
1.2051
1.20619
1.20718
1.20807
1.20887
1.20958
1.21021
1.21076
1.21124
1.21166
1.21203
1.21234
1.2126
1.21282
1.21301
1.21316
1.21328
1.21337
1.21345
1.2135
1.21353
1.21354
1.21354
1.21353
1.21351
1.21348
1.21345
1.2134
1.21336
1.2133
1.21325
1.21319
1.21312
1.21305
1.21298
1.2129
1.21282
1.21272
1.21262
1.2125
1.21237
1.21221
1.21202
1.21181
1.21155
1.21125
1.21089
1.21047
1.20998
1.20941
1.20875
1.20802
1.20719
1.20628
1.2053
1.20427
1.20319
1.20212
1.20107
1.2001
1.19924
1.19855
1.19807
1.19782
1.19784
1.19813
1.19869
1.19949
1.2005
1.20168
1.20297
1.20432
1.20566
1.20695
1.20813
1.20917
1.21004
1.21072
1.21118
1.21143
1.21147
1.21131
1.21097
1.21048
1.20986
1.20915
1.2084
1.20764
1.20692
1.20627
1.20574
1.20533
1.20508
1.20499
1.20507
1.20529
1.20567
1.20617
1.20678
1.20748
1.20825
1.20909
1.20997
1.21089
1.21184
1.21281
1.21381
1.21482
1.21583
1.21684
1.21785
1.21884
1.2198
1.22073
1.22161
1.22244
1.22319
1.22386
1.22445
1.22494
1.22533
1.22561
1.22577
1.22582
1.22574
1.22555
1.22525
1.22483
1.22432
1.2237
1.22301
1.22225
1.22144
1.22059
1.21974
1.2189
1.21808
1.21733
1.21665
1.21606
1.21559
1.21524
1.21502
1.21493
1.21498
1.21515
1.21545
1.21584
1.21633
1.21688
1.21749
1.21814
1.2188
1.21946
1.22011
1.22073
1.22132
1.22187
1.22236
1.22281
1.22321
1.22355
1.22385
1.22411
1.22433
1.22453
1.2247
1.22485
1.225
1.22515
1.22529
1.22545
1.22561
1.22578
1.22596
1.22615
1.22634
1.22653
1.22671
1.22688
1.22702
1.22713
1.22719
1.22721
1.22717
1.22705
1.22686
1.22658
1.22621
1.22575
1.22518
1.22452
1.22375
1.22289
1.22194
1.22091
1.21982
1.21867
1.21749
1.2163
1.21512
1.21397
1.21288
1.21186
1.21095
1.21017
1.20951
1.20901
1.20866
1.20848
1.20845
1.20858
1.20887
1.20929
1.20985
1.21054
1.21134
1.21224
1.21323
1.2143
1.21543
1.2166
1.21781
1.21904
1.22026
1.22145
1.22259
1.22365
1.22462
1.22547
1.22617
1.22671
1.22706
1.2272
1.22711
1.2268
1.22624
1.22543
1.22439
1.22312
1.22165
1.22002
1.21826
1.21644
1.21462
1.21288
1.21128
1.20992
1.20885
