1.015
1.015
1.015
1.01501
1.01501
1.01502
1.01502
1.01503
1.01503
1.01504
1.01505
1.01506
1.01507
1.01509
1.0151
1.01511
1.01513
1.01514
1.01516
1.01518
1.01519
1.01521
1.01523
1.01525
1.01527
1.0153
1.01532
1.01535
1.01537
1.0154
1.01542
1.01545
1.01548
1.01551
1.01554
1.01557
1.01561
1.01564
1.01568
1.01571
1.01575
1.01579
1.01583
1.01587
1.01591
1.01595
1.01599
1.01604
1.01608
1.01613
1.01618
1.01623
1.01628
1.01633
1.01638
1.01643
1.01649
1.01654
1.0166
1.01666
1.01672
1.01678
1.01684
1.0169
1.01696
1.01703
1.01709
1.01716
1.01723
1.0173
1.01737
1.01744
1.01752
1.01759
1.01767
1.01775
1.01783
1.01791
1.01799
1.01807
1.01816
1.01825
1.01833
1.01842
1.01852
1.01861
1.0187
1.0188
1.01889
1.01899
1.01909
1.0192
1.0193
1.01941
1.01951
1.01962
1.01973
1.01985
1.01996
1.02008
1.0202
1.02032
1.02044
1.02056
1.02069
1.02082
1.02095
1.02108
1.02122
1.02135
1.02149
1.02164
1.02178
1.02193
1.02208
1.02223
1.02238
1.02254
1.0227
1.02286
1.02302
1.02319
1.02336
1.02353
1.02371
1.02389
1.02407
1.02425
1.02444
1.02463
1.02483
1.02503
1.02523
1.02543
1.02564
1.02585
1.02607
1.02629
1.02651
1.02674
1.02697
1.02721
1.02745
1.02769
1.02794
1.0282
1.02846
1.02872
1.02899
1.02926
1.02954
1.02982
1.03011
1.03041
1.03071
1.03102
1.03133
1.03165
1.03197
1.0323
1.03264
1.03298
1.03334
1.03369
1.03406
1.03443
1.03482
1.03521
1.0356
1.03601
1.03642
1.03685
1.03728
1.03772
1.03817
1.03863
1.0391
1.03958
1.04008
1.04058
1.04109
1.04162
1.04215
1.0427
1.04326
1.04384
1.04442
1.04502
1.04564
1.04627
1.04691
1.04756
1.04823
1.04892
1.04962
1.05034
1.05107
1.05182
1.05259
1.05337
1.05417
1.05498
1.05581
1.05666
1.05753
1.05841
1.05931
1.06022
1.06115
1.0621
1.06306
1.06403
1.06501
1.066
1.067
1.06801
1.06902
1.07003
1.07103
1.07203
1.07302
1.07399
1.07494
1.07586
1.07674
1.07757
1.07835
1.07906
1.07969
1.08024
1.08068
1.081
1.0812
1.08125
1.08115
1.08088
1.08044
1.07982
1.07903
1.07807
1.07695
1.0757
1.07436
1.07296
1.07155
1.0702
1.06897
1.06791
1.06709
1.06656
1.06637
1.06655
1.0671
1.06803
1.06932
1.07094
1.07284
1.07497
1.07726
1.07967
1.08213
1.08456
1.08693
1.08917
1.09123
1.09309
1.09471
1.09608
1.0972
1.09808
1.09876
1.09926
1.09964
1.09997
1.10032
1.10076
1.10135
1.10217
1.10325
1.10463
1.10631
1.10828
1.1105
1.11293
1.1155
1.11813
1.12077
1.12333
1.12575
1.12799
1.13
1.13175
1.13322
1.13441
1.1353
1.13591
1.13626
1.13637
1.13625
1.13595
1.1355
1.13493
1.13427
1.13356
1.13282
1.13208
1.13136
1.13066
1.13001
1.12938
1.1288
1.12824
1.1277
1.12717
1.12666
1.12614
1.12562
1.12509
1.12455
1.124
1.12343
1.12285
1.12225
1.12164
1.12102
1.12042
1.11985
1.11934
1.11894
1.11867
1.11858
1.1187
1.11907
1.1197
1.1206
1.12178
1.12323
1.12492
1.12683
1.12894
1.1312
1.13359
1.13607
1.1386
1.14115
1.14368
1.14615
1.14853
1.15079
1.15289
1.15482
1.15655
1.15806
1.15934
1.16038
1.16119
1.16176
1.1621
1.16224
1.16217
1.16194
1.16156
1.16107
1.16049
1.15986
1.15922
1.15859
1.15802
1.15752
1.15713
1.15688
1.15677
1.15682
1.15704
1.15743
1.15798
1.15868
1.15951
1.16046
1.1615
1.16262
1.16377
1.16495
1.16613
1.16728
1.16839
1.16943
1.17041
1.1713
1.1721
1.17281
1.17343
1.17397
1.17443
1.17482
1.17515
1.17543
1.17569
1.17591
1.17613
1.17634
1.17655
1.17676
1.17697
1.17719
1.1774
1.17761
1.17781
1.178
1.17817
1.17832
1.17845
1.17856
1.17866
1.17874
1.17882
1.1789
1.17898
1.17908
1.17919
1.17931
1.17946
1.17963
1.17983
1.18004
1.18026
1.1805
1.18074
1.18099
1.18125
1.1815
1.18175
1.18199
1.18224
1.18249
1.18275
1.18301
1.18329
1.18359
1.18391
1.18426
1.18464
1.18505
1.18551
1.186
1.18653
1.1871
1.1877
1.18833
1.18899
1.18966
1.19035
1.19105
1.19175
1.19244
1.19311
1.19376
1.19438
1.19497
1.19551
1.196
1.19643
1.1968
1.1971
1.19733
1.19749
1.19756
1.19755
1.19746
1.19728
1.19702
1.19667
1.19625
1.19576
1.19521
1.19461
1.19397
1.19332
1.19266
1.19203
1.19144
1.19092
1.19048
1.19014
1.18991
1.18981
1.18984
1.18998
1.19024
1.1906
1.19103
1.19151
1.19202
1.19252
1.193
1.19342
1.19376
1.19399
1.1941
1.19407
1.19388
1.19354
1.19303
1.19236
1.19154
1.19057
1.18949
1.18832
1.18709
1.18585
1.18465
1.18354
1.18257
1.18181
1.1813
1.18109
1.18122
1.18172
1.18258
1.18379
1.18534
1.18718
1.18925
1.19149
1.19383
1.19621
1.19855
1.20078
1.20285
1.2047
1.20627
1.20751
1.20839
1.20887
1.20891
1.2085
1.20762
1.20628
1.2045
1.20231
1.19981
1.19708
1.19427
1.19154
1.18906
1.18702
1.18557
1.18484
1.1849
1.18576
1.18736
1.18959
1.1923
1.19532
1.19847
1.2016
1.20458
1.20728
1.20962
1.21155
1.21302
1.21401
1.21451
1.21452
1.21404
1.21309
1.21169
1.20987
1.20766
1.2051
1.20224
1.19914
1.19587
1.19249
1.18909
1.18576
1.18257
1.17962
1.17698
1.17471
1.17288
1.17153
1.17068
1.17035
1.17055
1.17124
1.17242
1.17401
1.17598
1.17825
1.18074
1.18337
1.18607
1.18876
1.19139
1.1939
1.19626
1.19843
1.2004
1.20217
1.20375
1.20514
1.20636
1.20742
1.20834
1.20915
1.20984
1.21045
1.21098
1.21144
1.21184
1.2122
1.21252
1.2128
1.21306
1.21329
1.21351
1.21371
1.21391
1.2141
1.2143
1.21449
1.2147
1.21491
1.21513
1.21536
1.21561
1.21586
1.21613
1.2164
1.21668
1.21697
1.21726
1.21754
1.21782
1.21808
1.21833
1.21855
1.21874
1.21889
1.219
1.21906
1.21905
1.21896
1.21879
1.21853
1.21816
1.21768
1.21706
1.2163
1.21539
1.2143
1.21304
1.21158
1.20992
1.20806
1.206
1.20374
1.20129
1.1987
1.196
1.19324
1.1905
1.18786
1.1854
1.18322
1.1814
1.18003
1.17914
1.17876
1.17889
1.17948
1.18047
1.18179
1.18333
1.18501
1.18674
1.18845
1.19008
1.19158
1.19292
1.19408
1.19506
1.19585
1.19646
1.19692
1.19723
1.19743
1.19752
1.19753
1.19748
1.1974
1.1973
1.19719
1.19709
1.19701
1.19697
1.19695
1.19697
1.19702
1.19709
1.19719
1.19729
1.1974
1.19749
1.19755
1.19759
1.19758
1.19754
1.19745
1.19732
1.19717
1.19701
1.19685
1.19672
1.19663
1.19662
1.19669
1.19686
1.19714
1.19753
1.19802
1.1986
1.19926
1.19998
1.20073
1.20149
1.20225
1.20298
1.20366
1.20429
1.20486
1.20536
1.20579
1.20615
1.20644
1.20667
1.20683
1.20693
1.20697
1.20696
1.2069
1.20678
1.20662
1.20642
1.20617
1.20588
1.20555
1.20519
1.2048
1.20438
1.20394
1.20348
1.20301
1.20255
1.20209
1.20164
1.20121
1.20081
1.20045
1.20013
1.19985
1.19962
1.19944
1.19931
1.19922
1.19918
1.19917
1.1992
1.19925
1.19931
1.19938
1.19944
1.19948
1.19949
1.19945
1.19936
1.19919
1.19894
1.19858
1.19811
1.1975
1.19673
1.1958
1.19467
1.19333
1.19177
1.18996
1.1879
1.18558
1.18299
1.18014
1.17704
1.17372
1.17023
1.16661
1.16295
1.15933
1.15586
1.15263
1.14977
1.14736
1.14551
1.14427
1.14368
1.14375
1.14446
1.14577
1.14762
1.14994
1.15264
1.15565
1.15887
1.16222
1.16565
1.16906
1.17242
1.17565
1.17873
1.18161
1.18427
1.1867
1.18889
1.19085
1.19258
1.19409
1.19542
1.19656
1.19755
1.1984
1.19912
1.19973
1.20024
1.20065
1.20097
1.2012
1.20133
1.20135
1.20127
1.20108
1.20077
1.20032
1.19975
1.19904
1.19818
1.19718
1.19603
1.19475
1.19333
1.19179
1.19015
1.18843
1.18666
1.18486
1.18309
1.18137
1.17975
1.17827
1.17695
1.17582
1.1749
1.17418
1.17366
1.17332
1.17314
1.17308
1.17311
1.17321
1.17335
1.17352
1.17371
1.17392
1.17415
1.17442
1.17471
1.17505
1.17544
1.17586
1.17632
1.17679
1.17727
1.17772
1.17813
1.17847
1.17873
1.17888
1.17891
1.17881
1.17858
1.17822
1.17775
1.17716
1.17649
1.17576
1.17499
1.17422
1.17346
1.17277
1.17215
1.17164
1.17127
1.17103
1.17095
1.17102
1.17124
1.1716
1.17208
1.17267
1.17335
1.17409
1.17487
1.17569
1.17651
1.17733
1.17813
1.17891
1.17966
1.18037
1.18104
1.18166
1.18225
1.1828
1.18331
1.18379
1.18423
1.18465
1.18503
1.18539
1.18573
1.18605
1.18636
1.18664
1.18692
1.18718
1.18743
1.18767
1.18791
1.18813
1.18835
1.18856
1.18876
1.18896
1.18914
1.18932
1.18949
1.18965
1.18979
1.18993
1.19005
1.19016
1.19025
1.19032
1.19038
1.19042
1.19044
1.19044
1.19042
1.19039
1.19032
1.19024
1.19014
1.19002
1.18988
1.18972
1.18955
1.18937
1.18917
1.18898
1.18878
1.18858
1.18839
1.18821
1.18804
1.1879
1.18778
1.18768
1.18761
1.18757
1.18756
1.18758
1.18762
1.18768
1.18777
1.18786
1.18797
1.18807
1.18817
1.18826
1.18834
1.18839
1.18841
1.1884
1.18836
1.18829
1.18818
1.18804
1.18786
1.18766
1.18743
1.18718
1.18692
1.18665
1.18637
1.18609
1.18582
1.18557
1.18533
1.18513
1.18496
1.18484
1.18477
1.18477
1.18485
1.18501
1.18528
1.18564
1.18612
1.18671
1.18741
1.18823
1.18915
1.19015
1.19123
1.19236
1.19353
1.19471
1.19588
1.19703
1.19813
1.19916
1.20011
1.20098
1.20174
1.2024
1.20294
1.20338
1.2037
1.20391
1.20401
1.20402
1.20392
1.20375
1.20349
1.20317
1.20279
1.20236
1.20191
1.20143
1.20094
1.20046
1.19999
1.19954
1.19912
1.19874
1.19841
1.19812
1.19788
1.19769
1.19754
1.19744
1.19738
1.19735
1.19734
1.19736
1.19738
1.19741
1.19744
1.19747
1.1975
1.19752
1.19754
1.19756
1.1976
1.19766
1.19776
1.19791
1.19813
1.19843
1.19881
1.19928
1.19986
1.20052
1.20127
1.2021
1.20298
1.2039
1.20483
1.20576
1.20666
1.20751
1.2083
1.209
1.20962
1.21015
1.21058
1.21092
1.21118
1.21137
1.21149
1.21157
1.21163
1.21167
1.21172
1.21179
1.2119
1.21206
1.21227
1.21255
1.21289
1.21329
1.21374
1.21424
1.21478
1.21533
1.21588
1.21643
1.21693
1.21739
1.21777
1.21806
1.21823
1.21828
1.21817
1.21789
1.21743
1.21678
1.21593
1.21488
1.21364
1.21223
1.21068
1.20903
1.20733
1.20565
1.20405
1.20261
1.20139
1.20045
1.19983
1.19954
1.19959
1.19996
1.20059
1.20144
1.20243
1.2035
1.20458
1.20562
1.20656
1.20736
1.20798
1.2084
1.2086
1.20858
1.20833
1.20784
1.20714
1.20623
1.20514
1.20388
1.2025
1.20103
1.1995
1.19798
1.19649
1.19511
1.19387
1.19283
1.19203
1.1915
1.19129
1.19141
1.19186
1.19263
1.19372
1.19509
1.19671
1.19853
1.2005
1.20257
1.2047
1.20683
1.20891
1.2109
1.21276
1.21445
1.21594
1.21721
1.21822
1.21896
1.21942
1.21959
1.21945
1.21903
1.21831
1.21732
1.21608
1.21461
1.21295
1.21113
1.2092
1.2072
1.20518
1.20317
1.2012
1.1993
1.19749
1.19575
1.1941
1.19253
1.19102
1.18957
1.1882
1.18692
1.18577
1.1848
1.18407
1.18364
1.18358
1.18391
1.18468
1.18588
1.18748
1.18942
1.19162
1.19399
1.19645
1.1989
1.20126
1.20347
1.20547
1.20724
1.20874
1.20997
1.21092
1.21161
1.21204
1.21223
1.21219
1.21194
1.21149
1.21088
1.21013
1.20927
1.20832
1.20734
1.20634
1.20539
1.20451
1.20375
1.20314
1.2027
1.20245
1.20239
1.2025
1.20276
1.20314
1.20358
1.20405
1.20449
1.20486
1.20512
1.20522
1.20514
1.20484
1.20432
1.20356
1.20255
1.20131
1.19983
1.19816
1.19631
1.19434
1.1923
1.19027
1.18831
1.18652
1.18497
1.18373
1.18285
1.18237
1.18228
1.18256
1.18318
1.18406
1.18514
1.18634
1.18759
1.18881
1.18997
1.19101
1.19191
1.19265
1.19323
1.19364
1.1939
1.19401
1.19399
1.19385
1.1936
1.19327
1.19287
1.19241
1.1919
1.19136
1.1908
1.19022
1.18963
1.18903
1.18842
1.18782
1.1872
1.18658
1.18595
1.18531
1.18466
1.18399
1.1833
1.1826
1.18189
1.18117
1.18045
1.17975
1.17907
1.17842
1.17782
1.17727
1.1768
1.17641
1.1761
1.17589
1.17578
1.17576
1.17584
1.17601
1.17627
1.17661
1.17702
1.1775
1.17803
1.17861
1.17923
1.17988
1.18056
1.18126
1.18197
1.1827
1.18343
1.18418
1.18494
1.18571
1.1865
1.18731
1.18813
1.18898
1.18985
1.19073
1.19164
1.19256
1.1935
1.19444
1.19539
1.19632
1.19725
1.19815
1.19902
1.19985
1.20061
1.20131
1.20192
1.20243
1.20282
1.20306
1.20314
1.20303
1.2027
1.20213
1.2013
1.20018
1.19875
1.19702
1.19498
1.19266
1.19011
1.1874
1.18463
1.18192
1.17941
1.17723
1.17551
1.17433
1.17374
1.17371
1.17417
1.17499
1.176
1.17702
1.17787
1.17838
1.17844
1.17794
1.17686
1.17518
1.17298
1.17037
1.16749
1.16455
1.16179
1.15942
1.15769
1.15676
1.15677
1.15778
1.15973
1.16254
1.16602
1.16998
1.1742
1.17849
1.18268
1.18662
1.19023
1.19344
1.19621
1.19854
1.20043
1.20189
1.20296
1.20367
1.20407
1.20421
1.20413
1.2039
1.20356
1.20316
1.20275
1.20234
1.20195
1.20157
1.2012
1.2008
1.20034
1.19979
1.1991
1.19826
1.19725
1.19609
1.19479
1.19341
1.192
1.19063
1.18938
1.18831
1.1875
1.18698
1.18681
1.18698
1.1875
1.18835
1.18949
1.19089
1.19251
1.19428
1.19617
1.19813
1.2001
1.20204
1.20392
1.2057
1.20735
1.20884
1.21017
1.21132
1.21228
1.21307
1.21367
1.21411
1.21438
1.21451
1.21451
1.21439
1.21417
1.21387
1.21349
1.21306
1.2126
1.21211
1.21162
1.21114
1.21068
1.21024
1.20985
1.2095
1.2092
1.20894
1.20874
1.20859
1.20848
1.20842
1.20838
1.20837
1.20838
1.2084
1.20842
1.20845
1.20846
1.20847
1.20846
1.20844
1.20839
1.20833
1.20826
1.20817
1.20806
1.20796
1.20785
1.20774
1.20765
1.20756
1.2075
1.20747
1.20747
1.20751
1.20759
1.20772
1.20791
1.20814
1.20844
1.20879
1.2092
1.20967
1.21018
1.21075
1.21137
1.21202
1.21271
1.21343
1.21417
1.21493
1.2157
1.21648
1.21726
1.21803
1.2188
1.21955
1.22029
1.22101
1.22171
1.22238
1.22303
1.22366
1.22426
1.22483
1.22538
1.22589
1.22638
1.22683
1.22725
1.22764
1.228
1.22831
1.22859
1.22883
1.22901
1.22915
1.22923
1.22924
1.22919
1.22906
1.22884
1.22854
1.22814
1.22763
1.22702
1.22629
1.22545
1.2245
1.22344
1.22228
1.22104
1.21974
1.2184
1.21707
1.21577
1.21456
1.21346
1.21254
1.21182
1.21135
1.21115
1.21124
1.21162
1.21228
1.21319
1.21432
1.21562
1.21704
1.21852
1.22
1.22143
1.22275
1.22392
1.22491
1.22568
1.22622
1.22652
1.22658
1.22642
1.22605
1.2255
1.22482
1.22403
1.22318
1.22233
1.22153
1.22081
1.22022
1.21979
1.21955
1.21951
1.21968
1.22006
1.22062
1.22135
1.22222
1.22322
1.22429
1.22543
1.22659
1.22776
1.22892
1.23005
1.23114
1.23217
1.23315
1.23405
1.23489
1.23565
1.23634
1.23696
1.23751
1.238
1.23841
1.23877
1.23906
1.2393
1.23948
1.23961
1.23969
1.23973
1.23972
1.23968
1.23961
1.2395
1.23937
1.23922
1.23905
1.23886
1.23867
1.23847
1.23826
1.23805
1.23783
1.23761
1.23739
1.23716
1.23692
1.23666
1.23638
1.23607
1.23572
1.23533
1.23489
1.23439
1.23384
1.23322
1.23253
1.23179
1.23099
1.23015
1.22927
1.22837
1.22747
1.2266
1.22577
1.22501
1.22434
1.22379
1.22337
1.2231
1.22299
1.22305
1.22327
1.22364
1.22417
1.22482
1.22559
1.22644
1.22737
1.22834
1.22935
1.23036
1.23137
1.23235
1.2333
1.23422
1.23509
1.2359
1.23667
1.23739
1.23805
1.23867
1.23924
1.23976
1.24024
1.24068
1.24108
1.24145
1.24179
1.24209
1.24237
1.24262
1.24284
1.24304
1.24321
1.24336
1.24348
1.24358
1.24367
1.24373
1.24377
1.24379
1.24379
1.24377
1.24374
1.24368
1.24361
1.24353
1.24342
1.2433
1.24317
1.24302
1.24286
1.24268
1.24249
1.2423
1.24209
1.24187
1.24165
1.24143
1.2412
1.24098
1.24076
1.24055
1.24036
1.24019
1.24004
1.23991
1.23982
1.23977
1.23976
1.23979
1.23986
1.23999
1.24016
1.24039
1.24066
1.24098
1.24135
1.24175
1.24219
1.24266
1.24316
1.24367
1.24419
1.24472
1.24525
1.24577
1.24628
1.24677
1.24724
1.24768
1.24809
1.24846
1.2488
1.24911
1.24937
1.24961
1.24981
1.24998
1.25012
1.25025
1.25036
1.25046
1.25056
1.25066
1.25077
1.2509
1.25105
1.25122
1.25142
1.25165
1.2519
1.25217
1.25245
1.25274
1.25303
1.25331
1.25356
1.25378
1.25394
1.25405
1.25408
1.25403
1.25389
1.25366
1.25332
1.25289
1.25235
1.25172
1.251
1.2502
1.24934
1.24842
1.24747
1.24651
1.24554
1.24459
1.24367
1.24279
1.24195
1.24118
1.24047
1.23982
1.23924
1.23871
1.23825
1.23785
1.2375
1.2372
1.23695
1.23674
1.23658
1.23645
1.23635
1.23629
1.23626
1.23627
1.23631
1.23638
1.2365
1.23665
1.23685
1.23708
1.23735
1.23763
1.23794
1.23824
1.23853
1.2388
1.23903
1.23922
1.23935
1.23942
1.23942
1.23938
1.23927
1.23913
1.23894
1.23874
1.23852
1.2383
1.23808
1.23789
1.23773
1.2376
1.23752
1.23749
1.23752
1.23761
1.23776
1.23798
1.23826
1.2386
1.239
1.23946
1.23995
1.24047
1.24102
1.24156
1.24209
1.24258
1.24302
1.24338
1.24365
1.24379
1.24379
1.24362
1.24327
1.24272
1.24195
1.24096
1.23976
1.23834
1.23675
1.23501
1.2332
1.23138
1.22965
1.2281
1.22683
1.22591
1.22542
1.2254
1.22582
1.22668
1.22788
1.22936
1.231
1.2327
1.23436
1.23589
1.23723
1.23832
1.23912
1.23959
1.23973
1.23953
1.23898
1.23809
1.23686
1.23532
1.23348
1.23136
1.22901
1.22647
1.22379
1.22104
1.21829
1.21563
1.21315
1.21092
1.20904
1.20756
1.20655
1.20602
1.20598
1.2064
1.20724
1.20843
1.20989
1.21154
1.21329
1.21507
1.21681
1.21846
1.21997
1.22131
1.22247
1.22345
1.22424
1.22486
1.22531
1.22563
1.22582
1.22591
1.22591
1.22584
1.22573
1.22557
1.22539
1.22519
1.22497
1.22474
1.22449
1.22424
1.22398
1.22371
1.22342
1.22313
1.22283
1.22253
1.22223
1.22193
1.22164
1.22137
1.22113
1.2209
1.22071
1.22054
1.22041
1.22029
1.2202
1.22013
1.22007
1.22001
1.21994
1.21986
1.21976
1.21964
