1.10293
1.10634
1.10972
1.11294
1.11584
1.11832
1.12025
1.12157
1.12222
1.12221
1.12159
1.12049
1.11908
1.11757
1.11621
1.11522
1.11478
1.11497
1.1158
1.11714
1.11878
1.12042
1.12173
1.12237
1.122
1.12037
1.1173
1.11269
1.10657
1.09906
1.09037
1.08083
1.07081
1.06074
1.05102
1.04205
1.03414
1.02757
1.0225
1.01905
1.01725
1.01713
1.01869
1.02189
1.02672
1.0331
1.04094
1.0501
1.06042
1.07172
1.08378
1.09637
1.10926
1.1222
1.13491
1.14714
1.1586
1.16903
1.17817
1.18581
1.19176
1.19591
1.19816
1.19853
1.19704
1.19379
1.18893
1.18262
1.17507
1.16649
1.15711
1.14716
1.13685
1.12639
1.11601
1.10587
1.09615
1.087
1.07857
1.071
1.06441
1.05892
1.05463
1.05162
1.04994
1.04958
1.05048
1.05247
1.05535
1.05883
1.06261
1.06638
1.06985
1.07279
1.07501
1.07637
1.07681
1.0763
1.07483
1.07243
1.06917
1.06508
1.06023
1.05468
1.0485
1.04174
1.03448
1.0268
1.01883
1.01072
1.00266
0.994894
0.987717
0.981436
0.976354
0.972733
0.970749
0.970478
0.971879
0.974798
0.979003
0.984227
0.990211
0.996741
1.00367
1.01092
1.01848
1.02641
1.03478
1.04363
1.05301
1.06289
1.07323
1.08389
1.09473
1.10556
1.1162
1.12647
1.13617
1.14516
1.1533
1.16046
1.16656
1.17152
1.17524
1.17767
1.17874
1.17838
1.17651
1.17308
1.16803
1.16137
1.15314
1.14346
1.13255
1.12075
1.10851
1.0964
1.08504
1.07507
1.06709
1.06158
1.05883
1.05893
1.06173
1.0669
1.07394
1.08227
1.09128
1.1004
1.10917
1.1172
1.12423
1.13013
1.13484
1.13839
1.14085
1.14235
1.14302
1.14304
1.14257
1.14181
1.14094
1.14011
1.13946
1.13907
1.13897
1.13912
1.13943
1.13975
1.13991
1.13975
1.13911
1.13789
1.13607
1.13372
1.131
1.12812
1.12531
1.12277
1.12065
1.11898
1.1177
1.11672
1.11591
1.11514
1.11434
1.11344
1.11242
1.11124
1.10988
1.10831
1.10653
1.1045
1.10221
1.09964
1.09682
1.09377
1.09054
1.08724
1.08399
1.08092
1.07819
1.07594
1.07428
1.07331
1.07305
1.07351
1.07463
1.07632
1.0784
1.08066
1.08283
1.08463
1.08581
1.08615
1.08549
1.08378
1.08102
1.0773
1.07273
1.06749
1.06175
1.05569
1.04945
1.04318
1.037
1.03101
1.02531
1.01998
1.01509
1.01073
1.00697
1.00386
1.00146
0.99981
0.998959
0.998973
0.999946
1.002
1.00526
1.00984
1.01585
1.02328
1.03205
1.04198
1.05281
1.06424
1.07597
1.08771
1.09918
1.11016
1.12047
1.12995
1.13848
1.14597
1.15237
1.15763
1.16175
1.16476
1.16672
1.1677
1.16779
1.16712
1.1658
1.16395
1.1617
1.15915
1.15641
1.15356
1.15067
1.14779
1.14498
1.14227
1.13968
1.13726
1.13503
1.13302
1.13126
1.12978
1.12858
1.12767
1.12702
1.12654
1.12613
1.12561
1.12477
1.12338
1.12119
1.11796
1.11348
1.10762
1.10031
1.09159
1.08164
1.07074
1.05931
1.04787
1.03698
1.02723
1.01911
1.013
1.00912
1.0075
1.008
1.01036
1.0142
1.01913
1.02479
1.03086
1.03707
1.04325
1.04925
1.05496
1.06028
1.06509
1.0693
1.07279
1.07549
1.07734
1.07836
1.07862
1.07829
1.07758
1.07673
1.07598
1.07551
1.07545
1.0758
1.07654
1.07754
1.07867
1.07977
1.08072
1.0814
1.0817
1.08155
1.08087
1.07961
1.0777
1.07514
1.07194
1.0682
1.06404
1.05965
1.05524
1.05104
1.04727
1.04411
1.04168
1.04005
1.03923
1.03918
1.03978
1.04092
1.04244
1.04418
1.04598
1.04769
1.0492
1.0504
1.05123
1.05166
1.05168
1.05134
1.05073
1.04999
1.0493
1.04886
1.04888
1.04955
1.05106
1.05353
1.05705
1.06162
1.06719
1.07362
1.08069
1.08811
1.09556
1.10268
1.10909
1.11443
1.1184
1.12075
1.1213
1.11999
1.11686
1.11205
1.10586
1.09866
1.09092
1.08315
1.07583
1.06941
1.0642
1.06039
1.05803
1.05703
1.05723
1.0584
1.06028
1.06261
1.06516
1.06773
1.07016
1.07234
1.0742
1.07573
1.07695
1.0779
1.07866
1.07932
1.08
1.08083
1.08201
1.08371
1.08619
1.08965
1.09427
1.1001
1.10708
1.11498
1.12346
1.13211
1.14048
1.14816
1.15484
1.16024
1.16419
1.16661
1.16746
1.16675
1.16456
1.16096
1.15606
1.14996
1.1428
1.13469
1.12577
1.11615
1.10596
1.09531
1.08434
1.07322
1.06213
1.05132
1.04108
1.03175
1.02371
1.01735
1.01302
1.01099
1.0114
1.01424
1.01928
1.02617
1.03441
1.04346
1.05278
1.06189
1.07046
1.07826
1.08524
1.09143
1.09695
1.10191
1.10643
1.11057
1.1143
1.11755
1.12016
1.12195
1.12275
1.1224
1.12076
1.1178
1.11351
1.108
1.10143
1.09406
1.0862
1.0782
1.07043
1.06329
1.05712
1.05225
1.04892
1.04728
1.04744
1.0494
1.0531
1.05839
1.06508
1.07295
1.08171
1.09105
1.1006
1.10998
1.11877
1.12655
1.1329
1.13742
1.13976
1.13967
1.13697
1.13164
1.12382
1.11385
1.10226
1.08975
1.07711
1.06514
1.05454
1.04582
1.03931
1.03508
1.03307
1.03312
1.035
1.03845
1.04321
1.04902
1.0556
1.06271
1.07008
1.07746
1.08462
1.09133
1.09737
1.10256
1.10672
1.10974
1.11151
1.112
1.11123
1.10927
1.10624
1.10231
1.09769
1.09261
1.08732
1.08208
1.07715
1.07279
1.06928
1.06685
1.06577
1.06625
1.06845
1.07246
1.07829
1.08582
1.09482
1.105
1.11597
1.12734
1.13868
1.14957
1.15964
1.16853
1.17593
1.18157
1.18525
1.18684
1.1863
1.18365
1.17902
1.17262
1.16473
1.15572
1.14601
1.13605
1.12635
1.11741
1.10969
1.10363
1.09954
1.09766
1.09803
1.10056
1.10498
1.11087
1.11776
1.12511
1.1324
1.13916
1.145
1.14959
1.15269
1.1541
1.15372
1.15145
1.14726
1.14115
1.13318
1.12345
1.11213
1.09947
1.0858
1.07153
1.05714
1.04315
1.03017
1.01877
1.00952
1.00294
0.999431
0.999243
1.00244
1.00888
1.01818
1.02978
1.04297
1.05695
1.07089
1.08404
1.09575
1.10554
1.1131
1.11829
1.12115
1.12183
1.1206
1.11779
1.11377
1.1089
1.10352
1.09791
1.09235
1.08706
1.08221
1.07793
1.07433
1.07147
1.06936
1.06799
1.06732
1.06726
1.06771
1.06857
1.06971
1.07104
1.07247
1.07392
1.07536
1.07674
1.07807
1.07931
1.08043
1.08137
1.08208
1.08249
1.08255
1.08224
1.08158
1.08062
1.07942
1.07812
1.07684
1.07572
1.07489
1.07445
1.07447
1.07495
1.07585
1.07708
1.07851
1.07999
1.08135
1.08244
1.08316
1.08341
1.08316
1.08244
1.08128
1.07977
1.078
1.07609
1.07412
1.07218
1.07036
1.06871
1.06728
1.06613
1.0653
1.06479
1.06464
1.06486
1.06548
1.06653
1.06808
1.07019
1.07293
1.07638
1.0806
1.08559
1.0913
1.09762
1.1044
1.11142
1.11842
1.12515
1.13134
1.13677
1.14126
1.14467
1.14692
1.148
1.14792
1.14674
1.14454
1.14144
1.13754
1.13297
1.12785
1.12233
1.11655
1.11067
1.10485
1.09929
1.09414
1.08957
1.08574
1.08278
1.08078
1.0798
1.07982
1.08083
1.08273
1.0854
1.08868
1.09238
1.09623
1.09995
1.1032
1.10563
1.10689
1.10668
1.10478
1.10104
1.09544
1.08808
1.07915
1.06895
1.05781
1.04609
1.03416
1.02237
1.01104
1.00045
0.990867
0.982538
0.975698
0.970573
0.967359
0.966205
0.967164
0.970172
0.975036
0.981454
0.989053
0.997426
1.00619
1.015
1.02356
1.03157
1.03879
1.04495
1.04982
1.0532
1.05497
1.05505
1.05345
1.05027
1.04563
1.03971
1.03272
1.0249
1.01656
1.00812
1.0001
0.993193
0.988151
0.98574
0.986568
0.99095
0.998821
1.00975
1.02305
1.03792
1.05361
1.06945
1.08495
1.09973
1.11354
1.12618
1.13752
1.14746
1.15592
1.16285
1.16825
1.17211
1.17452
1.17557
1.17541
1.17424
1.17229
1.16979
1.16697
1.16404
1.16115
1.15848
1.15616
1.15432
1.15313
1.15272
1.15324
1.15477
1.15727
1.16062
1.16456
1.16878
1.17292
1.17665
1.17972
1.18193
1.18318
1.18345
1.1828
1.18132
1.17916
1.17652
1.17359
1.17059
1.16771
1.16513
1.16298
1.16135
1.16026
1.15972
1.15967
1.16002
1.16069
1.16159
1.16263
1.16373
1.16484
1.1659
1.16686
1.16765
1.16823
1.16854
1.1685
1.16807
1.16718
1.1658
1.16387
1.1614
1.15838
1.15484
1.15086
1.14651
1.14189
1.13715
1.13243
1.12789
1.12365
1.11983
1.11653
1.11378
1.1116
1.10992
1.10868
1.10775
1.10699
1.10626
1.10545
1.10447
1.1033
1.10199
1.10062
1.09935
1.09836
1.09783
1.09793
1.09877
1.10042
1.10288
1.10612
1.11001
1.11443
1.11922
1.12421
1.12923
1.13415
1.13883
1.14319
1.14713
1.15063
1.15365
1.15619
1.15826
1.15986
1.161
1.16166
1.1618
1.16135
1.16025
1.15841
1.15579
1.15234
1.14803
1.14287
1.13689
1.13015
1.12271
1.11466
1.10611
1.09721
1.08815
1.07917
1.07056
1.06261
1.05561
1.04981
1.04537
1.04234
1.04067
1.04018
1.04059
1.04159
1.04287
1.04416
1.04524
1.04596
1.04626
1.04612
1.04558
1.04474
1.04369
1.04261
1.04167
1.04111
1.04116
1.04209
1.04412
1.04742
1.05209
1.05815
1.06552
1.07406
1.08355
1.09372
1.10429
1.11496
1.12542
1.13538
1.14458
1.15276
1.15972
1.16531
1.16944
1.1721
1.17337
1.1734
1.17243
1.17073
1.16863
1.16643
1.16439
1.16269
1.16142
1.16055
1.15996
1.15952
1.15901
1.15828
1.15719
1.15565
1.1536
1.15106
1.14807
1.14471
1.14108
1.13728
1.1334
1.12954
1.12577
1.12213
1.11863
1.11524
1.1119
1.10851
1.10494
1.10105
1.09671
1.09184
1.08635
1.08024
1.07354
1.06632
1.05873
1.05091
1.04305
1.03538
1.0281
1.02145
1.01566
1.01093
1.00744
1.00532
1.00465
1.00541
1.00751
1.01076
1.01487
1.01953
1.02436
1.02901
1.03315
1.03651
1.03889
1.04021
1.04046
1.03973
1.0382
1.03614
1.03383
1.03157
1.02967
1.02836
1.02783
1.02815
1.02929
1.03115
1.03351
1.03608
1.03857
1.04068
1.04219
1.04293
1.0429
1.04217
1.04094
1.03947
1.03806
1.037
1.03655
1.03685
1.03799
1.03997
1.04272
1.04611
1.05003
1.05436
1.05898
1.06384
1.0689
1.07416
1.07965
1.08544
1.09158
1.09812
1.10509
1.11249
1.12029
1.12838
1.13663
1.14484
1.15278
1.1602
1.16685
1.17252
1.177
1.18015
1.18187
1.18212
1.18091
1.17829
1.17438
1.16931
1.16326
1.15643
1.14904
1.14131
1.13345
1.1257
1.11826
1.11135
1.1051
1.09964
1.09505
1.09135
1.0885
1.08643
1.085
1.08406
1.08342
1.08291
1.08236
1.08167
1.0808
1.07979
1.07874
1.07785
1.07734
1.07748
1.0785
1.08059
1.0838
1.08807
1.09317
1.09875
1.10437
1.10953
1.11378
1.11672
1.11805
1.11761
1.11534
1.11129
1.10562
1.09855
1.09038
1.08147
1.07225
1.0632
1.05483
1.04766
1.04222
1.03892
1.03808
1.03982
1.04405
1.05048
1.05865
1.068
1.0779
1.08779
1.09711
1.10547
1.11258
1.1183
1.12263
1.12567
1.12761
1.12866
1.12904
1.12895
1.12856
1.12802
1.12745
1.12698
1.12678
1.12699
1.12781
1.12938
1.13184
1.13528
1.13967
1.14495
1.15092
1.15733
1.16389
1.17025
1.17611
1.18118
1.18524
1.18815
1.18982
1.1902
1.18929
1.18712
1.1837
1.17907
1.17327
1.16637
1.15845
1.14962
1.14004
1.12992
1.11946
1.10887
1.09835
1.08803
1.07801
1.0683
1.05892
1.04984
1.04108
1.03266
1.02468
1.01728
1.0106
1.00484
1.00017
0.996756
0.994698
0.994034
0.994736
0.996709
0.999802
1.00381
1.00849
1.01359
1.01888
1.02414
1.02919
1.03393
1.03831
1.04237
1.04618
1.04987
1.05354
1.05731
1.06124
1.06536
1.06962
1.07394
1.07823
1.08237
1.08629
1.08988
1.09311
1.09591
1.09826
1.10011
1.10141
1.1021
1.10212
1.10143
1.09998
1.09774
1.09472
1.09095
1.08646
1.08133
1.07562
1.06944
1.06291
1.05619
1.04945
1.04294
1.03694
1.03175
1.02767
1.02497
1.02383
1.02429
1.02626
1.02951
1.03371
1.0385
1.04354
1.04854
1.05328
1.05761
1.06146
1.0648
1.06765
1.07004
1.07203
1.07369
1.07511
1.0764
1.07764
1.07897
1.0805
1.08233
1.08454
1.0872
1.09031
1.09389
1.09785
1.1021
1.10651
1.11091
1.11511
1.11892
1.12215
1.12462
1.1262
1.12675
1.12621
1.12454
1.12174
1.11788
1.11305
1.10737
1.101
1.09411
1.08686
1.07944
1.07201
1.06476
1.05785
1.05143
1.04564
1.0406
1.03639
1.03307
1.03067
1.02917
1.02853
1.0287
1.02957
1.03106
1.03307
1.03547
1.03819
1.04115
1.04429
1.04757
1.051
1.05457
1.05831
1.06223
1.06636
1.07069
1.07519
1.0798
1.08445
1.08904
1.0935
1.09773
1.1017
1.10537
1.10872
1.11176
1.11451
1.11694
1.11905
1.12077
1.12203
1.12273
1.1228
1.12216
1.12075
1.1186
1.11578
1.11242
1.10873
1.10491
1.10121
1.09783
1.09492
1.09258
1.09086
1.08975
1.08922
1.08924
1.08974
1.09068
1.09199
1.09358
1.09532
1.09705
1.09861
1.09976
1.10029
1.09998
1.09867
1.0962
1.09254
1.08768
1.08171
1.07475
1.06699
1.0586
1.04979
1.04073
1.03159
1.02254
1.01372
1.00528
0.997412
0.990317
0.98424
0.979463
0.976295
0.975027
0.975889
0.979012
0.98438
0.991811
1.00095
1.01129
1.02223
1.03313
1.04337
1.05238
1.05972
1.06508
1.06826
1.06923
1.06806
1.06495
1.06017
1.0541
1.04713
1.0397
1.0322
1.02503
1.01846
1.01274
1.008
1.0043
1.00162
0.999889
0.998976
0.998747
0.99907
0.999838
1.00098
1.00247
1.00433
1.00661
1.00936
1.01262
1.01639
1.02063
1.02526
1.03013
1.03508
1.03991
1.04444
1.04847
1.05185
1.05448
1.0563
1.05735
1.05775
1.05768
1.05739
1.05719
1.05741
1.05831
1.06013
1.06297
1.06685
1.07165
1.07718
1.0832
1.08943
1.09563
1.1016
1.1072
1.11233
1.11695
1.12107
1.1247
1.12788
1.13064
1.13301
1.13505
1.13679
1.13827
1.13955
1.14065
1.14162
1.14249
1.14324
1.14387
1.14431
1.1445
1.14436
1.14381
1.14278
1.14127
1.13929
1.13692
1.13428
1.13153
1.1288
1.12623
1.1239
1.12179
1.11982
1.11783
1.1156
1.11291
1.10954
1.10534
1.10021
1.09411
1.08713
1.07938
1.07109
1.0625
1.05392
1.04566
1.03804
1.03132
1.02572
1.02141
1.01847
1.01688
1.01658
1.01741
1.01918
1.02166
1.02459
1.02775
1.03088
1.03378
1.03624
1.03809
1.03921
1.03946
1.03874
1.037
1.03419
1.03031
1.02542
1.0196
1.01301
1.00587
0.998496
0.991278
0.984703
0.979308
0.975658
0.974269
0.975556
0.979749
0.986861
0.996671
1.00876
1.02256
1.03744
1.05277
1.06801
1.08269
1.09645
1.10902
1.12021
1.12988
1.13794
1.14439
1.14922
1.15251
1.15438
1.15501
1.15463
1.15349
1.15187
1.15004
1.14819
1.14645
1.14486
1.14339
1.14193
1.14035
1.13848
1.13622
1.13345
1.13013
1.12622
1.12172
1.11666
1.11108
1.10501
1.09851
1.09166
1.08453
1.07728
1.07005
1.06308
1.05661
1.05091
1.04624
1.04286
1.04094
1.04059
1.04185
1.04467
1.04896
1.05458
1.06134
1.06905
1.07753
1.08655
1.09591
1.10541
1.11487
1.12412
1.13304
1.1415
1.14937
1.15652
1.16277
1.16792
1.17171
1.17389
1.1742
1.17246
1.16853
1.16239
1.1542
1.14425
1.13305
1.12126
1.10969
1.0992
1.09057
1.08439
1.08097
1.08028
1.08205
1.08584
1.0912
1.09771
1.10504
1.11295
1.12125
1.12971
1.13807
1.146
1.15315
1.15917
1.16372
1.16654
1.16746
1.16637
1.16328
1.15828
1.15152
1.14325
1.13378
1.12347
1.11272
1.10192
1.09145
1.08164
1.0727
1.06477
1.05789
1.05202
1.04711
1.04308
1.03987
1.03741
1.03571
1.03476
1.03455
1.03511
1.03642
1.03846
1.0412
1.0446
1.04863
1.05324
1.05839
1.06405
1.07015
1.07664
1.08341
1.09034
1.09728
1.10407
1.11053
1.11652
1.12189
1.12655
1.13046
1.13362
1.1361
1.13795
1.13924
1.14001
1.14029
1.14004
1.13925
1.13788
1.13589
1.13333
1.13025
1.12679
1.12313
1.11949
1.1161
1.11319
1.11091
1.10935
1.10851
1.1083
1.10856
1.1091
1.1097
1.11017
1.11032
1.11004
1.10925
1.10794
1.10616
1.10402
1.10166
1.09927
1.09703
1.09508
1.09355
1.09248
1.09192
1.09184
1.09223
1.09305
1.09427
1.09589
1.09791
1.10033
1.10315
1.10639
1.11006
1.11416
1.11871
1.12369
1.12909
1.13486
1.14093
1.14721
1.15356
1.15985
1.16595
1.17175
1.17714
1.18207
1.1865
1.19044
1.19393
1.19701
1.19975
1.20216
1.20428
1.20611
1.20764
1.20881
1.20958
1.20992
1.20978
1.20913
1.20799
1.20639
1.20435
1.20192
1.19912
1.19596
1.19244
1.18852
1.18416
1.17934
1.17407
1.16843
1.16254
1.1566
1.15087
1.14566
1.14129
1.13809
1.13628
1.13604
1.13739
1.14022
1.14429
1.14926
1.15475
1.16034
1.16566
1.17034
1.17413
1.17681
1.17823
1.17831
1.17704
1.17447
1.17072
1.16593
1.16032
1.15409
1.14744
1.14057
1.13361
1.12666
1.11977
1.11294
1.10614
1.09932
1.09244
1.08546
1.07838
1.07125
1.06418
1.05732
1.05087
1.0451
1.04026
1.03659
1.03428
1.03349
1.03426
1.03658
1.04035
1.0454
1.05153
1.05851
1.06609
1.07403
1.08213
1.09017
1.09798
1.10542
1.11236
1.1187
1.12436
1.12927
1.13337
1.13664
1.13905
1.1406
1.1413
1.14115
1.14016
1.13834
1.13571
1.13227
1.12802
1.123
1.11724
1.11083
1.10383
1.09638
1.08861
1.0807
1.07284
1.06524
1.05811
1.05169
1.0462
1.04187
1.03888
1.03741
1.03755
1.03935
1.04274
1.04761
1.05373
1.06084
1.06864
1.07682
1.08512
1.09329
1.10113
1.10845
1.1151
1.12089
1.12566
1.12927
1.13157
1.13247
1.13192
1.12996
1.1267
1.12233
1.11713
1.11147
1.10571
1.10024
1.0954
1.09146
1.08857
1.0868
1.08612
1.08644
1.08763
1.08956
1.09206
1.09498
1.09815
1.10137
1.10447
1.10726
1.10957
1.11123
1.11211
1.11214
1.11126
1.10947
1.10679
1.10332
1.09917
1.09452
1.08956
1.08451
1.0796
1.07505
1.07102
1.06764
1.06497
1.06298
1.06158
1.06058
1.05977
1.05891
1.05777
1.05621
1.0542
1.05184
1.04938
1.04722
1.04582
1.04561
1.0469
1.04977
1.05409
1.05954
1.06569
1.07212
1.07842
1.08433
1.08966
1.09433
1.09831
1.10161
1.10428
1.10635
1.10788
1.1089
1.10949
1.10971
1.10966
1.10942
1.10911
1.10885
1.10872
1.1088
1.10913
1.10971
1.11047
1.11134
1.11218
1.11288
1.11331
1.11338
1.11308
1.11246
1.11163
1.11082
1.1103
1.11037
1.11132
1.11341
1.11678
1.1215
1.12751
1.13462
1.14253
1.15085
1.15911
1.16678
1.17335
1.17829
1.18117
1.18162
1.17936
1.17425
1.16626
1.15555
1.1424
1.1273
1.11092
1.09406
1.07768
1.06272
1.05007
1.04042
1.03418
1.03147
1.0321
1.03562
1.04135
