0.448193   0.0361942   -0.000867203
-0.432311   -0.414988   0.440959
0.294623   0.0870068   0.36665
-0.425731   -0.385862   -0.247609
0.207531   -0.088106   0.097568
-0.238848   -0.249705   -0.118063
-0.0916582   0.189631   -0.0128018
-0.0224254   0.432579   -0.497905
0.339487   -0.21793   -0.355896
0.492365   0.0620414   0.466202
-0.11024   -0.334981   0.268692
0.0487901   0.194523   -0.165217
-0.47767   -0.191336   -0.0883908
-0.0910347   0.0249181   -0.432915
0.285699   -0.28143   0.379666
-0.389862   -0.216054   -0.398633
-0.205613   -0.299376   -0.306775
0.0816914   -0.182732   0.261196
-0.177017   -0.155178   -0.448885
-0.26683   0.0665556   0.0303123
-0.489646   0.190354   0.131132
-0.215648   -0.0175904   0.209758
0.142513   0.146505   -0.340043
-0.362287   -0.394974   -0.068838
0.393249   -0.430452   -0.422619
-0.393187   0.148985   0.304882
-0.192612   0.148272   0.457868
-0.360115   -0.0295833   0.370608
0.141709   -0.0500871   -0.282641
0.173894   0.0623276   -0.0652417
-0.356326   -0.412527   0.25834
-0.240674   -0.213359   0.368548
-0.247766   -0.249089   0.143332
0.153533   -0.357432   -0.298585
-0.474667   0.233607   -0.0922191
-0.0984104   0.28918   0.331119
-0.477563   -0.192439   0.283563
-0.248488   0.349561   0.473996
0.271672   -0.0929545   0.326725
0.494171   0.482802   -0.12007
-0.260761   -0.0959446   -0.24937
-0.0760483   -0.0666757   -0.206884
0.120291   0.192017   0.0805203
-0.0843884   0.352094   -0.155216
0.00563388   0.00798939   0.0735495
-0.434274   0.399775   0.33907
0.351676   0.413417   0.0128903
-0.199886   -0.117579   0.017099
0.361919   -0.195787   0.14895
-0.0676238   -0.0736837   0.389333
-0.464961   -0.00554062   -0.288557
-0.420127   0.256577   -0.445487
0.306654   0.100947   0.152177
0.229135   0.274838   -0.191448
0.316558   -0.169638   -0.0687341
-0.0506103   -0.306199   -0.0891781
0.186675   -0.293535   0.150498
0.36621   0.163534   -0.354173
0.0591157   0.408812   0.311642
-0.072656   0.0964891   0.295064
0.278285   0.359952   -0.378499
-0.127209   -0.484395   -0.0532789
0.157614   -0.303244   -0.0683815
0.0509816   -0.466368   0.106751
-0.326684   0.0938905   -0.171271
-0.248174   -0.466933   -0.218428
0.195915   0.372064   0.145103
0.00691563   -0.222617   0.0861024
0.210849   0.480002   -0.148914
-0.310796   0.0476695   -0.392643
-0.308785   0.277189   0.00451288
0.35472   0.0166297   -0.208318
-0.295895   -0.465578   -0.421467
-0.401315   -0.0973915   0.0878107
-0.497576   0.426689   0.148102
-0.453469   -0.316615   0.104865
0.433309   -0.134694   0.488932
0.256479   0.372596   0.386481
0.103672   0.270451   -0.498935
0.0828814   0.351928   -0.299317
0.315658   0.190545   -0.0637099
0.46417   -0.00319731   0.250047
0.0903465   -0.130698   -0.087613
0.42877   0.2795   0.291626
-0.284642   0.483585   0.0942935
-0.125196   -0.351365   0.472291
0.269575   -0.0130263   -0.461107
0.00671922   -0.24653   -0.382601
-0.15671   0.108833   -0.253722
0.382977   -0.384952   0.212248
-0.309051   0.294746   -0.265072
0.165857   -0.493985   -0.478626
-0.488621   0.452938   -0.305485
0.120027   0.0325619   0.256883
0.0523101   -0.406225   0.37166
0.187377   -0.185351   -0.483286
-0.278012   0.296754   0.222122
-0.0869247   0.357415   0.123999
0.390478   -0.341088   -0.207463
-0.197801   0.489986   0.312827
0.138742   0.228661   0.279118
0.19746   -0.479477   0.267426
0.0937296   0.351533   -0.0371673
0.0744837   0.0523724   0.457859
-0.0452587   -0.45147   -0.336777
0.358846   -0.353285   -0.00186044
0.397018   -0.498616   0.371817
-0.0694927   0.243   -0.377787
