0.448169   0.0361093   -0.000912728
-0.432345   -0.414718   0.440917
0.294666   0.0870912   0.366831
-0.425624   -0.386024   -0.247685
0.207653   -0.087912   0.0976281
-0.238918   -0.249667   -0.118103
-0.0917172   0.189475   -0.0128934
-0.0224913   0.432665   -0.497924
0.339412   -0.217867   -0.355992
0.492336   0.0619196   0.466165
-0.110396   -0.334839   0.268762
0.0488501   0.194595   -0.165259
-0.477682   -0.191534   -0.0881654
-0.0911001   0.0249205   -0.432844
0.28564   -0.281367   0.37948
-0.389946   -0.215962   -0.398558
-0.205606   -0.2993   -0.306746
0.0815196   -0.182873   0.261225
-0.176994   -0.15525   -0.449006
-0.266868   0.0665349   0.0303957
-0.48956   0.190303   0.131052
-0.215767   -0.0176891   0.209839
0.142531   0.1466   -0.339955
-0.362296   -0.394854   -0.0689046
0.39324   -0.430369   -0.422633
-0.393263   0.149018   0.304917
-0.192657   0.148442   0.458006
-0.360164   -0.0295818   0.370515
0.141827   -0.0500476   -0.282541
0.173865   0.0622312   -0.0653027
-0.356186   -0.412397   0.258391
-0.240735   -0.213485   0.368569
-0.247687   -0.249269   0.143305
0.153408   -0.35731   -0.298512
-0.474644   0.233546   -0.0922479
-0.0985643   0.289099   0.331224
-0.477322   -0.192347   0.283433
-0.248402   0.349548   0.474056
0.271782   -0.0929438   0.326926
0.494086   0.482878   -0.120005
-0.260904   -0.0959144   -0.249442
-0.0760755   -0.0666748   -0.206699
0.120321   0.19204   0.0805966
-0.0843185   0.352164   -0.155335
0.00564594   0.00805924   0.0736094
-0.434287   0.399737   0.338985
0.351667   0.413443   0.0128009
-0.199786   -0.117539   0.0172358
0.36189   -0.195759   0.149009
-0.0676984   -0.0737541   0.389372
-0.464878   -0.00557333   -0.288666
-0.419959   0.256616   -0.445378
0.306731   0.100713   0.152106
0.22894   0.274823   -0.19156
0.31661   -0.1696   -0.0687205
-0.0506063   -0.306212   -0.089191
0.186703   -0.293589   0.15041
0.366294   0.163574   -0.354124
0.0590243   0.408668   0.311931
-0.072556   0.0965195   0.295151
0.278189   0.360006   -0.378624
-0.127227   -0.48447   -0.0534026
0.157537   -0.303193   -0.0683633
0.0509986   -0.466463   0.106804
-0.326705   0.0937907   -0.171376
-0.248011   -0.466927   -0.218345
0.196019   0.372046   0.145159
0.00671187   -0.22266   0.0860504
0.210889   0.479855   -0.148907
-0.310757   0.0476648   -0.392631
-0.308729   0.27718   0.00424408
0.35496   0.0166811   -0.208197
-0.295916   -0.465531   -0.421363
-0.401208   -0.0974592   0.0878754
-0.497782   0.426814   0.147872
-0.453357   -0.316707   0.104807
0.433279   -0.134548   0.48895
0.256507   0.372667   0.386514
0.103789   0.270542   -0.498848
0.0829354   0.351973   -0.299363
0.315579   0.190576   -0.0636757
0.464136   -0.00333687   0.250158
0.0903898   -0.130904   -0.0876525
0.428778   0.279571   0.29153
-0.284635   0.483599   0.0941961
-0.125295   -0.35138   0.472355
0.269601   -0.0134106   -0.461123
0.00686837   -0.246581   -0.382676
-0.156716   0.108758   -0.253896
0.382987   -0.385162   0.212216
-0.309025   0.294789   -0.26514
0.165795   -0.493967   -0.478493
-0.488731   0.452684   -0.30553
0.120047   0.0326645   0.256864
0.0522235   -0.406221   0.37153
0.187318   -0.185359   -0.483206
-0.278015   0.296869   0.222078
-0.086975   0.357388   0.124082
0.390387   -0.340986   -0.207534
-0.197646   0.489945   0.312761
0.138789   0.228633   0.279038
0.197469   -0.479274   0.267179
0.093783   0.351584   -0.0370159
0.0743948   0.0524311   0.45796
-0.0453317   -0.45139   -0.336805
0.358654   -0.353119   -0.00190453
0.397107   -0.498703   0.371883
-0.0692656   0.243086   -0.377777
