1.09911
1.09696
1.0936
1.08912
1.08366
1.07741
1.0706
1.0635
1.05638
1.04956
1.04332
1.03793
1.03359
1.03046
1.02858
1.02795
1.02847
1.02996
1.03223
1.03502
1.03809
1.04119
1.0441
1.04663
1.04863
1.04997
1.05057
1.05041
1.04949
1.04789
1.04571
1.0431
1.04026
1.03738
1.03466
1.03229
1.0304
1.02908
1.02835
1.02818
1.0285
1.02918
1.0301
1.0311
1.03209
1.03294
1.0336
1.03405
1.0343
1.03441
1.03446
1.03456
1.03484
1.03542
1.03639
1.03779
1.03958
1.04164
1.04379
1.04575
1.04722
1.0479
1.04753
1.04591
1.04291
1.03851
1.03279
1.02589
1.01804
1.00953
1.00067
0.991774
0.983166
0.975118
0.967876
0.96162
0.956477
0.952514
0.949744
0.948141
0.947648
0.948199
0.949705
0.952081
0.955238
0.959082
0.963525
0.968458
0.973772
0.979365
0.985141
0.991009
0.996901
1.00276
1.00852
1.01414
1.0196
1.02483
1.02977
1.0344
1.03865
1.0425
1.04594
1.04897
1.05162
1.05394
1.05599
1.05779
1.05938
1.06076
1.06189
1.06275
1.06328
1.06349
1.06338
1.06304
1.06258
1.06216
1.06195
1.06209
1.06269
1.06377
1.0653
1.06713
1.06909
1.07094
1.07241
1.07324
1.07317
1.07202
1.06962
1.06592
1.0609
1.05468
1.04743
1.03942
1.03098
1.02249
1.01435
1.00693
1.00056
0.995455
0.991732
0.989371
0.98824
0.988117
0.988723
0.989758
0.990936
0.992007
0.992765
0.993059
0.992791
0.991907
0.990368
0.988163
0.985295
0.981793
0.977719
0.97318
0.968341
0.963436
0.958746
0.954586
0.95126
0.949029
0.948099
0.948594
0.950532
0.953851
0.958407
0.963991
0.970359
0.977242
0.984357
0.991444
0.998266
1.00461
1.01033
1.01529
1.01942
1.02267
1.02504
1.02659
1.02739
1.02756
1.02728
1.02671
1.02607
1.02556
1.02537
1.02565
1.02652
1.02805
1.03025
1.03311
1.03658
1.0406
1.04507
1.04992
1.05505
1.06036
1.06576
1.07114
1.07644
1.08155
1.08641
1.09097
1.09519
1.09902
1.10246
1.10547
1.10803
1.11012
1.11168
1.1127
1.11312
1.11294
1.11215
1.11075
1.1088
1.10637
1.10355
1.10042
1.09708
1.09362
1.09012
1.08663
1.08318
1.0798
1.07646
1.07314
1.06983
1.06647
1.06304
1.0595
1.05584
1.05206
1.04819
1.04427
1.04038
1.03661
1.03308
1.02992
1.02724
1.02518
1.02384
1.02331
1.02364
1.02482
1.02682
1.02954
1.03287
1.03666
1.04077
1.04504
1.04936
1.05361
1.05769
1.06153
1.06506
1.06824
1.07106
1.07348
1.07552
1.07718
1.07852
1.07955
1.08031
1.08083
1.08112
1.08121
1.08111
1.08088
1.08059
1.08031
1.08014
1.08018
1.08048
1.0811
1.08204
1.08331
1.08485
1.08665
1.08867
1.09089
1.09332
1.09593
1.09871
1.10164
1.10465
1.10764
1.11049
1.11307
1.11521
1.11676
1.1176
1.11761
1.11674
1.11496
1.1123
1.1088
1.10455
1.09965
1.09424
1.08845
1.08245
1.07638
1.07045
1.06485
1.05976
1.05539
1.05193
1.04956
1.04843
1.0487
1.05045
1.05377
1.05866
1.06508
1.0729
1.08189
1.0918
1.10229
1.11299
1.12352
1.13351
1.14262
1.15052
1.15697
1.16176
1.16473
1.1658
1.16495
1.16223
1.15773
1.15162
1.1441
1.13542
1.12581
1.11554
1.10488
1.09404
1.08322
1.07259
1.06225
1.0523
1.04281
1.03385
1.0255
1.01786
1.01105
1.00521
1.00051
0.997067
0.99501
0.994392
0.99521
0.997398
1.00084
1.00537
1.0108
1.01696
1.02367
1.03078
1.03815
1.04568
1.05327
1.06085
1.06836
1.07571
1.08283
1.08962
1.096
1.10187
1.10713
1.11171
1.11553
1.11858
1.12084
1.12232
1.12305
1.12304
1.12232
1.12093
1.11887
1.11618
1.11287
1.10896
1.10446
1.09941
1.09384
1.08783
1.08145
1.07482
1.06811
1.0615
1.05521
1.04952
1.04467
1.04092
1.0385
1.03756
1.03818
1.04037
1.04402
1.04894
1.05489
1.06155
1.06858
1.07566
1.08244
1.08863
1.09398
1.09826
1.10131
1.10302
1.10334
1.10229
1.09996
1.09653
1.09223
1.08737
1.08229
1.07733
1.07284
1.06907
1.06621
1.0643
1.0633
1.06305
1.06333
1.06384
1.0643
1.0644
1.06391
1.06261
1.06036
1.05705
1.05266
1.04721
1.04081
1.03362
1.02589
1.01794
1.01017
1.00305
0.997056
0.992594
0.989988
0.989381
0.990739
0.993853
0.998385
1.00392
1.01003
1.01629
1.02236
1.02793
1.03275
1.03663
1.03944
1.04108
1.04152
1.04074
1.03882
1.03585
1.032
1.02749
1.02259
1.01761
1.01286
1.00865
1.00523
1.0028
1.00148
1.00132
1.00228
1.0043
1.00726
1.011
1.01534
1.02003
1.02483
1.02948
1.03374
1.03741
1.04035
1.04246
1.04367
1.04394
1.04325
1.04161
1.03904
1.03559
1.03133
1.02636
1.02084
1.01493
1.00883
1.00278
0.99701
0.99177
0.987297
0.983811
0.981511
0.980562
0.981083
0.983142
0.986753
0.991851
0.9983
1.0059
1.01441
1.02351
1.03291
1.04229
1.05137
1.05988
1.0676
1.07433
1.07993
1.08428
1.08731
1.08898
1.08931
1.08834
1.08619
1.08301
1.07901
1.07449
1.0698
1.06535
1.06164
1.05913
1.05831
1.05953
1.06296
1.06856
1.07599
1.0847
1.09397
1.10301
1.11109
1.11759
1.12207
1.12427
1.12415
1.12179
1.11743
1.11141
1.10416
1.09612
1.08779
1.07963
1.0721
1.06558
1.06041
1.05681
1.05487
1.0546
1.05587
1.05846
1.06209
1.06648
1.07133
1.0764
1.08148
1.0864
1.09101
1.0952
1.09884
1.10184
1.10413
1.1057
1.10658
1.10687
1.10671
1.10625
1.10563
1.10494
1.10422
1.10344
1.10253
1.10144
1.10009
1.09847
1.09656
1.09441
1.09202
1.08941
1.08657
1.08346
1.08
1.07613
1.07182
1.06703
1.06184
1.05634
1.05072
1.04522
1.0401
1.0356
1.03196
1.02936
1.02789
1.02759
1.0284
1.0302
1.03279
1.03595
1.0394
1.04285
1.04603
1.04869
1.05065
1.05176
1.05199
1.05134
1.04991
1.04785
1.04538
1.04278
1.04034
1.03837
1.03717
1.03699
1.03803
1.04041
1.04415
1.0492
1.05543
1.06265
1.07062
1.0791
1.08783
1.09657
1.10507
1.11315
1.12062
1.12735
1.13325
1.13824
1.14229
1.1454
1.14761
1.14897
1.14958
1.14952
1.1489
1.14779
1.14629
1.14444
1.1423
1.13988
1.1372
1.13424
1.131
1.12747
1.12364
1.11952
1.11513
1.11052
1.10578
1.10102
1.09638
1.09202
1.08811
1.08481
1.08227
1.08056
1.07968
1.07956
1.08008
1.08103
1.08218
1.0833
1.08415
1.08452
1.08424
1.08318
1.08125
1.07843
1.07471
1.07014
1.06481
1.05887
1.05251
1.04598
1.03955
1.03357
1.02837
1.02432
1.0217
1.02076
1.02163
1.02432
1.02873
1.03464
1.04175
1.04971
1.05813
1.06664
1.07488
1.08256
1.08945
1.09536
1.10019
1.10385
1.10631
1.10757
1.10765
1.10659
1.10445
1.10128
1.0972
1.09235
1.08692
1.08113
1.07528
1.06965
1.06456
1.06029
1.05704
1.0549
1.05387
1.05379
1.05444
1.05557
1.05697
1.05849
1.0601
1.06183
1.06372
1.06584
1.06819
1.07077
1.0735
1.07635
1.07924
1.08211
1.08494
1.08767
1.09026
1.09263
1.09474
1.09652
1.09794
1.09895
1.09954
1.0997
1.09947
1.09887
1.09795
1.09676
1.09535
1.09376
1.09202
1.09016
1.08818
1.08607
1.08383
1.08143
1.07883
1.076
1.07289
1.06946
1.06568
1.06154
1.05702
1.05215
1.04697
1.04156
1.036
1.03041
1.02491
1.01967
1.01482
1.01052
1.00692
1.00417
1.00236
1.00155
1.00173
1.00283
1.00474
1.00724
1.01013
1.01312
1.01597
1.01843
1.02031
1.02147
1.02183
1.02136
1.02012
1.0182
1.01574
1.0129
1.00988
1.00687
1.00408
1.00168
0.999858
0.998774
0.998556
0.999296
1.00105
1.00384
1.00764
1.01235
1.01787
1.02402
1.03061
1.03743
1.04422
1.05075
1.05677
1.06205
1.06639
1.06961
1.07158
1.07221
1.07146
1.06931
1.06584
1.06113
1.05534
1.04864
1.04124
1.03342
1.02546
1.01771
1.01052
1.00427
0.999308
0.995877
0.994105
0.993917
0.995043
0.997041
0.999377
1.00152
1.00303
1.00361
1.00313
1.00159
0.999082
0.995766
0.991818
0.987411
0.982713
0.977885
0.973068
0.968401
0.964023
0.960073
0.956692
0.954017
0.952168
0.951241
0.951271
0.952235
0.954059
0.956619
0.95976
0.963323
0.967161
0.971153
0.975227
0.979348
0.983512
0.987733
0.992035
0.99644
1.00095
1.00552
1.01008
1.01453
1.01869
1.02239
1.02546
1.02774
1.02913
1.02961
1.02925
1.0282
1.02665
1.02484
1.02301
1.02138
1.0201
1.01924
1.01881
1.01877
1.01901
1.01944
1.01994
1.02041
1.02074
1.02084
1.02061
1.01995
1.01876
1.01697
1.01452
1.01138
1.00756
1.00315
0.998269
0.99311
0.987894
0.98286
0.978242
0.974248
0.971054
0.968783
0.967507
0.96726
0.96803
0.969766
0.972391
0.975813
0.979913
0.984556
0.989586
0.994849
1.00018
1.00542
1.01041
1.01502
1.01915
1.02271
1.02567
1.02801
1.02977
1.03097
1.03166
1.03189
1.03171
1.03117
1.0303
1.02915
1.02775
1.02614
1.02435
1.02244
1.02043
1.01839
1.01635
1.01437
1.01245
1.01063
1.00889
1.0072
1.00552
1.00381
1.00198
0.999983
0.997761
0.995299
0.992629
0.989833
0.987059
0.984502
0.982401
0.981012
0.980583
0.981311
0.983319
0.986638
0.991186
0.996771
1.00312
1.00988
1.0167
1.02325
1.02926
1.03456
1.03905
1.04272
1.04562
1.04783
1.04944
1.05055
1.05125
1.05162
1.05173
1.05165
1.05142
1.05111
1.05081
1.0506
1.05056
1.05078
1.05132
1.05224
1.05361
1.05544
1.05779
1.06072
1.06431
1.06866
1.07387
1.08
1.08708
1.09501
1.10362
1.11264
1.12172
1.1305
1.1386
1.1457
1.15156
1.156
1.15892
1.16024
1.15999
1.15818
1.1549
1.15025
1.14438
1.13748
1.12973
1.12133
1.11249
1.10335
1.09402
1.0846
1.07514
1.06568
1.05632
1.04717
1.03841
1.03028
1.02311
1.01726
1.01311
1.011
1.01123
1.01395
1.01916
1.02666
1.03611
1.047
1.05876
1.07082
1.08264
1.09378
1.10392
1.11283
1.12037
1.12651
1.13127
1.13472
1.13694
1.13805
1.13819
1.13745
1.13599
1.13392
1.13136
1.12842
1.12521
1.12185
1.11844
1.11511
1.11194
1.10905
1.10651
1.10438
1.10266
1.10131
1.10025
1.09934
1.09844
1.0974
1.09608
1.0944
1.0923
1.08977
1.08686
1.08364
1.0802
1.07666
1.07314
1.06978
1.06671
1.06408
1.06201
1.06064
1.06011
1.06057
1.06217
1.06505
1.06924
1.07471
1.08119
1.08827
1.09539
1.10194
1.10731
1.11103
1.11278
1.11242
1.10995
1.10553
1.09941
1.09195
1.0836
1.07486
1.06625
1.05828
1.05138
1.04589
1.04197
1.03967
1.03891
1.03952
1.04134
1.04415
1.04782
1.05222
1.05726
1.06292
1.06917
1.07602
1.08346
1.09147
1.1
1.10895
1.11819
1.12752
1.13674
1.14559
1.15382
1.1612
1.16747
1.17245
1.17595
1.17782
1.17793
1.17619
1.17251
1.16686
1.15922
1.14963
1.13822
1.1252
1.11097
1.09606
1.08118
1.06724
1.05517
1.04589
1.04009
1.03816
1.04005
1.04539
1.05345
1.06334
1.07411
1.08485
1.09482
1.10344
1.11034
1.11532
1.1183
1.11935
1.11862
1.11631
1.11271
1.10812
1.1029
1.09741
1.09207
1.08726
1.08337
1.08073
1.07956
1.07995
1.08183
1.08497
1.08903
1.09365
1.09847
1.10315
1.10742
1.111
1.11367
1.11518
1.11531
1.11384
1.11064
1.10563
1.09885
1.09048
1.08084
1.07044
1.05994
1.05016
1.04195
1.03605
1.03296
1.03277
1.03518
1.03956
1.04512
1.05102
1.05661
1.06139
1.06507
1.06756
1.06888
1.06919
1.06868
1.06759
1.06616
1.0646
1.06308
1.06175
1.06068
1.05992
1.05947
1.05935
1.05952
1.06001
1.06081
1.06196
1.0635
1.06548
1.06791
1.07081
1.07416
1.07791
1.08199
1.08627
1.09065
1.09499
1.09914
1.10301
1.1065
1.10957
1.11221
1.11445
1.11636
1.11802
1.11955
1.12103
1.12255
1.12416
1.12589
1.12767
1.12941
1.13097
1.13218
1.1329
1.133
1.13237
1.13098
1.1288
1.12587
1.12223
1.11797
1.11317
1.10795
1.10243
1.09678
1.09113
1.08568
1.08058
1.07599
1.07203
1.06879
1.06632
1.0646
1.06358
1.06319
1.06333
1.06388
1.06474
1.06579
1.06694
1.06808
1.06912
1.06997
1.07055
1.07078
1.07063
1.07009
1.06917
1.06794
1.06649
1.06492
1.06334
1.06187
1.06058
1.05952
1.05873
1.05817
1.0578
1.05753
1.05728
1.05697
1.05651
1.05582
1.05485
1.05357
1.05196
1.05008
1.04799
1.04582
1.04378
1.04209
1.041
1.04078
1.04163
1.04369
1.047
1.05147
1.05695
1.06316
1.06983
1.07663
1.08328
1.08951
1.09513
1.1
1.10401
1.10706
1.10907
1.10994
1.10956
1.10781
1.10459
1.09985
1.09361
1.086
1.07727
1.0678
1.05805
1.04854
1.03976
1.03211
1.02589
1.02125
1.01825
1.01685
1.01696
1.01845
1.02121
1.02506
1.02983
1.03531
1.0413
1.04756
1.0539
1.06011
1.06601
1.07148
1.07637
1.08058
1.084
1.08655
1.08814
1.08869
1.08817
1.0866
1.08402
1.0806
1.07654
1.07215
1.06778
1.06383
1.06073
1.05888
1.05863
1.06022
1.06374
1.06917
1.0763
1.08484
1.09439
1.10453
1.11483
1.12492
1.13451
1.14338
1.15138
1.15842
1.16445
1.16944
1.17339
1.17627
1.17806
1.17877
1.17837
1.17686
1.17424
1.17057
1.16588
1.16028
1.15386
1.14678
1.13917
1.13118
1.12296
1.11461
1.10622
1.09786
1.08958
1.08144
1.07354
1.066
1.05899
1.05271
1.04735
1.04312
1.04014
1.03846
1.03807
1.03887
1.04073
1.04345
1.04684
1.05069
1.05477
1.05891
1.06291
1.06662
1.06989
1.07259
1.07462
1.0759
1.07638
1.07603
1.07485
1.07287
1.07014
1.06674
1.06278
1.05839
1.05372
1.04896
1.04428
1.0399
1.036
1.03273
1.03019
1.02843
1.02738
1.02687
1.02667
1.02651
1.02608
1.02513
1.02345
1.02091
1.01748
1.01324
1.00833
1.00294
0.997338
0.991778
0.986522
0.981822
0.97791
0.974985
0.973197
0.972605
0.973185
0.974821
0.9773
0.980353
0.983683
0.987018
0.990139
0.992917
0.99531
0.997347
0.999122
1.00075
1.00237
1.00408
1.00594
1.00797
1.01009
1.0122
1.01414
1.01573
1.0168
1.01717
1.01673
1.01544
1.01328
1.01035
1.0068
1.00283
0.998728
0.99479
0.991327
0.988634
0.986953
0.986453
0.98722
0.989244
0.992424
0.996581
1.00148
1.00687
1.01249
1.01809
1.02348
1.02848
1.03297
1.03685
1.04001
1.04236
1.04383
1.04433
1.0438
1.04225
1.03974
1.03644
1.03258
1.02849
1.0245
1.02089
1.01787
1.01552
1.01379
1.01252
1.01148
1.01044
1.00918
1.00752
1.00536
1.00263
0.999392
0.995747
0.991875
0.987977
0.984237
0.9808
0.977727
0.975006
0.972569
0.970302
0.96809
0.965864
0.963604
0.961358
0.959232
0.957385
0.956012
0.955311
0.955488
0.956744
0.959263
0.963194
0.968632
0.975603
0.98405
0.993832
1.00471
1.01635
1.02834
1.04024
1.05162
1.06206
1.0712
1.07876
1.08458
1.08857
1.09076
1.09127
1.09031
1.08813
1.08506
1.08141
1.07751
1.07365
1.07012
1.06711
1.06479
1.06324
1.06247
1.06244
1.06302
1.06402
1.06522
1.06635
1.06717
1.06748
1.06709
1.06592
1.06391
1.06112
1.0576
1.05347
1.0489
1.04406
1.03917
1.03444
1.0301
1.02638
1.02349
1.02159
1.02079
1.02113
1.02256
1.02496
1.02814
1.03183
1.03578
1.03973
1.04346
1.0468
1.04963
1.05189
1.0536
1.05482
1.05563
1.05615
1.05651
1.05681
1.05714
1.05758
1.05815
1.05883
1.05959
1.06036
1.06103
1.06154
1.06178
1.06171
1.06132
1.06065
1.05981
1.05895
1.05827
1.05801
1.05842
1.05971
1.06204
1.06548
1.07003
1.07557
1.08189
1.08872
1.09577
1.10272
1.10928
1.1152
1.12027
1.12435
1.12734
1.1292
1.12992
1.12954
1.12811
1.12569
1.12239
1.11828
1.11344
1.10795
1.1019
1.09538
1.08845
1.0812
1.07373
1.06615
1.05862
1.0513
1.04439
1.03812
1.0327
1.02834
1.0252
1.02336
1.02284
1.02357
1.0254
1.02813
1.03152
1.03533
1.03935
1.04339
1.04728
1.05092
1.05423
1.05716
1.05969
1.06181
1.06348
1.06469
1.06539
1.06554
1.06507
1.06396
1.06219
1.05978
1.05678
1.05332
1.04953
1.04556
1.04158
1.0377
1.03402
1.03063
1.02758
1.02491
1.02268
1.02094
1.01977
1.01929
1.0196
1.02081
1.02301
1.02624
1.03052
1.03576
1.04185
1.0486
1.05579
1.06318
1.07053
1.07764
1.08431
1.09043
1.09593
1.10078
1.10499
1.1086
1.11168
1.11427
1.11641
1.11812
1.11935
1.12007
1.12021
1.11969
1.11846
1.11646
1.11368
1.11013
1.10589
1.10106
1.09583
1.09039
1.08498
1.07989
1.07542
1.07186
1.0695
1.06854
1.06911
1.07124
1.07486
1.07983
1.08595
1.09296
1.10062
1.10866
1.11683
1.12491
1.13268
1.13996
1.14658
1.15241
1.15728
1.16108
1.16369
1.16504
1.16509
1.16385
1.16138
1.15779
1.15323
1.14787
1.14191
1.13553
1.12892
1.12219
1.11548
1.10884
1.10234
1.09597
1.08972
1.08355
1.07743
1.07135
1.0653
1.05931
1.05343
1.04776
1.04239
1.03745
1.03304
1.02928
1.02625
1.02403
1.02267
1.0222
1.02262
1.02391
1.02604
1.02894
1.03255
1.03677
1.04152
1.04672
1.05228
1.05809
1.06404
1.07002
1.07589
1.08149
1.08667
1.09126
1.09511
1.09806
1.10001
1.10087
1.10062
1.09929
1.09698
1.09383
1.09002
1.08579
1.08133
1.07687
1.07258
1.06862
1.0651
1.06211
1.0597
1.0579
1.05668
1.05603
1.05585
1.05606
1.05652
1.05711
1.05773
1.05832
1.05891
1.05959
1.06056
1.06212
1.06459
1.0683
1.07351
1.08033
1.08873
1.09852
1.10933
1.12075
1.13232
1.14361
1.15425
1.16395
1.17251
1.17978
1.18569
1.1902
1.19333
1.19513
1.19566
1.19502
1.19334
1.19075
1.18742
1.18352
1.17921
1.17466
1.16999
1.1653
1.16063
1.15598
1.15132
1.14657
1.14167
1.13652
1.13106
1.12523
1.11902
1.11242
1.1055
1.09835
1.09109
1.0839
1.07697
1.07052
1.06477
1.0599
1.05608
1.05343
1.05204
1.05192
1.05302
1.05526
1.05848
1.0625
1.0671
1.07205
1.0771
1.08201
1.08654
1.09048
1.09363
1.09584
1.09696
1.09693
1.09571
1.09331
1.0898
1.08531
1.07998
1.074
1.0676
1.06097
1.05433
1.04784
1.04164
1.03585
1.03055
1.02575
1.02148
1.01773
1.01448
1.01172
1.00943
1.00762
1.0063
1.00546
1.00513
1.00528
1.00591
1.00699
1.00845
1.01023
1.01224
1.01438
1.01656
1.01867
1.02062
1.02236
1.02385
1.02511
1.02616
1.02705
1.02785
1.02863
1.02943
1.0303
1.03122
1.03217
1.03309
1.03392
1.03461
1.03512
1.03543
1.03559
1.03568
1.03585
1.03626
1.03713
1.03865
1.04102
1.04433
1.04863
1.05383
1.05973
1.06602
1.07234
1.07832
1.0836
1.08788
1.09096
1.09274
1.09321
1.09246
1.0907
1.08817
1.08513
1.08189
1.07867
1.07567
1.07299
1.07066
1.06866
1.06689
1.06523
1.06355
1.06171
1.0596
1.05712
1.05423
1.05098
