1.89971
1.89852
1.89642
1.89337
1.88932
1.88421
1.87793
1.87038
1.86143
1.85093
1.8387
1.82456
1.80827
1.78963
1.76838
1.74432
1.71722
1.68693
1.6533
1.61631
1.57599
1.53251
1.48621
1.43759
1.3873
1.3362
1.28525
1.23551
1.18805
1.1439
1.10394
1.06889
1.0392
1.01512
0.996642
0.983574
0.975545
0.97207
0.972569
0.976423
0.982998
0.991664
1.00182
1.01289
1.02439
1.03585
1.0469
1.05723
1.0666
1.07486
1.08192
1.08776
1.09243
1.09603
1.09871
1.10065
1.10203
1.10303
1.10383
1.10453
1.10521
1.1059
1.10656
1.10712
1.10747
1.10745
1.10689
1.10563
1.10348
1.10027
1.09589
1.09027
1.08339
1.07535
1.06631
1.05651
1.04625
1.03587
1.02571
1.01607
1.0072
0.999271
0.992372
0.986512
0.981664
0.977769
0.97477
0.972631
0.971339
0.970912
0.971383
0.972788
0.97514
0.978415
0.982553
0.98745
0.992954
0.998875
1.005
1.0111
1.01694
1.02232
1.02703
1.03091
1.03385
1.03573
1.03652
1.03619
1.03478
1.03239
1.02916
1.02529
1.021
1.01656
1.01222
1.00823
1.00476
1.00194
0.999812
0.998377
0.997589
0.997395
0.997729
0.99854
0.99978
1.00142
1.00341
1.00572
1.00828
1.01101
1.0138
1.01652
1.01904
1.02122
1.02295
1.02414
1.02477
1.02486
1.02449
1.02382
1.02304
1.02236
1.02199
1.02212
1.02288
1.02433
1.02648
1.02926
1.03254
1.03617
1.03995
1.0437
1.04723
1.05039
1.05309
1.05528
1.05699
1.05826
1.05921
1.05995
1.06059
1.06121
1.06182
1.06239
1.06286
1.06311
1.06302
1.06253
1.06161
1.06029
1.0587
1.05695
1.05521
1.05361
1.05228
1.05128
1.05067
1.05046
1.05063
1.05118
1.05207
1.05325
1.05467
1.05626
1.05797
1.0597
1.06137
1.06288
1.06413
1.06503
1.06551
1.0655
1.06494
1.0638
1.06205
1.05967
1.05667
1.05307
1.04887
1.0441
1.03879
1.03299
1.02671
1.02
1.01288
1.00541
0.997638
0.989666
0.981623
0.973678
0.966042
0.958955
0.952664
0.94741
0.943404
0.940813
0.939754
0.9403
0.942485
0.946289
0.951633
0.958368
0.966276
0.975061
0.98438
0.993872
1.00318
1.012
1.02006
1.02716
1.03315
1.03793
1.04148
1.0438
1.04492
1.04494
1.04397
1.04216
1.03966
1.03669
1.03343
1.03008
1.02683
1.02379
1.02107
1.01868
1.01659
1.01472
1.01298
1.01128
1.00955
1.00779
1.00604
1.00443
1.00309
1.00221
1.00192
1.00237
1.00366
1.00581
1.00884
1.0127
1.01734
1.02268
1.02862
1.03506
1.0419
1.04901
1.05625
1.06347
1.0705
1.07716
1.0833
1.08874
1.09335
1.09703
1.09973
1.10147
1.10233
1.10245
1.10206
1.10139
1.10069
1.10018
1.10001
1.10021
1.10074
1.10144
1.1021
1.10252
1.10247
1.1018
1.10043
1.09835
1.09563
1.09246
1.08908
1.08578
1.08287
1.08059
1.07913
1.07855
1.0788
1.07974
1.08114
1.08273
1.08424
1.08542
1.08606
1.08597
1.08502
1.08314
1.08027
1.07643
1.07164
1.06599
1.05962
1.05273
1.04561
1.03864
1.03229
1.02706
1.02343
1.02177
1.02218
1.0245
1.02831
1.03302
1.03799
1.04263
1.04656
1.04957
1.05166
1.05298
1.0538
1.05444
1.05521
1.05635
1.05802
1.06029
1.06314
1.06651
1.07028
1.07432
1.07851
1.08273
1.08688
1.09089
1.09474
1.09845
1.10209
1.10571
1.10938
1.11308
1.11671
1.12007
1.1229
1.12489
1.12576
1.12527
1.12327
1.11973
1.11472
1.10845
1.10124
1.09355
1.08587
1.07877
1.07277
1.06828
1.06557
1.0647
1.06555
1.06785
1.07121
1.07523
1.07953
1.0838
1.08783
1.09148
1.09469
1.09744
1.09973
1.10158
1.10297
1.10386
1.10418
1.10383
1.1027
1.10069
1.09768
1.09363
1.08852
1.08239
1.07534
1.0675
1.05903
1.0501
1.04087
1.03148
1.02202
1.01259
1.00327
0.994193
0.985515
0.977443
0.970213
0.96406
0.959178
0.955697
0.95367
0.953079
0.95387
0.955964
0.959296
0.963811
0.969482
0.976294
0.984221
0.99323
1.00324
1.01415
1.0258
1.038
1.05053
1.06314
1.07557
1.08758
1.09893
1.10942
1.11884
1.12705
1.13394
1.13945
1.14353
1.14622
1.14757
1.14766
1.1466
1.14451
1.14153
1.1378
1.13345
1.12858
1.1233
1.11771
1.11189
1.10592
1.09987
1.09381
1.08784
1.08204
1.0765
1.07132
1.0666
1.06243
1.05891
1.05611
1.05411
1.05297
1.05274
1.05345
1.05513
1.05775
1.0613
1.0657
1.07084
1.07659
1.08279
1.08925
1.09577
1.10214
1.10817
1.11368
1.11849
1.12248
1.12554
1.12763
1.12873
1.12887
1.12809
1.12646
1.1241
1.12109
1.11759
1.11371
1.10964
1.10557
1.1017
1.09829
1.09561
1.09389
1.09332
1.09401
1.09597
1.09907
1.10314
1.10795
1.11326
1.11883
1.12446
1.12999
1.13526
1.14009
1.14435
1.14786
1.15045
1.15197
1.15229
1.15133
1.14908
1.14559
1.14103
1.13561
1.12959
1.12324
1.11679
1.11041
1.10417
1.09809
1.09211
1.08618
1.08023
1.07423
1.06817
1.06208
1.05603
1.05011
1.04439
1.03896
1.0339
1.02928
1.02516
1.02157
1.01856
1.01618
1.01444
1.01335
1.0129
1.01306
1.01375
1.01484
1.01621
1.01767
1.01906
1.02018
1.02084
1.02089
1.02019
1.01863
1.01618
1.01285
1.0087
1.00386
0.998521
0.992925
0.987368
0.982193
0.97776
0.974432
0.972554
0.972408
0.974195
0.978009
0.983819
0.991463
1.00066
1.01101
1.02206
1.0333
1.04421
1.05431
1.06318
1.0705
1.07602
1.0796
1.0812
1.08087
1.07877
1.07512
1.07024
1.0645
1.05833
1.05218
1.04652
1.04175
1.03822
1.03616
1.03566
1.03671
1.03914
1.04271
1.04712
1.05205
1.05721
1.06236
1.0673
1.07187
1.07597
1.07951
1.0824
1.08458
1.08598
1.08652
1.08617
1.08489
1.0827
1.07968
1.07593
1.0716
1.06689
1.06199
1.05704
1.05218
1.04748
1.04293
1.03852
1.0342
1.02999
1.02595
1.02223
1.01908
1.01681
1.01576
1.01625
1.01847
1.0225
1.02826
1.03548
1.04378
1.05269
1.06168
1.07028
1.07804
1.08461
1.08971
1.09315
1.09485
1.0948
1.09309
1.08985
1.08532
1.07979
1.07361
1.06714
1.0608
1.05497
1.05002
1.04622
1.04376
1.04272
1.04307
1.04463
1.04715
1.05034
1.05384
1.05728
1.06034
1.06269
1.06408
1.06429
1.06316
1.06061
1.05663
1.05128
1.04473
1.03718
1.02894
1.02031
1.01166
1.00329
0.995526
0.988621
0.982789
0.978183
0.974904
0.973011
0.972513
0.973395
0.975598
0.979045
0.983629
0.989203
0.995586
1.00257
1.0099
1.01731
1.02449
1.03116
1.03702
1.04184
1.04538
1.0475
1.04813
1.0473
1.04514
1.04187
1.03783
1.03345
1.02919
1.0255
1.0228
1.02136
1.0213
1.02259
1.025
1.02822
1.03184
1.03551
1.0389
1.0418
1.0441
1.0458
1.04699
1.04784
1.04855
1.04931
1.05032
1.0517
1.05354
1.05585
1.0586
1.06169
1.065
1.06838
1.0717
1.07483
1.07767
1.08016
1.08226
1.08397
1.0853
1.08629
1.08696
1.08735
1.08749
1.0874
1.08713
1.0867
1.08617
1.0856
1.08506
1.08464
1.08441
1.08443
1.08474
1.08536
1.08625
1.08736
1.08863
1.08995
1.09123
1.09238
1.09331
1.09397
1.09432
1.09435
1.09406
1.09348
1.09266
1.09166
1.09053
1.08932
1.08808
1.08684
1.08566
1.08457
1.08359
1.08274
1.08202
1.0814
1.08088
1.08038
1.07986
1.07923
1.07844
1.07742
1.07612
1.07453
1.07265
1.0705
1.06814
1.06567
1.06317
1.06077
1.05858
1.05671
1.05523
1.05419
1.05359
1.05336
1.05339
1.05354
1.05367
1.05361
1.0533
1.05271
1.05189
1.05102
1.0503
1.04995
1.05018
1.0511
1.05275
1.05505
1.05787
1.06103
1.06433
1.06762
1.07074
1.07359
1.07609
1.0782
1.07988
1.08114
1.08202
1.08258
1.08292
1.08313
1.08337
1.08378
1.08449
1.0856
1.08721
1.08934
1.09199
1.09511
1.0986
1.10234
1.10619
1.11001
1.11365
1.11698
1.11986
1.12219
1.12384
1.12475
1.12483
1.12403
1.12234
1.11975
1.1163
1.11205
1.10709
1.10154
1.09555
1.0893
1.08296
1.07673
1.0708
1.06532
1.06045
1.05633
1.05304
1.05064
1.04916
1.04858
1.04883
1.04983
1.05145
1.05354
1.05593
1.05845
1.06093
1.06323
1.06522
1.06682
1.06797
1.06867
1.06894
1.06885
1.06848
1.06795
1.0674
1.06694
1.06672
1.06682
1.06732
1.06823
1.06952
1.07109
1.07278
1.07439
1.07566
1.07631
1.07608
1.07472
1.07206
1.06803
1.06265
1.05611
1.04871
1.04091
1.03321
1.02618
1.02034
1.01612
1.01378
1.01341
1.01495
1.01824
1.02304
1.0291
1.03618
1.04409
1.05267
1.06179
1.07134
1.08123
1.09135
1.1016
1.11184
1.12195
1.13179
1.14119
1.15004
1.15819
1.16553
1.17197
1.17743
1.18186
1.18522
1.18747
1.1886
1.18858
1.18738
1.18498
1.18138
1.17656
1.17056
1.16342
1.15521
1.14603
1.13604
1.12541
1.11436
1.10313
1.09201
1.08126
1.07118
1.06201
1.05395
1.04712
1.04157
1.03724
1.03404
1.03184
1.03052
1.03001
1.03028
1.03136
1.03332
1.03626
1.04027
1.0454
1.05162
1.05884
1.06683
1.0753
1.08384
1.09201
1.09935
1.10542
1.10984
1.11236
1.11287
1.11145
1.10837
1.10413
1.09935
1.09475
1.091
1.08866
1.08805
1.08928
1.09224
1.09669
1.10224
1.10848
1.11496
1.12124
1.12691
1.13159
1.13498
1.1369
1.13724
1.13598
1.13318
1.129
1.12361
1.11728
1.11026
1.10287
1.0954
1.08818
1.08149
1.07561
1.07075
1.06708
1.06469
1.0636
1.06374
1.06497
1.0671
1.0699
1.07311
1.07647
1.07974
1.0827
1.08517
1.08699
1.0881
1.08843
1.08797
1.08669
1.08457
1.08157
1.07763
1.07274
1.06691
1.06018
1.05274
1.04483
1.03682
1.02914
1.02225
1.01664
1.01272
1.0108
1.01105
1.01353
1.01814
1.0247
1.03294
1.04256
1.05322
1.06458
1.07627
1.08797
1.09936
1.11021
1.12033
1.12963
1.13808
1.1457
1.15258
1.15882
1.16452
1.1698
1.17472
1.17929
1.18351
1.18728
1.19051
1.19304
1.19472
1.19538
1.1949
1.19317
1.19011
1.18568
1.17992
1.17288
1.16467
1.15543
1.14532
1.13452
1.12321
1.11157
1.09979
1.08806
1.07657
1.06549
1.05502
1.04532
1.03658
1.02894
1.02252
1.0174
1.01358
1.01103
1.00963
1.00924
1.00968
1.01078
1.01236
1.01428
1.01645
1.01882
1.02137
1.02413
1.02717
1.03055
1.03437
1.03867
1.04342
1.04857
1.05395
1.05936
1.06453
1.06918
1.07303
1.07584
1.07742
1.07764
1.07646
1.07389
1.07003
1.06503
1.0591
1.0525
1.0455
1.03841
1.03149
1.02493
1.01887
1.01334
1.0083
1.00367
0.999324
0.995169
0.99113
0.987189
0.983398
0.979867
0.976773
0.974342
0.97284
0.972534
0.973657
0.976362
0.980698
0.986599
0.993894
1.00232
1.01155
1.02125
1.03109
1.04079
1.05006
1.05869
1.06646
1.0732
1.07877
1.08301
1.08583
1.08718
1.08709
1.08564
1.08299
1.07936
1.07501
1.07025
1.06538
1.06069
1.05642
1.05275
1.04978
1.04752
1.04591
1.0448
1.04403
1.04337
1.04262
1.04161
1.04017
1.03822
1.0357
1.0326
1.02896
1.02479
1.02016
1.01509
1.00963
1.00381
0.997677
0.991302
0.984804
0.978364
0.972228
0.966712
0.962167
0.958956
0.957396
0.957703
0.959945
0.964026
0.969674
0.976504
0.98407
0.991934
0.999717
1.00713
1.014
1.02024
1.02589
1.03103
1.0358
1.04035
1.04481
1.04927
1.0538
1.05838
1.06296
1.06746
1.07177
1.07576
1.07932
1.08235
1.0848
1.08663
1.08785
1.08848
1.08858
1.0882
1.08743
1.08634
1.08499
1.08344
1.08173
1.07989
1.07792
1.0758
1.07348
1.07092
1.06807
1.06488
1.06135
1.05749
1.05338
1.04914
1.04492
1.04091
1.03733
1.0344
1.03231
1.03123
1.03127
1.03248
1.03484
1.03823
1.04248
1.04738
1.05264
1.05793
1.06294
1.06733
1.07077
1.07295
1.07359
1.07249
1.06949
1.06452
1.05763
1.04895
1.03877
1.0275
1.01564
1.00373
0.99234
0.981965
0.972969
0.965564
0.959801
0.955599
0.952784
0.951135
0.950446
0.950547
0.951325
0.95272
0.954727
0.957379
0.960732
0.96484
0.969745
0.975469
0.981993
0.989251
0.997148
1.00555
1.01429
1.02321
1.03214
1.04092
1.04942
1.0575
1.06505
1.07194
1.07803
1.08318
1.0872
1.0899
1.09108
1.0906
1.08837
1.08439
1.07875
1.07167
1.06346
1.05455
1.04542
1.03661
1.02865
1.02205
1.01721
1.01442
1.01385
1.01554
1.01941
1.02528
1.03291
1.04199
1.05215
1.06301
1.07418
1.08524
1.0958
1.10549
1.11397
1.12097
1.1263
1.12982
1.13151
1.13141
1.12963
1.12634
1.12177
1.11618
1.10987
1.10315
1.09637
1.08988
1.08402
1.07912
1.07543
1.07313
1.07227
1.07279
1.07449
1.0771
1.08026
1.08362
1.08686
1.08972
1.09204
1.0938
1.09507
1.09598
1.09677
1.09764
1.09876
1.10021
1.10195
1.10384
1.1056
1.10693
1.10749
1.10699
1.10518
1.10192
1.09717
1.09098
1.08352
1.07502
1.06582
1.0563
1.04688
1.03799
1.03004
1.02341
1.01841
1.01525
1.01402
1.01472
1.01721
1.02129
1.02668
1.03305
1.04006
1.04737
1.05466
1.0616
1.06792
1.07337
1.07774
1.08087
1.08266
1.08305
1.08207
1.0798
1.07639
1.07204
1.06703
1.06166
1.05627
1.05121
1.0468
1.04334
1.04106
1.04014
1.04066
1.04264
1.04603
1.05067
1.0564
1.063
1.07022
1.07783
1.08556
1.09317
1.10042
1.10712
1.11304
1.11804
1.12194
1.12462
1.12598
1.12595
1.1245
1.12164
1.11741
1.11189
1.10519
1.09745
1.0888
1.07939
1.0694
1.05896
1.04826
1.03749
1.02685
1.01658
1.0069
0.998058
0.990279
0.983763
0.978648
0.974983
0.972737
0.971788
0.971936
0.972934
0.974513
0.97641
0.978411
0.980353
0.982143
0.983761
0.98525
0.986714
0.988287
0.990128
0.99239
0.995176
0.99852
1.00236
1.00652
1.01076
1.01482
1.01845
1.02148
1.0239
1.02582
1.02748
1.02922
1.03142
1.03444
1.03852
1.04379
1.05021
1.05756
1.06551
1.07365
1.08152
1.08868
1.0947
1.09925
1.10205
1.1029
1.1017
1.09843
1.09318
1.08614
1.07758
1.06789
1.05754
1.04711
1.0372
1.02842
1.02134
1.01642
1.01396
1.01412
1.01686
1.02197
1.02911
1.03786
1.04776
1.05832
1.06912
1.07976
1.08995
1.09943
1.10805
1.11572
1.12242
1.12819
1.13312
1.13732
1.14091
1.14401
1.1467
1.14901
1.15094
1.15244
1.15342
1.15375
1.15333
1.15202
1.14971
1.14629
1.14167
1.13578
1.12856
1.11995
1.10995
1.09858
1.0859
1.07206
1.05726
1.0418
1.02601
1.01032
0.995166
0.981005
0.968264
0.957297
0.948357
0.941565
0.936892
0.93418
0.933173
0.933547
0.934959
0.937085
0.93965
0.942436
0.945292
0.948153
0.951013
0.953923
0.956982
0.960323
0.964109
0.96851
0.973688
0.979792
0.986931
0.995154
1.00444
1.0147
1.02575
1.03736
1.04924
1.06111
1.07265
1.08361
1.09374
1.10284
1.11077
1.11742
1.12272
1.12662
1.12912
1.13021
1.12993
1.1283
1.12538
1.12123
1.11594
1.10963
1.10245
1.0946
1.08634
1.07793
1.06962
1.06165
1.05419
1.04734
1.04112
1.03547
1.03029
1.02543
1.02077
1.01622
1.01173
1.0073
1.00301
0.999001
0.995413
0.992398
0.990082
0.988553
0.987834
0.987895
0.988651
0.98998
0.991738
0.993778
0.995962
0.998161
1.00025
1.00213
1.00369
1.00486
1.00557
1.00582
1.00565
1.0052
1.00469
1.0044
1.00468
1.00585
1.00824
1.012
1.01719
1.02368
1.03116
1.03926
1.04757
1.0557
1.06336
1.07033
1.07653
1.08193
1.08658
1.09055
1.09393
1.0968
1.09923
1.10128
1.10297
1.10434
1.1054
1.10618
1.10672
1.10703
1.10717
1.10718
1.10713
1.10709
1.10713
1.10732
1.10772
1.10835
1.10923
1.11034
1.1116
1.11296
1.11433
1.1156
1.11669
1.11752
1.11803
1.11817
1.11793
1.11732
1.1164
1.11524
1.11396
1.11268
1.11154
1.11066
1.11012
1.10998
1.11025
1.1109
1.11187
1.11311
1.11452
1.11602
1.11753
1.11893
1.12015
1.12107
1.12158
1.12158
1.12095
1.11961
1.11748
1.11454
1.11076
1.1062
1.10096
1.09515
1.08895
1.08252
1.07602
1.06959
1.06331
1.05718
1.05117
1.04517
1.03909
1.03289
1.02658
1.02033
1.01442
1.00928
1.00542
1.00331
1.00331
1.00552
1.00979
1.01572
1.02277
1.03037
1.03805
1.04545
1.05238
1.05876
1.06461
1.06996
1.07486
1.07931
1.0833
1.08679
1.08972
1.09202
1.09364
1.09455
1.09471
1.09413
1.09282
1.09077
1.08799
1.08447
1.08023
1.07526
1.06958
1.06322
1.05625
1.0488
1.04102
1.03317
1.02554
1.0185
1.01241
1.00765
1.0045
1.00313
1.00353
1.00555
1.00887
1.01303
1.01754
1.02189
1.02565
1.02843
1.02998
1.03014
1.02885
1.02617
1.02225
1.01731
1.01166
1.00561
0.999509
0.993663
0.988348
0.983759
0.980017
0.977189
0.975321
0.97444
0.974609
0.975929
0.978528
0.982527
0.98803
0.995085
1.00367
1.01366
1.02487
1.03704
1.04985
1.06294
1.07597
1.08859
1.10047
1.11134
1.121
1.1293
1.13618
1.14161
1.14565
1.14836
1.14986
1.15021
1.14946
1.14764
1.14473
1.14069
1.13549
1.12912
1.12159
1.11298
1.10343
1.09312
1.08229
1.0712
1.06014
1.04938
1.03914
1.02963
1.02099
1.01333
1.00673
1.00127
0.997001
0.993966
0.992162
0.991542
0.992005
0.993408
0.995578
0.998341
1.00153
1.00502
1.0087
1.01252
1.01644
1.02043
1.02446
1.0285
1.03252
1.0365
1.04041
1.04423
1.04797
1.05164
1.05528
1.05891
1.06257
1.06626
1.06995
1.07358
1.07702
1.08011
1.08266
1.08448
1.08542
1.08535
1.08422
1.0821
1.07916
1.07567
1.07198
1.06854
1.06578
1.0641
1.06379
1.06498
1.06762
1.07148
1.0762
1.08132
1.08638
1.09091
1.09451
1.09688
1.09781
1.09724
1.09521
1.09184
1.08733
1.08192
1.07583
1.0693
1.0625
1.05559
1.04874
1.04211
1.03591
1.03042
1.02594
1.02281
1.02135
1.02182
1.02437
1.029
1.03554
1.04363
1.05282
1.06256
1.07231
1.08152
1.08977
1.09667
1.10198
1.10554
1.1073
1.10725
1.10549
1.10213
1.09734
1.09129
1.08414
1.07603
1.06711
1.05746
1.04716
1.03628
1.02491
1.01315
1.00114
0.989086
0.977203
0.965757
0.955011
0.945215
0.936579
0.929244
0.92327
0.918641
0.915282
0.913092
0.911961
0.911814
0.912604
0.914325
0.916975
0.920535
0.924931
0.930021
0.935604
0.94145
0.947333
0.953085
0.958616
0.963916
0.969039
0.974066
0.979086
0.984158
0.9893
0.994486
0.999663
1.00478
1.00979
1.01467
1.01944
1.02413
1.02876
1.03338
1.03796
1.04243
1.04667
1.05049
1.05367
1.05597
1.05716
1.05705
1.05551
1.05249
1.04804
1.04233
1.03562
1.02829
1.02079
1.01364
1.00738
1.0025
0.999393
0.998277
0.999196
1.002
1.00636
1.01184
1.01796
1.02423
1.03024
1.03567
1.04033
1.04419
1.04733
1.04996
1.05231
1.05466
1.05718
1.06002
1.06321
1.06665
1.07017
1.07356
1.07654
1.07889
1.08037
1.08083
