1.09669
1.09292
1.08937
1.0864
1.08431
1.08328
1.08331
1.08429
1.086
1.08821
1.09073
1.09346
1.09634
1.09936
1.10248
1.10568
1.10893
1.11217
1.11538
1.11853
1.12159
1.12456
1.12743
1.1302
1.13287
1.13543
1.13786
1.14017
1.14234
1.14439
1.14633
1.14822
1.15008
1.15199
1.15398
1.15611
1.1584
1.16087
1.16349
1.16625
1.16908
1.17191
1.17463
1.17717
1.17943
1.18131
1.18277
1.18379
1.18438
1.18461
1.18456
1.18436
1.18414
1.18401
1.18407
1.18432
1.18472
1.18511
1.18527
1.18491
1.18371
1.18136
1.17758
1.17216
1.16496
1.15594
1.14516
1.13276
1.11898
1.1041
1.08849
1.07256
1.05675
1.04151
1.02727
1.01444
1.00334
0.994228
0.987281
0.982556
0.980019
0.979548
0.980939
0.98392
0.988192
0.993439
0.99936
1.00569
1.01221
1.01878
1.02532
1.03185
1.03843
1.04521
1.05231
1.05986
1.06792
1.07647
1.08536
1.09439
1.10324
1.11162
1.11922
1.12578
1.13114
1.13525
1.13813
1.1399
1.14074
1.14084
1.14039
1.13955
1.1384
1.13701
1.13538
1.13345
1.13118
1.12851
1.12539
1.12182
1.11781
1.11341
1.1087
1.10376
1.09869
1.09356
1.08844
1.08337
1.07833
1.07331
1.06824
1.06306
1.05772
1.05218
1.04644
1.04057
1.03473
1.02914
1.0241
1.01996
1.01707
1.01571
1.01605
1.01809
1.02162
1.02627
1.03157
1.03707
1.04239
1.04731
1.05176
1.05587
1.05986
1.06405
1.06876
1.07424
1.08067
1.08805
1.09624
1.105
1.11394
1.12266
1.13073
1.13777
1.14341
1.14739
1.14948
1.14957
1.14758
1.14354
1.13755
1.12981
1.12058
1.11023
1.09917
1.08789
1.07686
1.06658
1.05748
1.0499
1.04405
1.04001
1.03772
1.03697
1.03744
1.03873
1.04045
1.0422
1.04371
1.04476
1.04528
1.04529
1.04487
1.04422
1.04354
1.04305
1.04297
1.04348
1.04472
1.04675
1.04953
1.05297
1.0569
1.06109
1.06533
1.06935
1.07299
1.07607
1.07854
1.08036
1.08157
1.08223
1.08242
1.08223
1.08172
1.08094
1.07992
1.07868
1.07725
1.07567
1.07405
1.07251
1.07121
1.07032
1.07001
1.07038
1.0715
1.07338
1.07595
1.07916
1.0829
1.0871
1.09169
1.09661
1.10182
1.10729
1.11296
1.11879
1.12468
1.13055
1.13626
1.14168
1.14664
1.151
1.15458
1.15721
1.15874
1.15903
1.15796
1.15543
1.15136
1.14573
1.13855
1.12987
1.11978
1.10841
1.09596
1.08264
1.06873
1.05456
1.04053
1.02709
1.01472
1.00392
0.995139
0.988736
0.984907
0.983673
0.984848
0.98809
0.99295
0.998923
1.00552
1.01228
1.01886
1.02498
1.03046
1.03516
1.03902
1.04202
1.04415
1.0454
1.04578
1.04534
1.0441
1.04214
1.03956
1.0365
1.03315
1.0297
1.02639
1.02344
1.02106
1.0194
1.0186
1.01873
1.01987
1.02202
1.0252
1.0294
1.03461
1.04085
1.04812
1.05639
1.06566
1.07588
1.08695
1.09873
1.11104
1.12362
1.13621
1.1485
1.16018
1.17096
1.18056
1.18878
1.19544
1.20045
1.20377
1.20539
1.20538
1.20382
1.20085
1.19661
1.19128
1.18502
1.17803
1.17051
1.16268
1.15478
1.14711
1.13998
1.13374
1.12874
1.12528
1.1236
1.12382
1.12588
1.12959
1.13461
1.14055
1.14694
1.15333
1.15934
1.16462
1.16893
1.1721
1.17402
1.17466
1.17403
1.17217
1.16915
1.16505
1.15997
1.15398
1.14718
1.13965
1.1315
1.12286
1.11386
1.10469
1.09556
1.08674
1.07849
1.07113
1.06494
1.06019
1.05709
1.05579
1.05633
1.05866
1.06266
1.06811
1.0747
1.08208
1.08988
1.09771
1.10516
1.11188
1.1175
1.12176
1.12445
1.12544
1.12474
1.12245
1.1188
1.1141
1.10872
1.10305
1.09747
1.09229
1.08774
1.08393
1.08085
1.0784
1.0764
1.07459
1.07269
1.07042
1.06752
1.06379
1.05909
1.05338
1.04669
1.03918
1.03108
1.02267
1.01429
1.00626
0.998889
0.992401
0.986959
0.982643
0.979445
0.977298
0.976111
0.975778
0.976214
0.977364
0.979215
0.981793
0.98515
0.989365
0.994524
1.00069
1.00789
1.01612
1.02533
1.0354
1.04614
1.05734
1.06872
1.07998
1.09081
1.10091
1.11
1.11785
1.12431
1.12926
1.1327
1.1347
1.13538
1.13497
1.13372
1.1319
1.12978
1.12756
1.12539
1.12331
1.12132
1.11932
1.11724
1.11499
1.11254
1.10989
1.10715
1.10446
1.10202
1.10004
1.09876
1.09835
1.09892
1.10051
1.10303
1.10634
1.11019
1.1143
1.11838
1.12214
1.12534
1.1278
1.12937
1.12999
1.12963
1.12834
1.12622
1.12341
1.12011
1.11655
1.11299
1.10971
1.10697
1.105
1.10399
1.10404
1.10518
1.10737
1.11048
1.11435
1.11875
1.12343
1.12814
1.13262
1.13662
1.13991
1.14232
1.1437
1.14396
1.14306
1.14099
1.13783
1.13366
1.12864
1.12295
1.1168
1.11042
1.10401
1.09777
1.09189
1.08654
1.08189
1.07812
1.0754
1.07389
1.07371
1.07494
1.07755
1.08142
1.08627
1.09176
1.09743
1.10283
1.10761
1.1115
1.1144
1.11634
1.11746
1.11801
1.11826
1.11849
1.11889
1.11963
1.12074
1.12217
1.12377
1.12535
1.12663
1.12734
1.12723
1.1261
1.12382
1.12038
1.11588
1.11052
1.10457
1.09839
1.09232
1.08669
1.08179
1.07785
1.07504
1.0735
1.07331
1.07454
1.07721
1.08128
1.08669
1.09328
1.10089
1.10925
1.11808
1.12709
1.13593
1.14431
1.1519
1.15846
1.16373
1.16756
1.16983
1.17051
1.16966
1.16744
1.1641
1.15995
1.15531
1.15051
1.14574
1.14113
1.13666
1.1322
1.12757
1.12257
1.11707
1.111
1.10442
1.09748
1.09043
1.08359
1.07731
1.07192
1.06771
1.06493
1.06371
1.06409
1.06602
1.06936
1.07389
1.07938
1.08558
1.09227
1.09925
1.10639
1.11357
1.12069
1.12771
1.13451
1.14099
1.14698
1.15227
1.15661
1.15971
1.1613
1.16109
1.15887
1.15449
1.1479
1.13916
1.1285
1.11628
1.10307
1.08959
1.07671
1.06534
1.05633
1.05037
1.04782
1.04872
1.05281
1.0596
1.06848
1.07879
1.08995
1.10141
1.11271
1.12345
1.1333
1.14198
1.14925
1.15491
1.15882
1.16087
1.16098
1.15912
1.15532
1.14966
1.14227
1.13336
1.12321
1.11217
1.10062
1.08901
1.07774
1.0672
1.05773
1.04959
1.04295
1.03792
1.03452
1.03277
1.03263
1.03404
1.03697
1.04138
1.04721
1.05436
1.06271
1.0721
1.08232
1.0931
1.10418
1.11529
1.12615
1.13652
1.1462
1.15502
1.16285
1.16959
1.17519
1.17961
1.18282
1.18481
1.18559
1.18516
1.18353
1.18072
1.17672
1.17154
1.1652
1.15771
1.14912
1.13947
1.12884
1.11734
1.10512
1.09238
1.07937
1.06638
1.05377
1.04192
1.03119
1.02194
1.01446
1.00896
1.00557
1.00431
1.00511
1.00782
1.01226
1.0182
1.02539
1.03361
1.04265
1.05231
1.06241
1.07275
1.08319
1.09356
1.10371
1.11349
1.12278
1.13146
1.1394
1.14652
1.15275
1.15802
1.1623
1.16554
1.16772
1.16881
1.16878
1.16762
1.16531
1.16186
1.15731
1.15176
1.14539
1.13843
1.1312
1.1241
1.11755
1.11204
1.10801
1.10585
1.10581
1.10798
1.11225
1.11831
1.12572
1.13391
1.14232
1.15042
1.15775
1.164
1.16893
1.17244
1.17449
1.17509
1.17433
1.17232
1.16918
1.1651
1.16025
1.15479
1.1489
1.14269
1.13628
1.12972
1.12305
1.1163
1.10951
1.10273
1.09604
1.08953
1.08334
1.0776
1.07243
1.06796
1.06429
1.06147
1.05955
1.05852
1.05836
1.05901
1.06038
1.06236
1.06483
1.06765
1.07066
1.0737
1.07659
1.0792
1.08139
1.08308
1.08424
1.08491
1.08522
1.08537
1.08561
1.08622
1.08744
1.08943
1.09226
1.09588
1.10016
1.10494
1.11004
1.11531
1.12064
1.12598
1.1313
1.13662
1.14196
1.14732
1.15273
1.15818
1.16366
1.16916
1.17463
1.17997
1.18504
1.18966
1.19358
1.19656
1.19836
1.19877
1.19766
1.19497
1.19075
1.18512
1.17831
1.17063
1.16241
1.15402
1.14581
1.13809
1.13111
1.12502
1.1199
1.11574
1.11245
1.10989
1.10793
1.10642
1.10524
1.10428
1.10349
1.10279
1.10212
1.10143
1.10063
1.09964
1.09835
1.09667
1.09451
1.09182
1.08857
1.08478
1.08052
1.07586
1.0709
1.0658
1.06066
1.05559
1.05068
1.046
1.04159
1.03749
1.03374
1.03037
1.02741
1.02491
1.02288
1.02134
1.02029
1.01971
1.01955
1.0198
1.02041
1.02136
1.02261
1.02416
1.026
1.02814
1.0306
1.03339
1.03652
1.03995
1.04363
1.04748
1.05137
1.05515
1.05867
1.06179
1.0644
1.06643
1.06789
1.06884
1.06939
1.06969
1.06988
1.07004
1.07022
1.07039
1.07052
1.07054
1.07041
1.07011
1.06968
1.06917
1.06865
1.06822
1.06797
1.06799
1.06833
1.06902
1.07008
1.07149
1.07322
1.07524
1.07752
1.08004
1.08277
1.08566
1.08867
1.0917
1.09462
1.09729
1.09957
1.10132
1.10244
1.10288
1.10272
1.10209
1.10124
1.10052
1.1003
1.10095
1.10274
1.10582
1.11016
1.11556
1.12167
1.12803
1.13415
1.13955
1.14383
1.14665
1.14782
1.14723
1.14492
1.14101
1.13576
1.1295
1.12262
1.11554
1.10869
1.10241
1.09698
1.09254
1.08912
1.08671
1.08524
1.08467
1.08502
1.08636
1.08883
1.0926
1.0978
1.10447
1.11257
1.12191
1.1322
1.14306
1.1541
1.16491
1.17516
1.18455
1.19285
1.19989
1.20554
1.20967
1.2122
1.21304
1.21217
1.20962
1.20554
1.20016
1.19377
1.18678
1.1796
1.17256
1.16594
1.15984
1.15428
1.14913
1.14423
1.13942
1.13456
1.12953
1.12426
1.11873
1.11291
1.10683
1.10051
1.094
1.08735
1.08066
1.07403
1.06757
1.06139
1.0556
1.05029
1.04554
1.04138
1.03786
1.03503
1.03295
1.03168
1.03131
1.03188
1.03344
1.03597
1.03939
1.04361
1.0485
1.05391
1.05969
1.06573
1.07191
1.07813
1.08429
1.09031
1.0961
1.10158
1.10668
1.11134
1.1155
1.11912
1.12216
1.12461
1.12647
1.12776
1.12848
1.12867
1.12835
1.12755
1.12631
1.12467
1.12266
1.12032
1.11771
1.11487
1.11185
1.1087
1.10545
1.10214
1.09878
1.09537
1.0919
1.08833
1.08465
1.08081
1.0768
1.07262
1.0683
1.06389
1.05948
1.05515
1.05106
1.04733
1.04414
1.04162
1.03993
1.0392
1.0395
1.04089
1.04334
1.04676
1.051
1.05582
1.06096
1.06613
1.07101
1.07533
1.07886
1.0814
1.08287
1.08323
1.08251
1.08082
1.07827
1.07503
1.07126
1.06713
1.06282
1.05848
1.05429
1.0504
1.04698
1.04422
1.0423
1.04139
1.04168
1.0433
1.04632
1.05077
1.05656
1.06355
1.07151
1.08017
1.08924
1.09846
1.1076
1.11649
1.12502
1.1331
1.14071
1.14783
1.15444
1.16053
1.16605
1.17094
1.17512
1.17849
1.18097
1.18246
1.18292
1.18232
1.18063
1.17792
1.17422
1.16965
1.1643
1.1583
1.1518
1.14493
1.13787
1.1308
1.12394
1.11751
1.11173
1.10682
1.10296
1.10029
1.09887
1.09867
1.09959
1.10144
1.104
1.10702
1.11025
1.11344
1.1164
1.11896
1.12103
1.12253
1.12347
1.1239
1.12394
1.12378
1.12366
1.12382
1.12454
1.12601
1.12837
1.13164
1.13576
1.14054
1.14575
1.15112
1.15634
1.16115
1.1653
1.16859
1.17089
1.1721
1.17221
1.17128
1.16938
1.16664
1.1632
1.15919
1.15474
1.14996
1.14494
1.13977
1.13458
1.12948
1.12463
1.12018
1.11624
1.11292
1.11021
1.10809
1.10647
1.1052
1.10416
1.1032
1.10225
1.10124
1.10015
1.09897
1.09775
1.09651
1.09532
1.09427
1.09345
1.093
1.09304
1.0937
1.0951
1.0973
1.10033
1.10416
1.10868
1.11373
1.1191
1.12455
1.1298
1.13456
1.13855
1.14153
1.14332
1.14383
1.14307
1.14117
1.1384
1.13515
1.13188
1.12912
1.1274
1.12718
1.12877
1.13235
1.13788
1.14514
1.15374
1.16321
1.17301
1.18264
1.19166
1.19971
1.20649
1.21183
1.21561
1.21777
1.21831
1.21728
1.21476
1.21088
1.20581
1.19976
1.19297
1.18569
1.17819
1.17069
1.16343
1.15659
1.1503
1.14469
1.13982
1.13574
1.13248
1.13001
1.12828
1.12721
1.12669
1.12657
1.12674
1.12706
1.12741
1.12769
1.1278
1.12769
1.12729
1.12658
1.12553
1.12412
1.12236
1.12022
1.11771
1.11481
1.11151
1.10782
1.10374
1.09929
1.09451
1.08947
1.08429
1.07913
1.07424
1.06986
1.06626
1.06365
1.0621
1.06155
1.0618
1.06249
1.06319
1.06347
1.06294
1.06133
1.05849
1.05442
1.04926
1.04326
1.03674
1.03004
1.02351
1.01746
1.01216
1.0078
1.00456
1.00257
1.00194
1.00277
1.00517
1.00919
1.01485
1.0221
1.0308
1.04074
1.0516
1.06306
1.07472
1.08623
1.09726
1.10755
1.11689
1.12517
1.13235
1.13843
1.14349
1.14765
1.15106
1.15389
1.1563
1.15841
1.1603
1.162
1.16345
1.16458
1.16524
1.1653
1.16461
1.16305
1.16054
1.15705
1.15258
1.14721
1.14108
1.13437
1.12732
1.12022
1.11341
1.10723
1.10202
1.09807
1.0956
1.09472
1.09543
1.0976
1.10098
1.10525
1.11004
1.11497
1.11969
1.12389
1.12732
1.12979
1.13117
1.13137
1.13033
1.12804
1.1245
1.11976
1.11389
1.10696
1.0991
1.0905
1.08133
1.07185
1.06234
1.05314
1.04458
1.03702
1.03078
1.02615
1.0233
1.02231
1.02313
1.02563
1.02957
1.03473
1.04088
1.04784
1.05547
1.06368
1.07238
1.08149
1.09086
1.10036
1.10977
1.11892
1.12758
1.13555
1.14268
1.14881
1.15385
1.15771
1.16036
1.16182
1.16213
1.1614
1.15978
1.15745
1.15463
1.15153
1.14835
1.14528
1.14245
1.13994
1.13778
1.13595
1.13439
1.13298
1.13161
1.13015
1.12849
1.12656
1.12429
1.12167
1.11872
1.11549
1.11205
1.10848
1.10492
1.10154
1.09853
1.09616
1.09468
1.09431
1.09525
1.09756
1.10121
1.10603
1.11175
1.11805
1.12461
1.13112
1.13734
1.14308
1.1482
1.15258
1.15614
1.15881
1.16058
1.16142
1.16135
1.1604
1.15863
1.15613
1.15299
1.14933
1.14529
1.14099
1.13658
1.13216
1.12785
1.12369
1.11975
1.11604
1.11256
1.1093
1.10623
1.10334
1.10062
1.09806
1.09564
1.09335
1.09117
1.08908
1.08703
1.08498
1.08287
1.08065
1.0783
1.07581
1.07319
1.07051
1.06782
1.06523
1.06282
1.06068
1.05888
1.05745
1.05643
1.05581
1.05557
1.05568
1.05608
1.05671
1.0575
1.05837
1.05931
1.06033
1.06147
1.06281
1.06443
1.06639
1.06869
1.0713
1.07413
1.07702
1.07981
1.08226
1.08415
1.08525
1.08536
1.08432
1.08205
1.07857
1.07397
1.06844
1.06228
1.05583
1.0495
1.04371
1.03889
1.03545
1.0337
1.03392
1.03624
1.04065
1.04702
1.05511
1.06455
1.07492
1.08579
1.09673
1.10734
1.11733
1.12644
1.13451
1.14142
1.14712
1.15157
1.15474
1.15658
1.15703
1.15601
1.15342
1.14917
1.14319
1.13544
1.12593
1.11475
1.10206
1.08809
1.07314
1.05754
1.04164
1.02579
1.0103
0.995427
0.981365
0.968251
0.956184
0.945243
0.935511
0.927087
0.920078
0.914616
0.910838
0.908862
0.908753
0.910513
0.914067
0.919271
0.925937
0.933831
0.942725
0.952401
0.962662
0.973324
0.984209
0.995135
1.00588
1.01618
1.02573
1.0342
1.04125
1.04655
1.04983
1.05088
1.0496
1.04598
1.04017
1.03243
1.02314
1.01282
1.00206
0.991516
0.981865
0.973748
0.967717
0.964201
0.963462
0.965597
0.970505
0.977937
0.987513
0.998762
1.01115
1.02416
1.03726
1.05
1.06199
1.07295
1.08266
1.091
1.09792
1.10343
1.10757
1.11044
1.11215
1.11286
1.11274
1.112
1.1108
1.10929
1.10751
1.10547
1.10308
1.10023
1.09683
1.09278
1.0881
1.08285
1.07719
1.07131
1.06545
1.05987
1.05481
1.05047
1.04703
1.04455
1.04309
1.04261
1.04304
1.04427
1.04619
1.04866
1.05155
1.05471
1.05803
1.06135
1.06454
1.06746
1.06997
1.07195
1.07328
1.07386
1.07365
1.0726
1.07074
1.06811
1.06478
1.06086
1.05648
1.0518
1.04698
1.04222
1.03769
1.03362
1.03023
1.02774
1.02636
1.02628
1.02766
1.03058
1.03504
1.04093
1.0481
1.05626
1.06509
1.07423
1.0833
1.09192
1.09976
1.10652
1.11198
1.11595
1.11831
1.11901
1.11803
1.11541
1.11129
1.10585
1.09939
1.09228
1.085
1.07808
1.07205
1.06744
1.06465
1.06394
1.0654
1.0689
1.07418
1.08084
1.08844
1.09652
1.10469
1.11258
1.11991
1.12641
1.1319
1.13621
1.13916
1.14062
1.14047
1.1386
1.13501
1.12979
1.12316
1.11551
1.10744
1.09963
1.09281
1.08758
1.08429
1.083
1.08344
1.08517
1.08763
1.09035
1.09293
1.09511
1.09678
1.09792
1.09856
1.09882
1.0988
1.09864
1.09844
1.09828
1.0982
1.09822
1.09832
1.09848
1.09867
1.09885
1.09902
1.09919
1.0994
1.09968
1.10011
1.10072
1.10157
1.10268
1.10409
1.1058
1.10781
1.11009
1.1126
1.1153
1.11813
1.12101
1.12388
1.12669
1.12938
1.13191
1.13425
1.13638
1.13829
1.13995
1.14133
1.14239
1.14304
1.14319
1.14272
1.14149
1.13938
1.13626
1.13203
1.12666
1.12015
1.11263
1.10436
1.09579
1.08753
1.08034
1.07501
1.07213
1.07193
1.07419
1.07825
1.08324
1.08825
1.09254
1.09565
1.09739
1.09782
1.09713
1.09563
1.09367
1.09155
1.08952
1.08773
1.08625
1.08506
1.08407
1.08313
1.08208
1.08077
1.07908
1.07695
1.07438
1.07145
1.06828
1.06509
1.06212
1.05961
1.05783
1.057
1.05729
1.05883
1.06166
1.06573
1.07095
1.07714
1.08407
1.09148
1.09912
1.10671
1.11402
1.12084
1.127
1.13239
1.13692
1.14056
1.1433
1.14519
1.14629
1.14673
1.14662
1.14614
1.14546
1.14474
1.14416
1.14382
1.14378
1.14406
1.14461
1.14534
1.14613
1.14684
1.14733
1.14747
1.14714
1.14624
1.14466
1.14231
1.1391
1.13492
1.12968
1.12332
1.11582
1.10721
1.09761
1.08726
1.07644
1.06557
1.05512
1.0456
1.03748
1.03122
1.02713
1.02542
1.02612
1.02906
1.03397
1.04041
1.04789
1.05588
1.06388
1.07144
1.07822
1.08395
1.0885
1.09184
1.09402
1.09521
1.09559
1.09541
1.09493
1.09439
1.09404
1.09407
1.09462
1.09578
1.0976
1.10006
1.1031
1.10664
1.11058
1.11482
1.11925
1.12378
1.12828
1.13267
1.13683
1.14065
1.14404
1.14689
1.14916
1.15083
1.15195
1.15262
1.15296
1.15314
1.15329
1.1535
1.15379
1.15412
1.15435
1.15428
1.1537
1.15241
1.15024
1.14709
1.14293
1.13782
1.1319
1.12534
1.11837
1.11125
1.10422
1.09752
1.09136
1.08588
1.08116
1.07718
1.07389
1.07116
1.06884
1.06678
1.06484
1.06292
1.06096
1.05897
1.05698
1.05509
1.05341
1.05209
1.05126
1.05103
1.0515
1.05271
1.05467
1.05735
1.06069
1.06458
1.06892
1.0736
1.07849
1.08346
1.08841
1.09327
1.09797
1.10249
1.10686
1.1111
1.11528
1.11945
1.12361
1.12777
1.13182
1.13564
1.13902
1.14171
1.14347
1.14405
1.14328
1.14104
1.13734
1.13234
1.12632
1.11969
1.11295
1.10664
1.10122
1.09707
1.09438
1.09319
1.09336
1.09469
1.0969
1.09974
