1.39766
1.38823
1.37171
1.34832
1.3183
1.28183
1.23917
1.19068
1.13684
1.0783
1.01582
0.950365
0.883054
0.81517
0.748126
0.683422
0.622558
0.566963
0.517893
0.476361
0.443063
0.418331
0.402132
0.394076
0.393476
0.399412
0.410808
0.426507
0.445334
0.466156
0.487928
0.509725
0.530749
0.550343
0.567999
0.583335
0.596101
0.606167
0.613492
0.618129
0.620207
0.619916
0.617505
0.613255
0.607483
0.600519
0.592704
0.584377
0.575884
0.567539
0.559639
0.552462
0.546259
0.541265
0.537693
0.535731
0.535547
0.537292
0.54107
0.546956
0.554984
0.565142
0.577347
0.591449
0.607238
0.62443
0.642684
0.661611
0.680804
0.699835
0.718289
0.735805
0.752032
0.766688
0.779551
0.790459
0.799328
0.806124
0.810897
0.813751
0.814857
0.814418
0.812687
0.809919
0.806389
0.802364
0.798109
0.793852
0.789762
0.785957
0.782536
0.77952
0.776895
0.774618
0.772606
0.770781
0.769034
0.76729
0.765474
0.763509
0.761354
0.758975
0.756341
0.753431
0.75024
0.746776
0.743047
0.739081
0.734924
0.730606
0.726197
0.721787
0.717469
0.713358
0.709586
0.706295
0.703627
0.701715
0.700668
0.700572
0.701489
0.70341
0.706276
0.709976
0.714358
0.719241
0.724434
0.729741
0.735005
0.74009
0.744924
0.749464
0.75371
0.757688
0.761431
0.764987
0.768379
0.771597
0.774616
0.777394
0.779872
0.781987
0.783667
0.784867
0.785566
0.785752
0.785429
0.784635
0.783412
0.781805
0.779859
0.777623
0.775138
0.772421
0.769471
0.76628
0.762818
0.759067
0.755019
0.750696
0.746158
0.741508
0.736865
0.732379
0.728228
0.724593
0.721622
0.719411
0.717989
0.717294
0.717196
0.717514
0.718009
0.718429
0.718526
0.718081
0.716907
0.714871
0.711888
0.707937
0.703044
0.697293
0.690828
0.68383
0.676519
0.66915
0.661968
0.655226
0.649146
0.643915
0.639689
0.63658
0.634662
0.63396
0.634472
0.636147
0.638924
0.642724
0.64743
0.652904
0.658991
0.665509
0.672257
0.679003
0.685499
0.691489
0.696734
0.701005
0.7041
0.705853
0.706151
0.704935
0.702215
0.698048
0.69257
0.68596
0.678451
0.670323
0.661888
0.653465
0.645404
0.638056
0.631758
0.626833
0.623552
0.622127
0.622715
0.625415
0.630258
0.637194
0.646108
0.656819
0.669113
0.682717
0.697326
0.712615
0.728257
0.743915
0.759262
0.773991
0.787817
0.800502
0.811846
0.821673
0.829884
0.836422
0.841268
0.84447
0.846116
0.846325
0.845267
0.843124
0.840099
0.836417
0.8323
0.827943
0.823519
0.819147
0.814903
0.810797
0.806789
0.802779
0.798652
0.79429
0.789582
0.784457
0.778896
0.772919
0.766617
0.760102
0.753507
0.746951
0.740541
0.734341
0.728376
0.722645
0.717138
0.711848
0.706764
0.701885
0.697227
0.692788
0.688589
0.684634
0.680917
0.677431
0.674184
0.671164
0.668366
0.665828
0.663596
0.661752
0.660374
0.659566
0.659439
0.660076
0.661548
0.663883
0.667086
0.671108
0.67587
0.681281
0.687214
0.693542
0.700147
0.706919
0.713757
0.720577
0.727309
0.733873
0.740198
0.746216
0.751841
0.756967
0.761472
0.765208
0.768022
0.769756
0.77026
0.769412
0.767122
0.763383
0.758248
0.751879
0.74451
0.736455
0.72809
0.719823
0.712048
0.705108
0.699244
0.69457
0.691071
0.688601
0.68694
0.685838
0.685066
0.684452
0.683911
0.683454
0.683147
0.683106
0.68348
0.684415
0.686017
0.688347
0.691411
0.69515
0.699462
0.704212
0.709236
0.714394
0.719552
0.724593
0.729418
0.733957
0.738148
0.741938
0.74527
0.748097
0.750384
0.752102
0.753251
0.753858
0.75396
0.753625
0.752939
0.752015
0.750999
0.750024
0.749223
0.748709
0.748582
0.748892
0.749654
0.750833
0.752369
0.754168
0.756085
0.757984
0.759733
0.761208
0.762317
0.762984
0.763171
0.762885
0.762146
0.761018
0.759553
0.75779
0.755768
0.753523
0.751077
0.748462
0.745713
0.742895
0.740064
0.737288
0.73464
0.732208
0.730055
0.728226
0.72675
0.725647
0.72492
0.72454
0.724476
0.724682
0.725078
0.725578
0.726099
0.726563
0.726906
0.727075
0.727043
0.726799
0.726364
0.725777
0.725068
0.72429
0.723512
0.722809
0.722272
0.721981
0.721973
0.722282
0.722914
0.723865
0.725107
0.726582
0.728214
0.729917
0.731608
0.733201
0.734643
0.735883
0.736913
0.737727
0.738348
0.738829
0.73923
0.739603
0.74
0.740427
0.740851
0.741209
0.741397
0.741275
0.740696
0.739516
0.737629
0.734981
0.731561
0.727414
0.722629
0.717377
0.711865
0.706337
0.701049
0.69625
0.692169
0.68899
0.686844
0.685801
0.68586
0.68695
0.688948
0.691673
0.694907
0.69842
0.701979
0.705335
0.708267
0.710593
0.712167
0.712887
0.71268
0.711523
0.709445
0.706499
0.702782
0.69841
0.693533
0.688328
0.682984
0.677712
0.672724
0.668266
0.664578
0.661891
0.660417
0.660333
0.661761
0.664782
0.66938
0.675473
0.682908
0.691479
0.700927
0.710967
0.721303
0.731642
0.741726
0.751326
0.760252
0.768362
0.775546
0.781733
0.78687
0.790943
0.793969
0.795987
0.797037
0.797175
0.796457
0.794947
0.792714
0.789845
0.786423
0.782532
0.778246
0.773656
0.768867
0.763946
0.758977
0.754034
0.749188
0.744482
0.739932
0.735541
0.731307
0.727218
0.723257
0.71943
0.715744
0.712265
0.709069
0.706286
0.704086
0.702642
0.702126
0.702688
0.704428
0.707363
0.71142
0.716439
0.722157
0.728263
0.734381
0.74014
0.745195
0.749264
0.752126
0.753668
0.753875
0.752831
0.750718
0.74779
0.744348
0.740719
0.737226
0.73412
0.731612
0.729847
0.728876
0.728664
0.729103
0.730027
0.731248
0.732568
0.733792
0.734748
0.735322
0.735432
0.735061
0.734252
0.73307
0.731622
0.730019
0.728374
0.726786
0.725317
0.723987
0.722784
0.721663
0.720548
0.71938
0.718094
0.716657
0.715068
0.713369
0.71164
0.709998
0.708602
0.707602
0.707148
0.707365
0.708334
0.71006
0.712454
0.715373
0.71861
0.721926
0.725078
0.727851
0.730054
0.731537
0.732202
0.732006
0.730948
0.729076
0.726469
0.723243
0.719509
0.715393
0.711025
0.706506
0.701925
0.697368
0.692901
0.688578
0.684457
0.680582
0.677017
0.673814
0.671038
0.668749
0.666999
0.665855
0.665377
0.665624
0.66664
0.668454
0.67106
0.674436
0.678522
0.683261
0.688568
0.694357
0.700527
0.706986
0.713636
0.720388
0.727118
0.733708
0.74004
0.74597
0.751338
0.755987
0.759775
0.762549
0.764201
0.764683
0.76399
0.762184
0.759414
0.75588
0.751813
0.747478
0.743124
0.738969
0.735207
0.731965
0.729316
0.727286
0.725875
0.725065
0.724813
0.725081
0.72582
0.726973
0.728484
0.730303
0.732385
0.734669
0.737099
0.739614
0.742172
0.744678
0.747056
0.749237
0.751128
0.752616
0.753616
0.754005
0.753672
0.752521
0.750489
0.747548
0.743708
0.739018
0.733586
0.727566
0.721138
0.714534
0.707986
0.701727
0.695966
0.690894
0.686671
0.683396
0.681112
0.679829
0.679499
0.680026
0.681288
0.683119
0.685339
0.687774
0.690234
0.692563
0.694638
0.696384
0.697779
0.698851
0.699658
0.700262
0.70075
0.701185
0.701621
0.702082
0.70257
0.703088
0.703636
0.704232
0.704917
0.705755
0.706832
0.708238
0.710058
0.712351
0.715152
0.718461
0.722236
0.726378
0.730755
0.735198
0.739532
0.743573
0.747175
0.750197
0.752542
0.754143
0.754977
0.755034
0.75433
0.752905
0.7508
0.74806
0.744742
0.740925
0.73674
0.732341
0.727965
0.72388
0.720382
0.71775
0.716182
0.715779
0.716525
0.718285
0.720844
0.723951
0.727365
0.730871
0.734314
0.737601
0.740695
0.743578
0.746274
0.748835
0.751313
0.753752
0.756208
0.758726
0.761319
0.763967
0.76662
0.769186
0.771568
0.773645
0.775287
0.776377
0.776826
0.776559
0.775543
0.773753
0.771169
0.767775
0.763564
0.758543
0.75273
0.746158
0.738901
0.731058
0.722782
0.714273
0.705766
0.697517
0.689794
0.682845
0.676902
0.672143
0.668696
0.666618
0.665937
0.666621
0.668622
0.671857
0.676201
0.681512
0.687646
0.694438
0.701694
0.709197
0.716707
0.723971
0.730745
0.736793
0.741936
0.746038
0.749043
0.750954
0.751863
0.751886
0.751191
0.749929
0.748235
0.7462
0.74388
0.741302
0.738475
0.735399
0.732092
0.728605
0.724989
0.721312
0.717659
0.714117
0.710774
0.707707
0.705001
0.70271
0.70088
0.699564
0.698801
0.698618
0.699034
0.700044
0.701613
0.703694
0.7062
0.709034
0.712073
0.715185
0.718234
0.721083
0.72361
0.725703
0.727301
0.728363
0.728873
0.72884
0.728299
0.727313
0.725955
0.724322
0.722522
0.720626
0.718699
0.716772
0.714875
0.713029
0.711225
0.709448
0.707687
0.705937
0.704196
0.702472
0.700791
0.699185
0.697691
0.696353
0.695195
0.694257
0.693563
0.69314
0.692991
0.693118
0.693512
0.694159
0.695052
0.696179
0.697531
0.699096
0.700864
0.702837
0.70502
0.707414
0.710025
0.712869
0.715946
0.719253
0.722783
0.726506
0.73037
0.734282
0.738155
0.741847
0.745203
0.748065
0.75027
0.751666
0.752104
0.75146
0.749638
0.746603
0.742352
0.736967
0.730549
0.723273
0.715363
0.707105
0.698806
0.690789
0.683385
0.676918
0.671677
0.667913
0.665822
0.665531
0.667083
0.670439
0.675485
0.682031
0.689842
0.698638
0.708117
0.717967
0.727914
0.737697
0.747123
0.75604
0.76436
0.77205
0.779124
0.785607
0.791519
0.796894
0.801732
0.80601
0.809693
0.812719
0.815015
0.816498
0.817109
0.816819
0.815623
0.813537
0.810596
0.806848
0.802363
0.797203
0.791447
0.785191
0.778519
0.771505
0.764238
0.756807
0.749287
0.741748
0.734268
0.726933
0.719808
0.712959
0.706446
0.70032
0.694629
0.689454
0.684884
0.681003
0.677944
0.67585
0.674865
0.675143
0.676775
0.67979
0.684152
0.689705
0.696197
0.703282
0.710568
0.717631
0.724058
0.729481
0.733625
0.736278
0.737335
0.736786
0.734705
0.731242
0.726594
0.721001
0.714739
0.708098
0.701385
0.694892
0.688886
0.683627
0.679343
0.676223
0.674433
0.674094
0.675279
0.67798
0.682131
0.687604
0.694184
0.701599
0.709524
0.717612
0.725485
0.732783
0.739166
0.744324
0.748025
0.750117
0.750519
0.749261
0.746496
0.742494
0.737613
0.732312
0.727079
0.722373
0.718572
0.715911
0.714467
0.714154
0.714798
0.716193
0.718138
0.720464
0.723038
0.725772
0.728619
0.731536
0.734487
0.737414
0.740259
0.742959
0.745421
0.74759
0.749413
0.750867
0.751921
0.752525
0.752632
0.752198
0.751147
0.749398
0.746878
0.743558
0.739467
0.734706
0.729437
0.723906
0.718446
0.713405
0.709128
0.705931
0.704063
0.70369
0.704871
0.707553
0.711574
0.71669
0.722604
0.728954
0.735396
0.741603
0.74725
0.752069
0.755848
0.758425
0.75969
0.759586
0.758099
0.755276
0.751204
0.746035
0.739953
0.733209
0.726093
0.718924
0.712062
0.705846
0.700605
0.696634
0.694157
0.69329
0.694053
0.696351
0.699999
0.704742
0.710304
0.716385
0.722707
0.729015
0.735099
0.740806
0.746027
0.75067
0.754705
0.75813
0.760962
0.763246
0.765055
0.766465
0.76756
0.768418
0.76911
0.769676
0.770138
0.770484
0.770672
0.770662
0.770394
0.769809
0.768858
0.767498
0.765696
0.763439
0.760719
0.757527
0.75387
0.749738
0.745121
0.739999
0.734364
0.728232
0.721638
0.714669
0.707458
0.700215
0.693179
0.686658
0.680965
0.676409
0.673242
0.671624
0.671619
0.673162
0.676074
0.680105
0.684913
0.690139
0.695418
0.700408
0.704799
0.708317
0.710756
0.711959
0.71183
0.710333
0.707495
0.703424
0.69831
0.6924
0.686013
0.679522
0.67332
0.667807
0.663336
0.6602
0.658609
0.658685
0.660475
0.6639
0.668848
0.675158
0.682656
0.691158
0.700486
0.710461
0.720906
0.731642
0.742486
0.753248
0.763725
0.773713
0.783
0.791375
0.798661
0.804695
0.809357
0.812565
0.814271
0.814496
0.813302
0.810815
0.807199
0.80263
0.797317
0.791467
0.78528
0.778942
0.772616
0.766446
0.760536
0.754962
0.749787
0.745041
0.740697
0.736703
0.732972
0.729401
0.725876
0.722254
0.718412
0.714232
0.70964
0.704605
0.69915
0.693328
0.687268
0.681125
0.675084
0.669365
0.664196
0.65976
0.656232
0.653738
0.652361
0.652133
0.653054
0.655077
0.658144
0.662162
0.667062
0.672785
0.679253
0.686403
0.694151
0.702411
0.711067
0.719972
0.72893
0.737711
0.746079
0.753775
0.760539
0.766125
0.770318
0.77295
0.773881
0.773053
0.770467
0.766176
0.760319
0.753091
0.744719
0.735489
0.725692
0.71564
0.705653
0.696029
0.687047
0.678956
0.671978
0.666281
0.662005
0.659218
0.65795
0.658188
0.659884
0.66295
0.667257
0.672646
0.678961
0.68604
0.693728
0.701886
0.710379
0.719082
0.727877
0.736665
0.745353
0.753841
0.762021
0.769778
0.776992
0.783551
0.789349
0.794291
0.7983
0.801334
0.803378
0.804452
0.804625
0.803969
0.802601
0.800655
0.798273
0.795586
0.79273
0.789831
0.786986
0.784268
0.781689
0.779224
0.776787
0.774255
0.771488
0.768314
0.764556
0.760062
0.754706
0.748387
0.741057
0.732731
0.723484
0.713436
0.702767
0.691723
0.680601
0.669729
0.659456
0.650133
0.642086
0.635585
0.630833
0.627934
0.626905
0.627665
0.630056
0.633866
0.638848
0.644742
0.651293
0.658276
0.665491
0.672765
0.67997
0.687027
0.693904
0.700587
0.707117
0.713534
0.719887
0.726229
0.732589
0.738974
0.745344
0.751612
0.757661
0.76333
0.768455
0.772867
0.776407
0.778956
0.780439
0.780838
0.780183
0.778547
0.776053
0.772854
0.76913
0.765076
0.760882
0.756692
0.752651
0.748886
0.745501
0.742585
0.740211
0.738451
0.737351
0.736945
0.73726
0.738317
0.740119
0.742631
0.745774
0.749429
0.753411
0.757515
0.761476
0.765027
0.767913
0.769907
0.77083
0.770581
0.769093
0.766355
0.762437
0.75745
0.751576
0.74503
0.738052
0.730914
0.723893
0.71725
0.711225
0.706
0.701724
0.698502
0.696385
0.695371
0.695406
0.696415
0.69827
0.700834
0.703944
0.707425
0.711104
0.714796
0.718337
0.721588
0.724424
0.726721
0.728386
0.729337
0.72952
0.728892
0.727426
0.725109
0.721962
0.718025
0.713372
0.708127
0.702448
0.696554
0.690728
0.685274
0.680508
0.676702
0.674076
0.672748
0.672745
0.674025
0.676475
0.679951
0.684285
0.689298
0.694801
0.700603
0.706499
0.712297
0.717809
0.722873
0.727361
0.731182
0.734278
0.736623
0.738213
0.739083
0.739284
0.738881
0.737938
0.736542
0.734788
0.732773
0.73061
0.728372
0.726143
0.723998
0.722004
0.720239
0.718761
0.717634
0.716921
0.716685
0.716959
0.717758
0.719076
0.720869
0.723067
0.725564
0.728235
0.730918
0.733454
0.735698
0.737508
0.738779
0.739444
0.739458
0.738851
0.737649
0.735942
0.733841
0.731478
0.729013
0.726609
0.724415
0.72257
0.72119
0.72037
0.720176
0.720644
0.721768
0.723504
0.725773
0.728464
0.731444
0.734552
0.737603
0.740418
0.742809
0.744626
0.745748
0.746072
0.745561
0.744204
0.742035
0.739128
0.735571
0.73148
0.726972
0.722165
0.717211
0.712263
0.707494
0.703106
0.69932
0.696385
0.69454
0.693998
0.694949
0.697536
0.701796
0.707711
0.715177
0.723999
0.733927
0.74464
0.755775
0.766965
0.777831
0.788022
0.79722
0.805126
0.811469
0.816029
0.818622
0.819111
0.817392
0.813423
0.807221
0.798883
0.788562
0.776493
0.762967
0.748317
0.732919
0.717186
0.701527
0.686319
0.671934
0.658701
0.64693
0.63691
0.628885
0.623052
0.619553
0.618454
0.619745
0.623315
0.628977
0.636469
0.64546
0.655608
0.666535
0.67788
0.689272
0.700378
0.710887
0.720528
0.729076
0.736362
0.742255
0.746682
0.749628
0.751132
0.751289
0.75022
0.748087
0.74507
0.741403
0.737321
0.733092
0.728981
0.725248
0.722135
0.719856
0.71856
0.718322
0.719165
0.721025
0.7238
0.727353
0.731516
0.73614
0.741096
0.746284
0.751592
0.756951
0.762323
0.767666
0.772953
0.778159
0.78325
0.788187
0.792908
0.797337
0.801354
0.804849
0.807688
0.809739
0.810873
0.810975
0.809957
0.807756
0.804365
0.799815
0.794169
0.787528
0.78002
0.771794
0.763019
0.753889
0.744582
0.735285
0.726197
0.717488
0.709326
0.701841
0.695101
0.689141
0.683933
0.679424
0.675539
0.6722
0.669357
0.666999
0.665156
0.663916
0.663387
0.663707
0.665007
0.667392
0.670902
0.675531
0.681179
0.687676
0.694795
0.702239
0.709695
0.716836
0.723358
0.729
0.733551
0.73688
0.73893
0.739725
0.739339
0.73789
0.735524
0.732407
0.728694
0.724521
0.720027
0.715306
0.71043
0.705466
0.700475
0.695514
0.690652
0.68596
0.681522
0.67743
0.673796
0.670728
0.668349
0.666773
0.666095
0.666393
0.667712
0.670038
0.673334
0.677523
0.68249
0.688092
0.694169
0.700525
0.706982
0.713367
0.719542
0.725403
0.730874
0.735921
0.740542
0.744771
0.748647
0.752198
0.755441
0.758395
0.761039
0.763348
0.76528
0.766771
0.767781
0.768282
0.768258
0.767735
0.766749
0.765359
0.763673
0.761818
0.759905
0.758056
0.756358
0.754873
0.75362
0.752564
0.751633
0.7507
0.749625
0.748224
0.746332
0.743812
0.740561
0.736521
0.731702
0.726162
0.720026
0.713482
0.706761
0.700113
0.693812
0.688112
0.683223
0.679329
0.676543
0.674913
0.674445
0.675107
0.676837
0.67955
0.683185
0.687679
0.692973
0.699004
0.705724
0.713075
0.720986
0.729362
0.738079
0.746976
0.755859
0.764507
0.772659
0.780054
0.78644
0.79158
0.79527
0.79737
0.797804
0.796597
0.793863
0.789788
0.784634
0.778737
0.77243
0.766062
0.759933
0.754295
0.749319
0.745106
0.741695
0.739094
0.737279
0.736223
0.735879
0.736236
0.737266
0.738952
0.741282
0.744212
0.747662
0.751514
0.755611
0.759721
0.763614
0.767056
0.769836
0.771756
0.772644
0.77241
0.770993
0.768384
0.7646
0.759692
0.753719
0.746761
0.738943
0.730411
0.721351
0.711985
0.702574
0.693397
0.68474
0.676873
0.670044
0.664454
0.660241
0.657479
0.656192
0.656336
0.657837
0.66059
0.664457
0.669294
0.674954
0.681271
0.688092
0.695264
0.702617
0.709996
0.717248
0.724222
0.730773
0.736762
0.742053
0.7465
0.749957
0.752283
0.753363
0.753131
0.751565
0.748703
0.74464
0.739519
0.733542
0.726939
0.719974
0.712925
0.706073
0.69967
0.69393
0.689023
0.685081
0.682208
0.68047
0.67992
0.680563
0.682388
0.685372
0.689444
0.6945
0.700406
0.706993
0.714068
0.721395
0.728752
0.735926
0.742718
0.748942
0.754461
0.759172
0.763027
0.766016
0.768186
0.769636
0.770462
0.770797
0.770744
0.770388
0.769791
0.768988
0.767985
0.766781
0.765379
0.763784
0.762006
0.760053
0.75798
0.755804
0.753555
0.751261
0.748933
0.746552
0.74409
0.741526
0.738833
0.735993
0.732983
0.729811
0.726506
0.723116
0.719708
0.716353
0.71314
0.710158
0.70748
0.705177
0.703294
0.701856
0.700864
0.700296
0.700098
0.700196
0.700489
0.700862
0.701179
0.701302
0.701097
0.700468
0.699335
0.69765
0.695425
0.692725
0.689642
0.686318
0.682912
0.679601
0.676542
0.67387
0.671683
0.670045
0.668958
0.668387
0.668276
0.668565
0.669192
0.670113
0.67129
0.672711
0.674369
0.676278
0.678447
0.680861
0.683508
0.68635
0.689328
0.69239
0.695439
0.698389
0.70116
0.703683
0.705913
0.707837
0.709482
0.710924
0.712282
0.713695
0.715335
0.717351
0.719874
0.723003
0.726795
0.731253
0.736324
0.741911
0.747859
0.754002
0.760151
0.766104
0.771674
0.776677
0.780959
0.784386
0.786835
0.788224
0.788487
0.787569
0.78547
0.782217
0.777871
0.772517
0.766291
0.759366
0.751974
0.744363
0.736816
0.72963
0.723106
0.717534
0.713164
0.710191
0.708759
0.708957
0.71078
0.714156
0.718927
0.724856
0.731654
0.738979
0.746455
0.753695
