0.801936
0.803369
0.803934
0.803579
0.802278
0.800025
0.796872
0.792923
0.788323
0.783286
0.77809
0.773033
0.768438
0.764626
0.761853
0.760306
0.760089
0.761171
0.763408
0.766599
0.770491
0.774821
0.779343
0.783839
0.788139
0.792107
0.795665
0.798803
0.801555
0.804018
0.806331
0.808647
0.811148
0.813985
0.817245
0.820982
0.825166
0.829665
0.834264
0.838677
0.842587
0.84568
0.847669
0.848319
0.84748
0.845096
0.841217
0.83598
0.829616
0.82244
0.814801
0.80707
0.799599
0.792694
0.786564
0.78134
0.777057
0.773672
0.771083
0.769143
0.7677
0.766621
0.765805
0.765154
0.764634
0.764236
0.763977
0.763897
0.764031
0.764403
0.765036
0.765949
0.767153
0.768656
0.770457
0.772551
0.774933
0.777599
0.780532
0.783705
0.787081
0.790625
0.794263
0.797921
0.80154
0.805021
0.808256
0.811126
0.813512
0.815299
0.816374
0.81666
0.816107
0.814705
0.812462
0.80941
0.805596
0.801073
0.795914
0.790183
0.783959
0.77735
0.770483
0.763509
0.756599
0.749921
0.743636
0.737896
0.732822
0.728506
0.72502
0.722392
0.720663
0.719847
0.719939
0.720928
0.722789
0.725472
0.728892
0.732946
0.737511
0.742442
0.747586
0.752798
0.757961
0.762965
0.767726
0.772187
0.776321
0.780129
0.783639
0.786878
0.789876
0.792658
0.795246
0.797656
0.799888
0.801937
0.803807
0.805512
0.80705
0.808457
0.809761
0.811041
0.812372
0.813816
0.815419
0.817186
0.819105
0.821094
0.823042
0.824799
0.826206
0.827118
0.827393
0.826929
0.825657
0.82356
0.820664
0.81705
0.81281
0.808068
0.802949
0.797575
0.79205
0.786464
0.780903
0.775411
0.770009
0.764727
0.759594
0.754616
0.749825
0.745264
0.740991
0.73708
0.733637
0.730766
0.728559
0.727096
0.726438
0.72661
0.727632
0.729478
0.732103
0.735452
0.739459
0.744022
0.749053
0.754411
0.75996
0.765556
0.771045
0.776288
0.781168
0.785591
0.789469
0.792748
0.795389
0.797371
0.798674
0.799305
0.79927
0.798602
0.797328
0.795499
0.793175
0.790426
0.787345
0.784018
0.780552
0.777074
0.773698
0.770554
0.767792
0.76554
0.763913
0.762998
0.762846
0.763442
0.764736
0.766627
0.768968
0.771597
0.774344
0.777047
0.779572
0.781793
0.78362
0.78501
0.785963
0.786535
0.786813
0.786906
0.786958
0.787095
0.787435
0.788075
0.789086
0.790515
0.792375
0.794649
0.797311
0.800311
0.803598
0.807079
0.810631
0.814099
0.81731
0.820066
0.822173
0.823463
0.823822
0.823197
0.821603
0.819125
0.8159
0.812106
0.807948
0.803647
0.799438
0.795515
0.792056
0.789189
0.787029
0.785617
0.78495
0.784986
0.785627
0.786766
0.788286
0.790084
0.792032
0.794023
0.795974
0.797827
0.799561
0.801169
0.802657
0.804061
0.805424
0.806747
0.808013
0.809156
0.810037
0.810499
0.810357
0.809456
0.807654
0.80489
0.801206
0.796753
0.791775
0.786567
0.781453
0.776747
0.772722
0.769551
0.767326
0.766042
0.765658
0.766085
0.767211
0.768945
0.771202
0.773877
0.776879
0.780104
0.783465
0.786846
0.790156
0.793346
0.796385
0.799261
0.801987
0.804582
0.80707
0.809458
0.811719
0.813823
0.815712
0.817328
0.818599
0.819444
0.819807
0.819623
0.818844
0.817449
0.815401
0.812676
0.809245
0.805083
0.800175
0.794506
0.788055
0.780805
0.772739
0.763848
0.754161
0.743697
0.732522
0.720757
0.708598
0.696304
0.684218
0.672743
0.662347
0.653533
0.646787
0.642527
0.641071
0.642609
0.647177
0.654669
0.664852
0.677408
0.691954
0.708075
0.725331
0.743301
0.761572
0.779725
0.797367
0.814116
0.829596
0.843483
0.855488
0.865352
0.872894
0.877978
0.880566
0.880686
0.878452
0.874068
0.867822
0.860072
0.851243
0.841816
0.832274
0.82309
0.8147
0.807443
0.801549
0.797123
0.794128
0.792413
0.791733
0.791811
0.792359
0.793109
0.793847
0.794404
0.794678
0.794629
0.794246
0.793569
0.792664
0.791601
0.790462
0.789324
0.788249
0.787292
0.786505
0.785942
0.785607
0.785501
0.785586
0.785819
0.786145
0.78648
0.786741
0.786857
0.786756
0.786383
0.785711
0.784755
0.783589
0.782297
0.780999
0.77982
0.778882
0.778292
0.778152
0.77853
0.77947
0.78098
0.783048
0.785632
0.788669
0.792059
0.79569
0.799411
0.803054
0.806431
0.809363
0.811674
0.813209
0.813837
0.813457
0.811992
0.809403
0.80572
0.801022
0.795446
0.789185
0.782464
0.775541
0.768694
0.762195
0.756301
0.751233
0.74716
0.744221
0.742502
0.742058
0.742907
0.745047
0.748469
0.753134
0.758977
0.765902
0.773767
0.782395
0.79158
0.801075
0.810595
0.819837
0.828491
0.836239
0.842778
0.847813
0.85111
0.852476
0.851812
0.849143
0.84463
0.838536
0.831251
0.823231
0.814974
0.806967
0.79963
0.793275
0.788096
0.784173
0.781489
0.779944
0.779385
0.779626
0.780483
0.781762
0.783291
0.784919
0.786504
0.787914
0.789029
0.789727
0.789939
0.789607
0.788718
0.787283
0.785352
0.782993
0.78028
0.777292
0.774103
0.770758
0.767288
0.763716
0.760076
0.756391
0.752695
0.749046
0.745519
0.742189
0.739148
0.736486
0.734284
0.732648
0.731677
0.731455
0.732048
0.733502
0.735838
0.73904
0.743066
0.747838
0.753299
0.759379
0.766023
0.773205
0.780883
0.788997
0.79748
0.806194
0.814967
0.823569
0.831755
0.839262
0.845849
0.851305
0.855466
0.858245
0.85962
0.859652
0.858441
0.856143
0.852939
0.849
0.844491
0.839529
0.834159
0.828389
0.822176
0.815481
0.808303
0.800669
0.792657
0.784413
0.776146
0.768066
0.760382
0.75328
0.746888
0.741297
0.736543
0.732604
0.729443
0.727033
0.725339
0.724349
0.724075
0.724546
0.725798
0.727862
0.730757
0.734457
0.738909
0.743999
0.749584
0.755482
0.761479
0.767369
0.772914
0.77791
0.78215
0.785472
0.787735
0.788863
0.788831
0.787643
0.78538
0.782156
0.778119
0.773488
0.768496
0.763384
0.7584
0.753783
0.74977
0.746562
0.744331
0.743203
0.74327
0.74458
0.747129
0.750883
0.755762
0.761634
0.768352
0.775739
0.783564
0.791574
0.79949
0.807033
0.813908
0.819828
0.824516
0.827746
0.829324
0.829124
0.827095
0.823263
0.817739
0.810711
0.802425
0.793203
0.783415
0.773464
0.763782
0.754776
0.746812
0.740199
0.735181
0.731915
0.730469
0.730833
0.732889
0.73649
0.741428
0.747458
0.754322
0.761731
0.769383
0.776985
0.784263
0.790968
0.796878
0.801839
0.805734
0.808532
0.810291
0.811151
0.811302
0.810992
0.81048
0.810013
0.809825
0.810086
0.810885
0.812242
0.814087
0.816292
0.818672
0.821026
0.823153
0.824889
0.826106
0.826734
0.826754
0.826198
0.825152
0.823735
0.822044
0.820176
0.818216
0.816194
0.814111
0.81192
0.809563
0.806982
0.804139
0.801037
0.797698
0.794172
0.79055
0.786938
0.783433
0.780133
0.777114
0.774439
0.77214
0.770234
0.768711
0.767532
0.766648
0.765982
0.765426
0.764869
0.764221
0.763403
0.762367
0.761134
0.759757
0.758313
0.756911
0.755681
0.754718
0.754083
0.753796
0.753836
0.754166
0.754719
0.755442
0.756287
0.757254
0.758377
0.759721
0.761356
0.763335
0.765652
0.768245
0.770968
0.773621
0.77599
0.777857
0.779075
0.779562
0.779308
0.778379
0.776919
0.775106
0.773157
0.771263
0.769606
0.768321
0.767473
0.76707
0.767084
0.767448
0.768073
0.768863
0.769748
0.770686
0.771683
0.772733
0.773854
0.775094
0.776492
0.778088
0.779909
0.781982
0.784312
0.786858
0.789594
0.792467
0.795413
0.798376
0.801281
0.804078
0.806722
0.80921
0.811546
0.813781
0.815984
0.818257
0.820682
0.823338
0.826262
0.829458
0.83287
0.8364
0.839892
0.843148
0.845942
0.848053
0.849283
0.849475
0.848509
0.846335
0.842959
0.838439
0.832887
0.826448
0.819301
0.811615
0.803545
0.795238
0.78682
0.778382
0.769985
0.761671
0.753462
0.745395
0.737515
0.729896
0.722628
0.715827
0.709653
0.704271
0.699879
0.696683
0.694909
0.694772
0.696468
0.700138
0.705869
0.713666
0.723431
0.734961
0.747958
0.762038
0.776773
0.791692
0.806326
0.820224
0.832979
0.844255
0.853798
0.861412
0.866999
0.870562
0.87218
0.871982
0.870148
0.866906
0.862483
0.857103
0.850987
0.844312
0.837224
0.829831
0.822218
0.814453
0.806613
0.79877
0.791015
0.783444
0.776187
0.769394
0.763213
0.757797
0.753282
0.74978
0.747365
0.746046
0.745773
0.746441
0.747885
0.74988
0.752191
0.754581
0.756812
0.758685
0.760027
0.760727
0.760732
0.760052
0.758771
0.757027
0.755009
0.752943
0.751079
0.749675
0.748992
0.749243
0.750607
0.753208
0.757081
0.762156
0.768284
0.775219
0.782643
0.790205
0.79755
0.804347
0.810342
0.815344
0.819275
0.822154
0.824116
0.82539
0.826258
0.826977
0.827781
0.828817
0.830113
0.8316
0.833124
0.834494
0.835518
0.836042
0.835952
0.835191
0.833723
0.831571
0.828775
0.82539
0.821497
0.817176
0.812507
0.807568
0.80244
0.797194
0.791884
0.786571
0.781311
0.776172
0.771242
0.766628
0.762474
0.758912
0.756061
0.754017
0.752834
0.752498
0.752943
0.754023
0.755541
0.757286
0.759058
0.760688
0.762043
0.763047
0.763703
0.764068
0.764256
0.764391
0.764645
0.765175
0.766115
0.767574
0.769629
0.772301
0.775566
0.779374
0.78361
0.788132
0.792799
0.797448
0.801927
0.806117
0.80993
0.813312
0.816249
0.818758
0.820879
0.822656
0.824142
0.825393
0.82647
0.827387
0.828137
0.828725
0.829157
0.829424
0.829525
0.829462
0.829248
0.828897
0.828395
0.827715
0.826811
0.825608
0.824007
0.82187
0.819039
0.81534
0.810576
0.804589
0.79726
0.788534
0.778463
0.76722
0.755097
0.742508
0.729971
0.71808
0.707468
0.698737
0.6924
0.688841
0.688282
0.690739
0.696065
0.703975
0.714068
0.725889
0.738939
0.752727
0.766788
0.780672
0.79399
0.80639
0.817576
0.827306
0.835437
0.841866
0.846587
0.849632
0.851113
0.851192
0.850086
0.848029
0.845286
0.842098
0.838686
0.835232
0.831878
0.828699
0.825709
0.8229
0.820218
0.817595
0.814952
0.812203
0.809268
0.806109
0.80271
0.79908
0.795275
0.791393
0.78756
0.783908
0.780553
0.777573
0.775012
0.772865
0.771065
0.769541
0.768206
0.767007
0.765904
0.76491
0.764051
0.763374
0.762944
0.762832
0.763089
0.763758
0.76486
0.766394
0.768315
0.770536
0.772944
0.775401
0.777773
0.779892
0.781609
0.782833
0.783485
0.783565
0.783111
0.782233
0.781075
0.779837
0.778726
0.777967
0.777736
0.778183
0.77936
0.781242
0.783724
0.786634
0.789734
0.79278
0.79553
0.797769
0.799323
0.800092
0.800051
0.799223
0.797715
0.795667
0.793255
0.790671
0.788096
0.78571
0.783635
0.781953
0.780727
0.779973
0.77966
0.779728
0.780096
0.780654
0.781298
0.781936
0.782465
0.782824
0.782966
0.782894
0.782644
0.782236
0.781702
0.781055
0.780286
0.779344
0.778148
0.776595
0.774572
0.772012
0.768897
0.765262
0.761201
0.756876
0.752481
0.748239
0.744376
0.741094
0.738551
0.736881
0.736176
0.736488
0.73782
0.740146
0.743415
0.747551
0.752456
0.758019
0.764109
0.77059
0.777332
0.784209
0.791092
0.797839
0.804324
0.810406
0.815942
0.82081
0.824885
0.828098
0.830402
0.831798
0.832311
0.832009
0.830979
0.829328
0.827156
0.824532
0.821519
0.81814
0.814393
0.810288
0.805819
0.801003
0.795903
0.790612
0.785264
0.780025
0.775081
0.770619
0.766781
0.76369
0.761427
0.760046
0.759532
0.75986
0.760996
0.76289
0.765486
0.768682
0.772357
0.776365
0.780526
0.784617
0.788426
0.791738
0.794354
0.796138
0.796969
0.796781
0.795556
0.793335
0.7902
0.786261
0.781683
0.776682
0.771485
0.766348
0.761564
0.757413
0.754146
0.75202
0.75122
0.751894
0.754131
0.757942
0.763269
0.769999
0.777951
0.786891
0.79655
0.806604
0.816719
0.82656
0.835781
0.844055
0.851076
0.856573
0.860327
0.862185
0.862039
0.859876
0.855736
0.849741
0.842102
0.833072
0.822986
0.812207
0.801133
0.790175
0.779739
0.770171
0.761785
0.754817
0.749419
0.745655
0.743514
0.742911
0.743689
0.74564
0.748526
0.752081
0.756033
0.760138
0.764128
0.767786
0.770965
0.773558
0.775536
0.776926
0.777811
0.778317
0.77861
0.77889
0.779358
0.780189
0.781525
0.783444
0.785951
0.788977
0.792378
0.795962
0.799522
0.802839
0.805711
0.807996
0.809596
0.810463
0.810592
0.810025
0.808813
0.807006
0.804651
0.801791
0.79844
0.794574
0.790164
0.785151
0.779496
0.773169
0.766195
0.758655
0.75069
0.742521
0.73445
0.726854
0.720147
0.714749
0.711053
0.709366
0.709883
0.712645
0.717547
0.724355
0.73269
0.742104
0.752129
0.76231
0.772237
0.781531
0.789871
0.797018
0.80281
0.807146
0.809996
0.811395
0.811437
0.810273
0.808094
0.805135
0.801679
0.797978
0.794312
0.79091
0.787979
0.785679
0.784123
0.78338
0.783466
0.78432
0.785838
0.787876
0.790231
0.792671
0.794957
0.79687
0.798226
0.798879
0.798723
0.797696
0.795805
0.793075
0.789564
0.785393
0.780721
0.775724
0.770612
0.765618
0.760991
0.75696
0.753739
0.751502
0.750389
0.750501
0.751878
0.754525
0.758385
0.763383
0.769393
0.776271
0.783848
0.791952
0.800364
0.808863
0.817248
0.825309
0.832825
0.839592
0.84543
0.85016
0.853613
0.855634
0.856099
0.854922
0.85202
0.847365
0.840988
0.832962
0.823433
0.812596
0.800717
0.788097
0.775066
0.761979
0.7492
0.737059
0.725858
0.715825
0.707128
0.699862
0.694067
0.68974
0.686834
0.68529
0.685025
0.685963
0.688038
0.691203
0.695414
0.700609
0.706719
0.713668
0.721363
0.729681
0.738456
0.747524
0.756706
0.765789
0.774562
0.782839
0.790449
0.797242
0.803088
0.807929
0.81171
0.814416
0.81606
0.816707
0.816435
0.815363
0.813654
0.811515
0.80917
0.806895
0.804993
0.80377
0.803486
0.804337
0.806426
0.809722
0.814041
0.819108
0.824565
0.830015
0.835072
0.839422
0.842857
0.845253
0.846584
0.846917
0.846376
0.84513
0.843351
0.84121
0.838872
0.836459
0.834071
0.831787
0.829656
0.827696
0.825887
0.824192
0.822544
0.820847
0.818981
0.816824
0.814225
0.811057
0.807207
0.802576
0.797107
0.790785
0.783638
0.775755
0.767283
0.758433
0.749471
0.740716
0.732511
0.725182
0.719039
0.714339
0.711262
0.709894
0.710205
0.712085
0.715329
0.719669
0.724781
0.730332
0.736005
0.741508
0.746591
0.75106
0.754799
0.757729
0.759834
0.761154
0.761763
0.761776
0.761344
0.760616
0.759746
0.758917
0.758294
0.758032
0.758272
0.759135
0.760715
0.763089
0.766303
0.770355
0.775216
0.7808
0.786995
0.793648
0.800585
0.807603
0.814505
0.821107
0.827237
0.832759
0.83758
0.84162
0.844831
0.84719
0.848671
0.849262
0.84897
0.847789
0.845747
0.842883
0.83929
0.835098
0.830471
0.825607
0.820741
0.816103
0.811933
0.80843
0.805733
0.803926
0.803026
0.802993
0.803707
0.805018
0.806728
0.808639
0.810561
0.812325
0.813812
0.814948
0.815683
0.816013
0.815948
0.815494
0.814671
0.81347
0.811859
0.809805
0.807267
0.804203
0.800612
0.796529
0.792027
0.787216
0.782228
0.777204
0.772272
0.767527
0.763024
0.758773
0.754776
0.751015
0.747494
0.744247
0.741349
0.738905
0.737051
0.735957
0.735787
0.736674
0.738707
0.74193
0.746308
0.751748
0.758096
0.765126
0.772586
0.780202
0.787693
0.794804
0.801304
0.807035
0.811887
0.815831
0.818895
0.821194
0.822883
0.824143
0.825176
0.826174
0.827283
0.828576
0.830059
0.831637
0.833165
0.834427
0.835202
0.835285
0.834499
0.832744
0.829958
0.826151
0.821375
0.815704
0.809233
0.802068
0.794333
0.786126
0.777567
0.768793
0.759964
0.751271
0.742916
0.735118
0.728113
0.722134
0.71738
0.714027
0.712192
0.711923
0.713217
0.715997
0.720108
0.725345
0.731455
0.738155
0.745161
0.752211
0.759054
0.765498
0.771401
0.776654
0.781196
0.785002
0.788098
0.790531
0.792385
0.79376
0.794773
0.795549
0.79621
0.796841
0.797512
0.798248
0.799067
0.799979
0.800966
0.802041
0.80324
0.804639
0.806338
0.808457
0.811115
0.814387
0.818313
0.822821
0.827742
0.832829
0.83777
0.842223
0.845855
0.848379
0.849573
0.849314
0.847579
0.844413
0.839925
0.834287
0.827704
0.820362
0.81248
0.804221
0.795726
0.787111
0.77846
0.769846
0.761323
0.752973
0.744894
0.737225
0.730138
0.723865
0.718631
0.71466
0.712138
0.7112
0.711871
0.714072
0.717646
0.722347
0.727884
0.733936
0.740196
0.746388
0.7523
0.757787
0.762782
0.76728
0.771328
0.775
0.778387
0.78157
0.784631
0.787651
0.790722
0.793927
0.79735
0.801052
0.805071
0.809389
0.813958
0.818683
0.82343
0.828049
0.832369
0.836218
0.83946
0.841975
0.843694
0.844581
0.84464
0.843891
0.84239
0.840218
0.837458
0.834173
0.830423
0.826283
0.821801
0.81704
0.812056
0.806907
0.801663
0.796427
0.791309
0.786429
0.781929
0.777951
0.774624
0.772054
0.770296
0.769379
0.769252
0.769789
0.77081
0.772099
0.773401
0.774466
0.775071
0.775062
0.774365
0.773004
0.771103
0.768854
0.766492
0.764271
0.762424
0.76112
0.760464
0.760469
0.761083
0.762204
0.763659
0.765272
0.766841
0.768176
0.769109
0.769487
0.769191
0.768153
0.766381
0.76396
0.761074
0.757993
0.755059
0.752697
0.751347
0.751422
0.753229
0.756936
0.762511
0.769741
0.778239
0.787514
0.797032
0.80627
0.814785
0.822227
0.828378
0.833136
0.836487
0.838519
0.839383
0.83927
0.838396
0.836964
0.835171
0.833192
0.831175
0.829233
0.827431
0.825803
0.824356
0.823064
0.821884
0.820739
0.819552
0.818248
0.81676
0.815007
0.812928
0.810473
0.807601
0.804294
0.800546
0.796402
0.791913
0.787167
0.782271
0.777332
0.772451
0.767714
0.763198
0.758967
0.755074
0.751566
0.748494
0.745918
0.743903
0.74248
0.741675
0.741483
0.741885
0.742836
0.744297
0.746202
0.748518
0.751221
0.754305
0.757772
0.76162
0.76584
0.770382
0.775185
0.780157
0.785186
0.790178
0.795028
0.799641
0.803969
0.807963
0.811611
0.814903
0.817836
0.820398
0.822572
0.824322
0.825588
0.826321
0.826464
0.825961
0.824743
0.822784
0.820085
0.81668
0.812626
0.808002
0.802908
0.797469
0.791831
0.78615
0.780586
0.775312
0.770489
0.766249
0.762728
0.760027
0.758214
0.757311
0.757298
0.758121
0.759682
0.761872
0.764565
0.767601
0.770818
0.774067
0.777186
0.78003
0.78246
0.784347
0.785593
0.786132
0.785933
0.784994
0.783355
0.781102
0.778325
0.775136
0.77167
0.768076
0.764511
0.761152
0.758159
0.755677
0.75382
0.752683
0.752339
0.752805
0.754047
0.755963
0.758385
0.761116
0.763921
0.76657
0.768861
0.77063
0.771816
0.772429
0.772599
0.772521
0.772459
0.772707
0.773556
0.775242
0.777907
0.781594
0.786243
0.791701
0.797699
0.803918
0.810011
0.815634
0.820476
0.824246
0.826704
0.827676
0.82707
0.824861
0.821116
0.815952
0.809576
0.80224
0.794252
0.78594
0.777647
0.769698
0.762388
0.755943
0.750548
0.746318
0.743306
0.74152
0.740926
0.741468
0.743066
0.745616
0.749025
0.753175
0.757948
0.763228
0.768876
0.774742
0.780661
0.786476
0.792024
0.797175
0.801828
0.805881
0.809284
0.81199
0.813992
0.815312
0.815998
0.816115
0.815738
0.81494
0.813793
0.812351
0.810655
0.808715
0.806515
0.804028
0.801238
0.798078
0.79452
0.790557
0.786215
0.781556
0.776712
0.771849
0.767192
0.762987
0.759486
0.756913
0.755437
0.755164
0.756113
0.758221
0.761336
0.765232
0.769653
0.774304
0.778893
0.783152
0.786861
0.789866
0.792088
0.793506
0.794181
0.79421
0.793725
0.7929
0.791921
0.790973
0.790216
0.789799
0.789823
0.790359
0.791429
0.793024
0.795084
0.797514
0.800185
0.80297
0.805732
