0.798035
0.795154
0.791605
0.787537
0.783128
0.778578
0.774074
0.769836
0.766062
0.762933
0.76061
0.759205
0.758799
0.75945
0.761182
0.763985
0.767839
0.772693
0.778486
0.785134
0.792532
0.800513
0.808865
0.817322
0.825588
0.833324
0.840209
0.845974
0.850399
0.853347
0.854788
0.854792
0.853517
0.851199
0.848105
0.844519
0.840715
0.836936
0.833377
0.830164
0.827372
0.825004
0.822997
0.821271
0.819703
0.818185
0.816591
0.814791
0.812673
0.810131
0.807061
0.803357
0.798936
0.793712
0.787633
0.780672
0.772854
0.764248
0.755011
0.745357
0.735596
0.726129
0.717398
0.709905
0.704152
0.700631
0.69973
0.701702
0.70668
0.714622
0.725324
0.738454
0.75359
0.770245
0.787907
0.806057
0.824187
0.841836
0.858587
0.874067
0.887943
0.899926
0.909799
0.917382
0.922574
0.92533
0.92566
0.923629
0.919318
0.912829
0.904287
0.89386
0.881753
0.868219
0.8536
0.838304
0.822791
0.807565
0.793131
0.779952
0.768442
0.758896
0.751498
0.74633
0.743344
0.742383
0.7432
0.745502
0.748964
0.753214
0.757922
0.762785
0.767546
0.772019
0.77608
0.779667
0.782797
0.785536
0.788009
0.790361
0.792766
0.795412
0.79848
0.802124
0.806447
0.811494
0.817266
0.823703
0.830668
0.837973
0.845395
0.852683
0.859581
0.865843
0.871251
0.875617
0.878788
0.880656
0.88116
0.880254
0.87792
0.874176
0.869056
0.862634
0.855028
0.846391
0.836944
0.82692
0.816602
0.806302
0.796337
0.787014
0.778612
0.771361
0.765421
0.760868
0.757699
0.75583
0.755116
0.755356
0.756332
0.757835
0.759694
0.761783
0.764002
0.766288
0.768608
0.77093
0.773217
0.775436
0.777532
0.779432
0.78105
0.782314
0.783144
0.783472
0.783267
0.782519
0.781265
0.77958
0.777573
0.775368
0.773122
0.771
0.769157
0.76775
0.766889
0.766679
0.767188
0.768449
0.770428
0.773059
0.776256
0.779887
0.783802
0.78786
0.791918
0.795836
0.799522
0.802878
0.80585
0.808381
0.810427
0.811957
0.812927
0.81331
0.813081
0.812241
0.810806
0.808844
0.806464
0.803814
0.801077
0.798461
0.79617
0.794366
0.793195
0.792749
0.79307
0.794139
0.795888
0.798197
0.800933
0.803959
0.807115
0.810234
0.813167
0.815761
0.817873
0.819376
0.820183
0.820231
0.819532
0.818141
0.816186
0.813858
0.811401
0.80909
0.807206
0.805985
0.805595
0.806111
0.807489
0.809592
0.812202
0.815052
0.817842
0.820303
0.822204
0.82337
0.823695
0.823133
0.821687
0.819404
0.816371
0.812694
0.808498
0.803935
0.799178
0.794387
0.789753
0.785454
0.78168
0.778611
0.7764
0.775167
0.775003
0.775955
0.778019
0.781117
0.785129
0.789894
0.795241
0.800965
0.806848
0.812685
0.8183
0.823494
0.828101
0.831986
0.835049
0.837221
0.838482
0.838831
0.838323
0.837056
0.835152
0.832777
0.830116
0.827361
0.824689
0.822251
0.820166
0.818491
0.817225
0.816321
0.815689
0.815223
0.814788
0.814253
0.813497
0.812407
0.810898
0.808945
0.806551
0.80377
0.800684
0.797423
0.794105
0.790862
0.787826
0.785095
0.782743
0.780796
0.779249
0.778087
0.777251
0.77668
0.776288
0.775991
0.775706
0.775365
0.774885
0.774172
0.773151
0.771771
0.77
0.767854
0.765407
0.762774
0.760114
0.757632
0.755563
0.754126
0.75353
0.753939
0.755455
0.758116
0.761878
0.766644
0.772266
0.778569
0.785355
0.792446
0.799667
0.806872
0.813928
0.820717
0.827158
0.833195
0.838784
0.843895
0.848496
0.852583
0.856141
0.859142
0.861564
0.863369
0.8645
0.864896
0.864457
0.863075
0.860657
0.85714
0.852476
0.846674
0.8398
0.831988
0.823448
0.814442
0.805292
0.796352
0.78798
0.780523
0.774298
0.769562
0.766483
0.765156
0.765598
0.767733
0.771402
0.776407
0.782508
0.789436
0.796901
0.804622
0.812341
0.819829
0.826849
0.833181
0.838656
0.84313
0.846515
0.848756
0.849837
0.849803
0.848747
0.846773
0.844004
0.840572
0.836594
0.832181
0.827394
0.822303
0.816963
0.811403
0.805665
0.799767
0.79372
0.78752
0.781116
0.774475
0.767565
0.760367
0.752905
0.745264
0.737565
0.730014
0.722842
0.716332
0.710769
0.706402
0.703411
0.701919
0.701952
0.703466
0.70636
0.710512
0.715786
0.722036
0.729127
0.736921
0.745283
0.754075
0.763164
0.772399
0.781606
0.790613
0.799259
0.807382
0.814834
0.821512
0.82733
0.832237
0.836212
0.839279
0.841462
0.842807
0.843356
0.843162
0.842276
0.84076
0.838692
0.836159
0.833301
0.830253
0.827175
0.824187
0.8214
0.818881
0.81663
0.814582
0.812639
0.810689
0.808608
0.806313
0.803764
0.800976
0.798002
0.794927
0.791842
0.788832
0.785947
0.783183
0.780497
0.777799
0.774955
0.771803
0.768206
0.764098
0.759503
0.754614
0.749833
0.745772
0.743174
0.742783
0.745167
0.750568
0.75882
0.769409
0.78162
0.794654
0.807784
0.820423
0.832138
0.842631
0.851713
0.859262
0.865215
0.869546
0.872284
0.87349
0.873275
0.871744
0.869064
0.865411
0.860981
0.85597
0.850573
0.844984
0.839364
0.833871
0.828629
0.823725
0.819243
0.815246
0.811787
0.808905
0.806642
0.80504
0.804133
0.803924
0.804413
0.805595
0.807439
0.809875
0.812809
0.816114
0.819652
0.823269
0.826832
0.830257
0.833495
0.836541
0.839433
0.842208
0.844868
0.847378
0.849631
0.851498
0.852826
0.853435
0.853182
0.85198
0.849805
0.846685
0.842703
0.837995
0.832709
0.82702
0.821086
0.81504
0.808988
0.802988
0.797084
0.791307
0.785676
0.780219
0.774965
0.769981
0.765364
0.761233
0.75772
0.754935
0.752963
0.751846
0.751559
0.752021
0.753108
0.754649
0.75648
0.758463
0.760491
0.762506
0.764489
0.766464
0.768459
0.770515
0.772677
0.774981
0.777447
0.780086
0.782924
0.785973
0.789256
0.792804
0.796652
0.800839
0.805394
0.810305
0.815552
0.821071
0.826747
0.832439
0.837995
0.843224
0.847942
0.851968
0.855126
0.857256
0.858237
0.857984
0.856435
0.853567
0.849402
0.843999
0.837478
0.830013
0.821829
0.813199
0.804448
0.795911
0.787911
0.780742
0.774652
0.769793
0.766231
0.763938
0.762832
0.762764
0.763558
0.765026
0.767
0.769342
0.77196
0.774784
0.777765
0.780879
0.784108
0.787444
0.790846
0.794282
0.797722
0.801138
0.804504
0.807785
0.810949
0.813958
0.816761
0.819279
0.821423
0.823095
0.824196
0.82463
0.824311
0.823184
0.821235
0.818472
0.814953
0.810765
0.806034
0.800916
0.79562
0.790388
0.785474
0.781126
0.777575
0.775007
0.773548
0.773246
0.774092
0.775986
0.778771
0.782243
0.786164
0.790319
0.794511
0.798563
0.802347
0.805763
0.808733
0.811213
0.813158
0.814524
0.815277
0.815384
0.814816
0.813582
0.811709
0.809242
0.806263
0.80287
0.799183
0.795334
0.791443
0.78761
0.783944
0.78053
0.777466
0.774868
0.772881
0.771703
0.771567
0.772699
0.775332
0.779655
0.785761
0.79363
0.803109
0.813926
0.825709
0.838013
0.850365
0.862302
0.873407
0.883313
0.891734
0.898472
0.903399
0.906451
0.907555
0.906713
0.903961
0.899377
0.893099
0.885312
0.87626
0.866247
0.855614
0.844733
0.833979
0.823697
0.814164
0.805599
0.798108
0.791708
0.786349
0.781942
0.778354
0.775446
0.773073
0.771117
0.769458
0.76801
0.766709
0.765496
0.764315
0.763121
0.761893
0.760601
0.75925
0.757863
0.756477
0.75517
0.75408
0.753389
0.753314
0.754106
0.756
0.759188
0.763792
0.769797
0.777048
0.785249
0.793992
0.802814
0.811245
0.818844
0.825234
0.830129
0.833337
0.83479
0.834518
0.832626
0.829315
0.824847
0.819531
0.813694
0.807693
0.801875
0.796538
0.791948
0.788284
0.785655
0.784108
0.783622
0.784136
0.785546
0.787764
0.790721
0.794345
0.798606
0.803499
0.809029
0.815171
0.821899
0.829123
0.836682
0.844356
0.851866
0.858873
0.865015
0.869943
0.873306
0.874834
0.874331
0.871711
0.867015
0.860435
0.852312
0.843102
0.833359
0.823704
0.814766
0.807106
0.801179
0.797246
0.795393
0.795527
0.797407
0.800701
0.804981
0.809789
0.814675
0.819209
0.823022
0.825801
0.827342
0.827522
0.826321
0.823807
0.820134
0.815508
0.810194
0.804463
0.798574
0.79277
0.787281
0.782302
0.777999
0.774521
0.772011
0.77058
0.770333
0.771336
0.773597
0.777081
0.78169
0.787242
0.793498
0.800165
0.806916
0.813432
0.819386
0.824503
0.828581
0.83148
0.833111
0.833456
0.832536
0.83042
0.827219
0.823056
0.818084
0.812454
0.806321
0.799858
0.793236
0.786627
0.78022
0.774207
0.768791
0.764175
0.760561
0.758144
0.757074
0.757481
0.759425
0.762926
0.767927
0.77432
0.781932
0.790537
0.799845
0.809529
0.81924
0.828635
0.837368
0.845124
0.851645
0.856722
0.86022
0.862067
0.862252
0.860823
0.857858
0.853488
0.847877
0.841201
0.833686
0.825576
0.817142
0.808684
0.800526
0.792992
0.786408
0.781041
0.777103
0.774687
0.773768
0.774207
0.775761
0.778134
0.781002
0.784083
0.787152
0.790072
0.792803
0.795371
0.797877
0.800419
0.803093
0.805953
0.809016
0.812274
0.815679
0.819188
0.822759
0.826337
0.829886
0.833384
0.836816
0.840169
0.843413
0.846511
0.849402
0.85197
0.85407
0.855521
0.856151
0.855793
0.854325
0.851714
0.848042
0.843489
0.838324
0.832909
0.827575
0.822635
0.818335
0.81482
0.812125
0.810166
0.808776
0.807719
0.806738
0.80559
0.804083
0.802093
0.799588
0.796621
0.793315
0.789882
0.786571
0.783649
0.781392
0.780041
0.779757
0.780621
0.782613
0.785622
0.78948
0.793955
0.798814
0.80383
0.808796
0.813571
0.818055
0.822172
0.825873
0.829129
0.831921
0.834219
0.835982
0.837158
0.837678
0.8375
0.836594
0.834933
0.832534
0.829453
0.825808
0.821738
0.817434
0.8131
0.808906
0.804998
0.801474
0.798395
0.79575
0.793475
0.791487
0.789668
0.78789
0.786028
0.783976
0.781664
0.779044
0.776099
0.772858
0.769375
0.765707
0.761942
0.758171
0.754493
0.750998
0.747764
0.744852
0.742326
0.740237
0.738633
0.737554
0.737018
0.737034
0.737575
0.73861
0.740063
0.741851
0.743871
0.746012
0.748162
0.750247
0.752215
0.754054
0.755799
0.757527
0.759348
0.761356
0.763667
0.766372
0.769549
0.773235
0.777419
0.782068
0.787113
0.792431
0.797875
0.803258
0.808359
0.812938
0.816765
0.819646
0.821441
0.822089
0.821652
0.820295
0.818262
0.815843
0.813327
0.810964
0.80893
0.80734
0.806235
0.805602
0.805425
0.805682
0.806349
0.807399
0.808805
0.810525
0.812505
0.814683
0.81697
0.819308
0.82168
0.824107
0.826659
0.829443
0.832606
0.836307
0.840702
0.845885
0.85188
0.858622
0.86596
0.873636
0.881342
0.888735
0.895476
0.901232
0.90572
0.908722
0.910089
0.909756
0.907713
0.904004
0.898726
0.892025
0.884079
0.875108
0.865356
0.855066
0.844493
0.833896
0.823541
0.813687
0.804601
0.796494
0.789569
0.783995
0.779857
0.777204
0.775993
0.776063
0.777172
0.779021
0.781266
0.783558
0.785619
0.78724
0.788322
0.788901
0.789078
0.788999
0.788844
0.788791
0.788967
0.789439
0.790198
0.791186
0.792298
0.793406
0.794368
0.795051
0.795356
0.795192
0.794521
0.793315
0.791581
0.789338
0.786614
0.783465
0.779956
0.776182
0.77227
0.768364
0.764636
0.761267
0.75845
0.756349
0.75511
0.754833
0.75556
0.757263
0.759879
0.763306
0.76741
0.772045
0.777082
0.782424
0.788004
0.793782
0.799761
0.805948
0.812351
0.818962
0.825728
0.832569
0.839367
0.845983
0.852247
0.858007
0.863119
0.86747
0.870953
0.873512
0.875104
0.875706
0.875324
0.873987
0.87175
0.868693
0.864931
0.860612
0.855884
0.850895
0.845812
0.840777
0.8359
0.831252
0.826854
0.82266
0.818602
0.814567
0.810412
0.805994
0.801166
0.795815
0.789875
0.783347
0.77631
0.76889
0.761266
0.753672
0.746337
0.739489
0.733317
0.727986
0.723622
0.720319
0.718152
0.717176
0.717436
0.718931
0.721622
0.725435
0.730252
0.735935
0.742318
0.749239
0.756539
0.764047
0.771597
0.779023
0.786164
0.792863
0.798989
0.804432
0.809154
0.813164
0.816524
0.819336
0.821742
0.823894
0.825915
0.827882
0.829805
0.831646
0.833328
0.834727
0.835743
0.83628
0.836279
0.835728
0.834659
0.833147
0.831299
0.829229
0.827045
0.824852
0.82274
0.820788
0.819029
0.817495
0.816191
0.815107
0.814214
0.813469
0.812842
0.812292
0.811755
0.811178
0.810496
0.809627
0.808502
0.807034
0.805132
0.80272
0.799726
0.796104
0.791814
0.786861
0.781305
0.775274
0.768968
0.76266
0.756681
0.751391
0.747126
0.744179
0.742713
0.742777
0.744289
0.747046
0.750744
0.755043
0.759602
0.76412
0.768385
0.772264
0.77571
0.778773
0.781565
0.784256
0.787041
0.79013
0.793722
0.797978
0.803011
0.808856
0.815511
0.822927
0.831004
0.839607
0.848565
0.857694
0.866811
0.875712
0.884195
0.89205
0.899081
0.905114
0.909968
0.913469
0.915494
0.91594
0.914744
0.911874
0.907376
0.901326
0.893866
0.885188
0.875506
0.865082
0.854183
0.843074
0.832007
0.821189
0.810796
0.800965
0.791791
0.783306
0.775534
0.768497
0.762215
0.756693
0.751945
0.747995
0.744873
0.742617
0.741254
0.740802
0.741278
0.742694
0.745026
0.748221
0.752223
0.756946
0.762256
0.768
0.774
0.780059
0.785978
0.791526
0.796488
0.800659
0.803866
0.805944
0.806776
0.80631
0.804545
0.801574
0.797541
0.792667
0.787187
0.781373
0.775491
0.769777
0.764419
0.759556
0.755246
0.751514
0.748341
0.745673
0.743449
0.741615
0.74015
0.739061
0.738381
0.738171
0.738499
0.739453
0.741099
0.743482
0.746615
0.750457
0.754947
0.760003
0.765541
0.77149
0.7778
0.784434
0.791356
0.798538
0.805951
0.813564
0.821333
0.829204
0.837124
0.845021
0.852825
0.860487
0.867954
0.875175
0.882108
0.888703
0.894922
0.900703
0.90597
0.910639
0.914612
0.917777
0.920013
0.921196
0.921197
0.919885
0.917149
0.912901
0.907081
0.899665
0.890701
0.880287
0.868559
0.855724
0.842052
0.827843
0.813418
0.799113
0.785269
0.772236
0.760325
0.749837
0.741058
0.734217
0.729487
0.726953
0.726607
0.728301
0.731772
0.736656
0.742523
0.748947
0.75551
0.761855
0.767698
0.772826
0.777103
0.780466
0.782892
0.784425
0.785147
0.785169
0.784625
0.783666
0.782466
0.781208
0.780081
0.779272
0.778946
0.779247
0.780285
0.782129
0.784776
0.788193
0.792315
0.797053
0.802337
0.808094
0.814272
0.820828
0.827723
0.834895
0.842264
0.849699
0.857038
0.864053
0.8705
0.87614
0.880758
0.884174
0.886244
0.886893
0.886067
0.883766
0.880019
0.874887
0.868444
0.860804
0.852109
0.842524
0.832283
0.821656
0.810949
0.800492
0.790604
0.781583
0.773688
0.767104
0.761961
0.758322
0.756199
0.755531
0.756217
0.758118
0.761058
0.764847
0.769254
0.774041
0.778963
0.78379
0.7883
0.792269
0.795524
0.797904
0.799291
0.799628
0.798906
0.797185
0.794602
0.791347
0.787651
0.783796
0.780091
0.776845
0.774351
0.772842
0.77247
0.773276
0.775202
0.778117
0.781824
0.786091
0.790689
0.795413
0.800101
0.804642
0.808955
0.812989
0.816712
0.820097
0.823127
0.825775
0.82801
0.829812
0.831132
0.831943
0.832219
0.831976
0.831222
0.830015
0.828425
0.82652
0.824409
0.822207
0.820047
0.81805
0.816359
0.815107
0.814415
0.814391
0.815097
0.816572
0.818795
0.821694
0.825157
0.829009
0.833035
0.836994
0.840663
0.843849
0.846387
0.848192
0.849248
0.849593
0.849322
0.848571
0.847499
0.846231
0.844861
0.843441
0.841962
0.840366
0.838559
0.836448
0.83394
0.830983
0.827561
0.823721
0.81955
0.815172
0.810718
0.806312
0.802083
0.798116
0.794463
0.791134
0.788124
0.78541
0.782947
0.780699
0.77864
0.776736
0.774978
0.773337
0.771774
0.770246
0.768696
0.767057
0.765255
0.763218
0.760868
0.758162
0.755087
0.75169
0.748033
0.744235
0.74047
0.736938
0.733825
0.731303
0.729501
0.728492
0.728263
0.728732
0.729775
0.731245
0.732997
0.734906
0.736901
0.738977
0.741165
0.743536
0.746178
0.74916
0.75253
0.756311
0.76045
0.764855
0.769376
0.773833
0.778027
0.781733
0.784738
0.786878
0.788048
0.7882
0.787362
0.785651
0.78325
0.780384
0.777328
0.774382
0.771825
0.769893
0.76878
0.76863
0.769505
0.771416
0.774321
0.77813
0.782724
0.787929
0.793566
0.799453
0.805398
0.81121
0.816718
0.821757
0.826204
0.829968
0.83298
0.835227
0.836741
0.837582
0.837862
0.837727
0.837338
0.836896
0.836586
0.836593
0.837095
0.838207
0.839983
0.842419
0.845435
0.848905
0.852634
0.856424
0.860059
0.863335
0.86606
0.868102
0.869355
0.869738
0.869217
0.867762
0.865347
0.861963
0.857602
0.852264
0.845966
0.838749
0.8307
0.821942
0.812651
0.803072
0.793482
0.784211
0.775593
0.767951
0.761565
0.756636
0.753283
0.751533
0.751347
0.752593
0.755116
0.758738
0.763315
0.768704
0.77478
0.781441
0.788575
0.796058
0.803746
0.811465
0.819012
0.826182
0.832763
0.838569
0.843426
0.847208
0.849839
0.85131
0.851628
0.850864
0.849112
0.846499
0.843172
0.839291
0.835019
0.830509
0.825892
0.821296
0.816827
0.812585
0.808649
0.805073
0.801899
0.799156
0.796851
0.794975
0.793485
0.792358
0.791537
0.790969
0.790605
0.790404
0.790321
0.790347
0.790473
0.790717
0.791105
0.791678
0.792495
0.793612
0.79508
0.796941
0.799244
0.801991
0.805176
0.808763
0.812673
0.816818
0.821059
0.825221
0.82911
0.832514
0.835175
0.836875
0.837383
0.836501
0.834077
0.830032
0.824356
0.817133
0.808528
0.79879
0.788236
0.77724
0.766205
0.75555
0.74565
0.736853
0.729442
0.723619
0.719501
0.717143
0.716525
0.717567
0.720146
0.724091
0.729215
0.735305
0.742124
0.74944
0.75702
0.764656
0.772131
0.779258
0.785873
0.791856
0.797122
0.801611
0.805305
0.80823
0.810451
0.812068
0.813199
0.813976
0.814543
0.815022
0.81553
0.816164
0.816991
0.818035
0.819256
0.820574
0.821878
0.823
0.823717
0.823809
0.823041
0.821182
0.818073
0.813616
0.807804
0.800702
0.792471
0.783373
0.773773
0.764121
0.754961
0.746877
0.740453
0.736211
0.734552
0.735679
0.739593
0.74608
0.754754
0.765145
0.776752
0.78909
0.801737
0.814343
0.826637
0.838352
0.849265
0.859138
0.867751
0.874891
0.880356
0.883968
0.885612
0.885238
0.882865
0.878605
0.872653
0.865267
0.85677
0.847501
0.837806
0.828026
0.818468
0.809392
0.801011
0.793477
0.786878
0.781282
0.776746
0.773321
0.771067
0.770057
0.770357
0.772033
0.775127
0.779646
0.785505
0.792551
0.800571
0.809264
0.818272
0.827231
0.83578
0.843575
0.850304
0.855732
0.859699
0.862095
0.862894
0.862128
0.859882
0.856277
0.851497
0.845749
0.83928
0.832354
0.825282
0.818334
0.811778
0.805845
0.800679
0.796356
0.792872
0.790134
0.787975
0.786173
0.784469
0.782615
0.780403
0.777684
0.774384
0.770494
0.766091
0.761322
0.756397
0.751554
0.747067
0.743195
0.740189
0.738259
0.737574
0.738244
0.740299
0.74369
0.748292
0.753923
0.760353
0.767324
0.774569
0.781843
0.788946
0.795728
0.80213
0.808126
0.813762
0.819119
0.824303
0.829429
0.834574
0.839768
0.845
0.850214
0.855305
0.860143
0.86459
0.868492
0.871707
0.87409
0.875549
0.876045
0.875584
0.874224
0.872098
0.869347
0.866154
0.862674
0.858999
0.855133
0.85102
0.846536
0.841536
0.83591
0.829624
0.822731
0.815378
0.807788
0.800245
0.793061
0.786541
0.780971
0.776565
0.773462
0.771694
0.771173
0.771731
0.773124
0.77509
0.777354
0.779666
0.781823
0.783712
0.785288
0.786582
0.787697
0.788786
0.790021
0.791588
0.79364
0.796308
0.799649
0.803662
0.808253
0.813239
0.818391
0.82346
0.828177
0.832301
0.835638
