0.805832
0.811055
0.814612
0.816276
0.815917
0.813484
0.80903
0.802704
0.794754
0.785492
0.775313
0.764669
0.753998
0.743738
0.734276
0.72594
0.71899
0.713622
0.709943
0.70801
0.707806
0.709262
0.712269
0.716692
0.722386
0.729188
0.736934
0.745456
0.754575
0.764115
0.773883
0.783679
0.793263
0.802391
0.810813
0.818273
0.824524
0.829348
0.832548
0.833985
0.833565
0.831253
0.827076
0.821118
0.813516
0.804454
0.794155
0.782888
0.770952
0.758657
0.74631
0.734232
0.72271
0.712013
0.702362
0.693932
0.686853
0.681202
0.677008
0.674256
0.672868
0.672756
0.673789
0.675811
0.678651
0.68212
0.686034
0.690203
0.694441
0.698586
0.702496
0.706064
0.709217
0.711942
0.714234
0.71614
0.717736
0.719124
0.72044
0.721801
0.723347
0.725187
0.727435
0.730183
0.733497
0.737399
0.741887
0.74692
0.752425
0.758303
0.764383
0.770493
0.776441
0.78203
0.787051
0.791293
0.794565
0.796717
0.79764
0.797269
0.795575
0.792588
0.788375
0.783063
0.776825
0.769874
0.76244
0.754777
0.747094
0.73959
0.732428
0.725719
0.719548
0.713943
0.708913
0.704445
0.700528
0.697186
0.694471
0.69245
0.691202
0.690808
0.691349
0.69287
0.695352
0.698721
0.702852
0.707582
0.712726
0.718101
0.723557
0.728988
0.7343
0.739459
0.744459
0.749332
0.754101
0.758797
0.763426
0.767968
0.772395
0.776652
0.780668
0.784351
0.787624
0.790406
0.79261
0.794178
0.795084
0.795328
0.794949
0.794003
0.792583
0.790795
0.788762
0.786627
0.784522
0.782581
0.780904
0.779568
0.778591
0.777955
0.777581
0.777343
0.777032
0.77643
0.775307
0.773448
0.770719
0.767077
0.762617
0.757576
0.752294
0.747165
0.74254
0.738666
0.735619
0.733302
0.731497
0.729938
0.728384
0.726662
0.724681
0.722452
0.720043
0.717569
0.715144
0.712861
0.710789
0.708941
0.707314
0.705851
0.704485
0.703149
0.701783
0.700361
0.698889
0.697409
0.696017
0.694855
0.694103
0.693931
0.694524
0.69604
0.698608
0.702309
0.707146
0.713043
0.719877
0.727471
0.735611
0.744058
0.752599
0.761032
0.769167
0.776869
0.784035
0.790597
0.796512
0.801754
0.806278
0.810037
0.81296
0.814962
0.81593
0.815743
0.814286
0.811464
0.807224
0.801546
0.794457
0.786069
0.776574
0.766221
0.755344
0.74433
0.733653
0.723799
0.715242
0.70839
0.703534
0.700778
0.699995
0.700887
0.703024
0.70592
0.709115
0.712253
0.715086
0.717491
0.719449
0.721042
0.722427
0.723764
0.72523
0.72698
0.729144
0.731793
0.734949
0.738575
0.742599
0.746914
0.751409
0.755974
0.760508
0.764904
0.769044
0.7728
0.77602
0.778522
0.780109
0.78061
0.779865
0.777814
0.77448
0.769978
0.764504
0.758328
0.751783
0.745203
0.738945
0.733347
0.728692
0.725223
0.723083
0.722346
0.723008
0.724989
0.728154
0.732308
0.737247
0.742783
0.748749
0.755034
0.761591
0.768399
0.775477
0.782849
0.790503
0.798379
0.806362
0.814255
0.821822
0.8288
0.834913
0.839924
0.843632
0.845878
0.846585
0.845732
0.843366
0.839613
0.834635
0.828633
0.821828
0.814438
0.806657
0.798644
0.790499
0.782278
0.774014
0.76571
0.757367
0.749001
0.740662
0.732442
0.724449
0.716815
0.709682
0.70319
0.697454
0.692571
0.688595
0.685525
0.683337
0.68197
0.68134
0.68136
0.681922
0.682909
0.684219
0.685739
0.687392
0.689118
0.690871
0.692639
0.694422
0.696231
0.698072
0.699944
0.701837
0.703713
0.705519
0.707175
0.708592
0.70969
0.710416
0.710743
0.710692
0.71033
0.709789
0.70926
0.70893
0.709014
0.709711
0.711195
0.713587
0.716924
0.721203
0.72635
0.732226
0.738657
0.745447
0.752376
0.75925
0.765881
0.772087
0.777733
0.782697
0.786908
0.790295
0.792837
0.79454
0.795436
0.795563
0.794986
0.793747
0.791888
0.789457
0.786488
0.783034
0.77914
0.774868
0.770289
0.765506
0.760662
0.755891
0.75134
0.747167
0.743527
0.74058
0.73846
0.737274
0.737093
0.737947
0.739818
0.742627
0.746244
0.750498
0.755183
0.760069
0.764922
0.769512
0.773643
0.777144
0.779899
0.781851
0.782985
0.783348
0.783033
0.782151
0.780816
0.779143
0.777218
0.775096
0.772796
0.770283
0.7675
0.764372
0.760835
0.756834
0.752328
0.747342
0.741928
0.736199
0.730313
0.724446
0.718826
0.713702
0.709318
0.705914
0.703707
0.702874
0.703535
0.705737
0.709457
0.714576
0.720916
0.728241
0.736256
0.744628
0.753029
0.761132
0.76863
0.775245
0.780757
0.784985
0.787796
0.789104
0.788888
0.787139
0.783895
0.779244
0.773287
0.766152
0.75797
0.748886
0.739081
0.728722
0.718007
0.707146
0.696374
0.685945
0.676139
0.667264
0.65963
0.653559
0.649366
0.647328
0.647663
0.650508
0.655899
0.663757
0.673854
0.685872
0.699404
0.713978
0.72912
0.744361
0.75928
0.773516
0.786781
0.798864
0.809611
0.818934
0.826794
0.833155
0.83799
0.841287
0.843044
0.843271
0.842
0.839293
0.835228
0.829939
0.823599
0.816428
0.808691
0.800661
0.792636
0.784905
0.777704
0.771227
0.765579
0.760777
0.756782
0.753501
0.750799
0.748508
0.746484
0.744612
0.742785
0.740892
0.738844
0.736562
0.733987
0.73109
0.727865
0.724353
0.72063
0.716803
0.712983
0.709326
0.705986
0.703113
0.700836
0.699276
0.69851
0.698577
0.699497
0.70126
0.703817
0.707102
0.711022
0.71548
0.720375
0.725594
0.731014
0.736529
0.742048
0.747474
0.752721
0.757725
0.762438
0.766858
0.770995
0.774911
0.778687
0.782421
0.786182
0.790047
0.794035
0.79811
0.80218
0.806097
0.809662
0.812617
0.8147
0.815654
0.815248
0.813303
0.809695
0.804366
0.797321
0.788665
0.778551
0.767188
0.754835
0.741805
0.728448
0.715143
0.702283
0.690261
0.679456
0.670207
0.662813
0.657515
0.654474
0.653748
0.655293
0.658948
0.664479
0.671554
0.679791
0.688779
0.698084
0.707281
0.715994
0.723885
0.730679
0.736155
0.740145
0.742538
0.74328
0.742377
0.739878
0.735896
0.730616
0.724269
0.717166
0.709659
0.702149
0.695066
0.688819
0.683779
0.680244
0.678395
0.678319
0.679968
0.683205
0.687838
0.693649
0.700434
0.708034
0.716323
0.725185
0.73455
0.744353
0.754534
0.764995
0.775606
0.786213
0.796644
0.806684
0.81613
0.824795
0.832523
0.839186
0.84469
0.84898
0.852026
0.853848
0.854475
0.853941
0.852287
0.849569
0.845847
0.841192
0.835698
0.829469
0.822638
0.815359
0.807799
0.800131
0.792533
0.78517
0.778187
0.771685
0.765722
0.760324
0.755464
0.751042
0.746908
0.742868
0.73872
0.734254
0.729275
0.723642
0.717302
0.710291
0.702764
0.69496
0.687197
0.679858
0.673385
0.668203
0.664694
0.663177
0.663878
0.6669
0.672214
0.67965
0.688929
0.699689
0.711523
0.723962
0.736541
0.7488
0.760314
0.770689
0.779605
0.786789
0.792044
0.795241
0.796295
0.795214
0.792067
0.786971
0.780112
0.771719
0.76209
0.751588
0.740618
0.729617
0.719045
0.709357
0.700986
0.694312
0.689641
0.687167
0.68698
0.689047
0.69323
0.699304
0.706956
0.715837
0.725567
0.73578
0.746148
0.756372
0.766219
0.775524
0.784186
0.792169
0.799437
0.806002
0.811864
0.816995
0.82134
0.824789
0.827184
0.828333
0.828051
0.826196
0.822653
0.817411
0.810543
0.802216
0.792705
0.782358
0.771565
0.760732
0.750261
0.740512
0.731783
0.724298
0.718195
0.713545
0.710356
0.708586
0.708152
0.708946
0.710834
0.713643
0.717194
0.721316
0.725855
0.73066
0.735609
0.740602
0.745566
0.750446
0.755188
0.759738
0.764034
0.76797
0.771437
0.774324
0.77652
0.777941
0.778485
0.778099
0.776764
0.77449
0.771328
0.767358
0.762703
0.757523
0.752016
0.746412
0.74096
0.735917
0.731537
0.728059
0.725639
0.724382
0.724303
0.725345
0.727352
0.73011
0.733356
0.736826
0.74026
0.743462
0.746274
0.748579
0.750316
0.75145
0.75197
0.751898
0.751265
0.7501
0.748447
0.746339
0.743812
0.740903
0.737655
0.734121
0.730365
0.726462
0.722516
0.718647
0.714972
0.711619
0.708717
0.706388
0.704736
0.703864
0.703837
0.704663
0.706337
0.708807
0.711986
0.715766
0.719992
0.724504
0.729131
0.733717
0.738133
0.742279
0.746079
0.749485
0.752489
0.755112
0.757392
0.759395
0.761195
0.76289
0.764581
0.766353
0.768268
0.770389
0.772737
0.775281
0.777948
0.780628
0.783189
0.785486
0.787358
0.788657
0.789259
0.789067
0.788006
0.786046
0.783192
0.779465
0.774931
0.769682
0.76384
0.757555
0.751041
0.74457
0.738474
0.733157
0.729071
0.726595
0.726011
0.727431
0.730754
0.735663
0.741681
0.748251
0.754812
0.76085
0.765956
0.769804
0.772159
0.772885
0.771932
0.769331
0.765165
0.759605
0.75287
0.745231
0.736996
0.728497
0.720086
0.712115
0.704923
0.698814
0.694067
0.690902
0.689492
0.689954
0.692324
0.696593
0.702642
0.710294
0.719299
0.729331
0.740029
0.75101
0.761893
0.772326
0.781984
0.790573
0.797862
0.803671
0.80789
0.810459
0.811379
0.8107
0.808525
0.805018
0.800378
0.79485
0.788684
0.782142
0.775514
0.769061
0.763019
0.757582
0.752902
0.749078
0.746155
0.744132
0.742966
0.742584
0.742886
0.743757
0.745079
0.746719
0.74854
0.750425
0.75226
0.753935
0.755373
0.756514
0.757292
0.757658
0.757588
0.757065
0.756089
0.754662
0.752801
0.750534
0.747868
0.744801
0.741338
0.73745
0.73312
0.728334
0.723084
0.717381
0.711273
0.704833
0.698178
0.691463
0.684882
0.678669
0.673066
0.668315
0.664647
0.662263
0.661327
0.661936
0.664118
0.667816
0.672912
0.679233
0.686556
0.694644
0.703244
0.712103
0.721002
0.729728
0.738098
0.74595
0.753136
0.759557
0.765133
0.769795
0.773522
0.776304
0.778145
0.779069
0.779121
0.778353
0.776806
0.774564
0.771716
0.768384
0.764734
0.760968
0.757339
0.754086
0.751466
0.749725
0.749064
0.749626
0.751492
0.75468
0.759121
0.764665
0.771097
0.778139
0.785468
0.792746
0.799592
0.805661
0.810641
0.814266
0.816327
0.816667
0.815218
0.811977
0.807014
0.800476
0.792586
0.783634
0.773971
0.763993
0.754126
0.744815
0.73651
0.729621
0.724494
0.721375
0.720395
0.721555
0.724698
0.72954
0.735684
0.742668
0.750006
0.757228
0.763917
0.769735
0.774447
0.777926
0.780126
0.781075
0.780838
0.779515
0.777231
0.774091
0.770203
0.765667
0.760593
0.755078
0.749269
0.743306
0.737361
0.731635
0.726338
0.721665
0.717779
0.714802
0.712802
0.711778
0.711674
0.712412
0.713889
0.715993
0.718592
0.721576
0.724847
0.728332
0.731957
0.735661
0.739389
0.743094
0.746712
0.750179
0.753435
0.756417
0.759076
0.761372
0.763285
0.764818
0.766008
0.76691
0.767591
0.76813
0.768612
0.769108
0.769654
0.7703
0.771026
0.771785
0.77251
0.773089
0.773397
0.773301
0.772662
0.771349
0.769273
0.766393
0.762696
0.758241
0.753149
0.747583
0.74176
0.73591
0.730283
0.725121
0.720644
0.717027
0.714396
0.712814
0.712286
0.712742
0.714052
0.716037
0.71848
0.721134
0.723735
0.726039
0.727798
0.728832
0.729009
0.72827
0.726638
0.72422
0.721203
0.717849
0.714454
0.711294
0.708655
0.706774
0.705832
0.705949
0.707179
0.709508
0.712876
0.717201
0.722361
0.728242
0.734714
0.741643
0.748915
0.756405
0.764008
0.771597
0.77903
0.786154
0.792799
0.798768
0.803856
0.807845
0.810523
0.811713
0.811272
0.809111
0.805229
0.799718
0.792779
0.784727
0.775985
0.767036
0.758418
0.750618
0.744065
0.739065
0.735797
0.73432
0.734573
0.736427
0.739745
0.744377
0.750185
0.75703
0.764766
0.773229
0.782229
0.791536
0.800885
0.809981
0.818521
0.826207
0.83273
0.83778
0.841089
0.842426
0.841626
0.838575
0.833247
0.825682
0.815989
0.804351
0.791012
0.776271
0.760469
0.743986
0.72722
0.710603
0.694572
0.679557
0.665989
0.654265
0.644747
0.637737
0.633466
0.632062
0.633527
0.637735
0.644453
0.653349
0.664019
0.676015
0.688902
0.702275
0.715775
0.729105
0.742011
0.754301
0.7658
0.776353
0.785805
0.79399
0.800754
0.805953
0.809442
0.811116
0.810909
0.808807
0.804855
0.799162
0.7919
0.783302
0.773668
0.76333
0.752666
0.742075
0.731981
0.722814
0.714967
0.70879
0.704577
0.702515
0.702696
0.705094
0.709584
0.715929
0.723822
0.732897
0.742766
0.753027
0.763301
0.773232
0.78254
0.790958
0.7983
0.804449
0.809331
0.812944
0.81534
0.816621
0.816937
0.816454
0.815335
0.813703
0.811636
0.809176
0.806313
0.803
0.799126
0.794589
0.789296
0.783213
0.776373
0.768887
0.760955
0.752821
0.744779
0.737132
0.730134
0.723981
0.718773
0.714521
0.711171
0.708635
0.706824
0.70565
0.705055
0.705007
0.705478
0.706457
0.7079
0.709756
0.711941
0.714347
0.716867
0.71939
0.721828
0.724146
0.726296
0.728286
0.730148
0.731939
0.733725
0.735588
0.7376
0.739808
0.742233
0.744845
0.747582
0.750348
0.753023
0.755483
0.757597
0.759265
0.760423
0.76106
0.761197
0.760893
0.760254
0.75942
0.758522
0.75771
0.757133
0.756916
0.757162
0.757933
0.75925
0.761099
0.763418
0.766129
0.76913
0.772296
0.775491
0.778556
0.781343
0.783711
0.785531
0.786687
0.787091
0.786663
0.785347
0.783126
0.779996
0.775996
0.771182
0.765636
0.759486
0.752863
0.745902
0.738783
0.731701
0.724858
0.718469
0.712756
0.70796
0.704324
0.702081
0.701412
0.702438
0.705198
0.709642
0.715597
0.722803
0.730934
0.739634
0.748544
0.75734
0.76574
0.773525
0.78053
0.786657
0.791826
0.796007
0.799195
0.80141
0.802682
0.803057
0.802605
0.801403
0.799535
0.797105
0.794207
0.790937
0.787374
0.78358
0.779591
0.775429
0.771112
0.766654
0.762075
0.75742
0.752752
0.748127
0.743606
0.739219
0.734992
0.730941
0.727064
0.723389
0.719943
0.716777
0.713956
0.711575
0.709751
0.708603
0.708233
0.708718
0.710092
0.712327
0.715351
0.719042
0.723221
0.727694
0.732262
0.736729
0.74092
0.744675
0.747886
0.750467
0.752384
0.753633
0.754233
0.75423
0.75371
0.752792
0.751613
0.750337
0.749125
0.748143
0.747516
0.747331
0.747622
0.748363
0.749458
0.750799
0.752246
0.753679
0.754977
0.756065
0.756931
0.7576
0.75814
0.758656
0.759254
0.760035
0.761055
0.762331
0.763813
0.765401
0.766961
0.768348
0.769407
0.770007
0.770051
0.769526
0.768459
0.766938
0.765107
0.763133
0.761205
0.759505
0.758179
0.757325
0.756969
0.757093
0.757633
0.758458
0.759441
0.760461
0.761413
0.762209
0.762816
0.763231
0.763478
0.763579
0.763571
0.763461
0.763261
0.76294
0.762438
0.76166
0.760526
0.758937
0.756843
0.754205
0.751037
0.747426
0.743511
0.739476
0.735526
0.731876
0.728705
0.726157
0.724285
0.723071
0.722416
0.72219
0.722247
0.72244
0.722658
0.722826
0.722914
0.722943
0.722959
0.72301
0.723144
0.723372
0.72373
0.724226
0.724864
0.725646
0.726595
0.727742
0.729134
0.730799
0.732739
0.734942
0.737381
0.73998
0.742637
0.745245
0.747694
0.749888
0.75177
0.753294
0.754437
0.755196
0.755572
0.755561
0.755155
0.754322
0.753031
0.751229
0.748861
0.745885
0.742275
0.738034
0.733185
0.727782
0.721924
0.715742
0.709401
0.703121
0.697168
0.691882
0.687659
0.684937
0.684153
0.685689
0.68981
0.696599
0.705935
0.717511
0.73088
0.745496
0.760785
0.776187
0.791174
0.805288
0.818126
0.829312
0.838511
0.845447
0.849881
0.851623
0.850562
0.846683
0.840083
0.830982
0.819722
0.806773
0.792716
0.778212
0.763955
0.750622
0.738807
0.728988
0.721493
0.716448
0.713813
0.713371
0.714788
0.717654
0.721518
0.725955
0.730622
0.735229
0.739586
0.743619
0.747327
0.750775
0.754068
0.757321
0.760626
0.764054
0.767615
0.771255
0.774881
0.778374
0.78157
0.784303
0.786423
0.787809
0.788356
0.788014
0.786779
0.784703
0.781871
0.778392
0.774396
0.77004
0.765496
0.760905
0.756421
0.752166
0.748231
0.744707
0.741659
0.739148
0.737247
0.736024
0.735569
0.735975
0.737328
0.739693
0.7431
0.747531
0.752917
0.759101
0.76587
0.772968
0.780119
0.787017
0.793379
0.798935
0.803438
0.806677
0.808483
0.80872
0.807279
0.804083
0.799118
0.792397
0.783971
0.773938
0.762427
0.74966
0.735904
0.721517
0.706919
0.692616
0.67915
0.667078
0.656903
0.649024
0.643707
0.641037
0.640891
0.643013
0.647027
0.652509
0.659038
0.666214
0.673696
0.681228
0.688638
0.695826
0.702763
0.709461
0.715958
0.722328
0.728635
0.734946
0.7413
0.747745
0.754278
0.760881
0.767508
0.774092
0.78055
0.786777
0.792666
0.798082
0.802919
0.807086
0.810503
0.813133
0.814924
0.815849
0.815898
0.81505
0.813268
0.810519
0.806778
0.802018
0.796256
0.789543
0.781977
0.773718
0.764959
0.75593
0.746895
0.738134
0.729921
0.722516
0.716142
0.710967
0.707098
0.704573
0.703356
0.703339
0.704377
0.706301
0.708933
0.712103
0.71567
0.719521
0.723562
0.72771
0.731888
0.736024
0.740039
0.743848
0.747356
0.750461
0.753068
0.755098
0.75648
0.757179
0.757187
0.756549
0.755346
0.753666
0.751636
0.7494
0.747094
0.744867
0.742854
0.741157
0.739863
0.739025
0.738656
0.738744
0.739265
0.74015
0.741299
0.742617
0.743998
0.745347
0.746579
0.747632
0.748455
0.749025
0.749314
0.749303
0.748982
0.748347
0.747395
0.746133
0.744561
0.742691
0.740539
0.738144
0.735565
0.732893
0.730237
0.727745
0.725559
0.723838
0.722721
0.72233
0.722739
0.724008
0.726126
0.72903
0.732601
0.736685
0.741112
0.74567
0.750141
0.754313
0.757988
0.761019
0.763293
0.76476
0.765432
0.765398
0.764796
0.763828
0.762727
0.761741
0.761116
0.761073
0.76176
0.763237
0.765513
0.768508
0.772072
0.776005
0.780063
0.784001
0.787573
0.790558
0.792788
0.794141
0.794536
0.793961
0.792463
0.790146
0.787145
0.783626
0.779775
0.775758
0.771719
0.767757
0.763925
0.760218
0.756592
0.752966
0.749257
0.745355
0.741174
0.736676
0.73184
0.726699
0.721339
0.715877
0.710494
0.705377
0.700724
0.696743
0.693632
0.691582
0.69074
0.69121
0.693016
0.69614
0.700511
0.705997
0.712433
0.71961
0.727309
0.735313
0.743397
0.751339
0.75895
0.766029
0.772408
0.777936
0.782454
0.785853
0.788064
0.789035
0.788771
0.787315
0.784766
0.781246
0.776915
0.771949
0.766555
0.760928
0.755267
0.749753
0.744514
0.739656
0.735254
0.731323
0.727862
0.724818
0.722111
0.719657
0.717363
0.715163
0.712979
0.710769
0.708519
0.706243
0.703979
0.701795
0.699772
0.698
0.696572
0.695575
0.695093
0.695184
0.695898
0.697251
0.699245
0.701868
0.705104
0.70892
0.713292
0.718195
0.723593
0.729443
0.735693
0.742265
0.749092
0.756096
0.763183
0.770245
0.777185
0.783881
0.7902
0.796017
0.801181
0.805567
0.809042
0.811491
0.812837
0.813034
0.812075
0.810018
0.806941
0.802976
0.798304
0.793119
0.787649
0.782123
0.776757
0.771749
0.76724
0.763318
0.760012
0.757284
0.755031
0.753111
0.751361
0.749629
0.747799
0.745784
0.74355
0.741113
0.73854
0.735936
0.733434
0.731173
0.729292
0.727916
0.727137
0.727032
0.727625
0.728908
0.730836
0.733307
0.736196
0.739343
0.742569
0.745677
0.748454
0.750711
0.752275
0.753013
0.752822
0.751666
0.749565
0.746568
0.742808
0.738425
0.733594
0.728527
0.723459
0.718626
0.714261
0.710591
0.707822
0.706106
0.705558
0.706198
0.707957
0.71072
0.714317
0.718563
0.723289
0.728346
0.733625
0.739033
0.744487
0.749913
0.755233
0.760358
0.76519
0.769586
0.773417
0.776545
0.778835
0.780176
0.780503
0.779783
0.777997
0.77519
0.771424
0.766801
0.761461
0.755554
0.749248
0.742716
0.736146
0.729715
0.723611
0.718024
0.713139
