0.796157
0.792406
0.789338
0.787096
0.78578
0.785445
0.786089
0.787632
0.789932
0.792807
0.796042
0.799398
0.802637
0.805542
0.807941
0.809693
0.810717
0.810972
0.810473
0.809252
0.807361
0.804877
0.801873
0.798444
0.794668
0.790629
0.786384
0.781971
0.777424
0.772768
0.768004
0.763146
0.758209
0.753231
0.748256
0.743351
0.738608
0.734134
0.730063
0.726529
0.723668
0.721605
0.720436
0.720252
0.721092
0.722971
0.725866
0.729725
0.734474
0.739988
0.746134
0.752771
0.759733
0.766874
0.774063
0.781188
0.788177
0.794977
0.801564
0.807932
0.814066
0.819939
0.825484
0.830635
0.835284
0.839299
0.842555
0.84493
0.846348
0.846771
0.846187
0.844653
0.842269
0.839157
0.835483
0.831452
0.827255
0.823095
0.819163
0.815631
0.812623
0.810211
0.808438
0.807279
0.806664
0.806494
0.806646
0.806996
0.807414
0.807778
0.807994
0.807979
0.807667
0.807027
0.806049
0.804762
0.803182
0.80135
0.79935
0.797257
0.795176
0.793223
0.791521
0.790176
0.789279
0.788915
0.789127
0.789932
0.791312
0.79323
0.795608
0.798374
0.801423
0.804634
0.807869
0.810967
0.81377
0.816103
0.817811
0.818787
0.818981
0.818409
0.817147
0.81533
0.813121
0.810696
0.808218
0.805792
0.803476
0.801261
0.799071
0.796764
0.794182
0.791136
0.787425
0.782884
0.777397
0.770923
0.763478
0.75515
0.746107
0.736602
0.726946
0.717483
0.708584
0.700629
0.69398
0.688955
0.685838
0.68485
0.686119
0.689716
0.695628
0.703743
0.713878
0.725803
0.73923
0.753858
0.769364
0.785407
0.80166
0.8178
0.8335
0.848442
0.862325
0.874882
0.885856
0.895036
0.902238
0.907332
0.910237
0.910926
0.909417
0.90577
0.900128
0.892659
0.883576
0.873138
0.861611
0.849286
0.836448
0.823374
0.810335
0.797541
0.785165
0.773357
0.762225
0.751857
0.742317
0.733665
0.725965
0.719272
0.713634
0.709102
0.705716
0.703492
0.702446
0.702557
0.703774
0.706016
0.709184
0.713139
0.717747
0.722864
0.728335
0.734037
0.739862
0.745713
0.751513
0.757196
0.762709
0.768005
0.773044
0.777795
0.782254
0.78644
0.790408
0.794266
0.798148
0.8022
0.806589
0.811451
0.816886
0.822945
0.829602
0.836761
0.844254
0.851877
0.85938
0.866472
0.872886
0.878369
0.882711
0.885752
0.8874
0.887623
0.886436
0.883892
0.880086
0.875156
0.869261
0.862585
0.855312
0.84764
0.839764
0.831897
0.824224
0.81693
0.810173
0.804098
0.798844
0.79453
0.791254
0.789097
0.788098
0.788265
0.789574
0.791914
0.79513
0.799029
0.803361
0.807856
0.812243
0.816274
0.819702
0.822354
0.824099
0.824867
0.824635
0.823451
0.821414
0.81867
0.81541
0.811814
0.808069
0.804315
0.800663
0.797174
0.793847
0.790647
0.787515
0.784399
0.781259
0.778073
0.774863
0.771681
0.7686
0.765711
0.763112
0.760903
0.759176
0.757999
0.757413
0.757412
0.757942
0.758911
0.760185
0.761593
0.762938
0.764054
0.764794
0.765065
0.764819
0.76406
0.762858
0.761324
0.759605
0.757874
0.756309
0.755083
0.754355
0.754251
0.754864
0.756233
0.758341
0.761106
0.7644
0.768045
0.771847
0.775591
0.779048
0.781992
0.784226
0.78558
0.785948
0.785275
0.783573
0.780936
0.777513
0.773522
0.769247
0.764978
0.760989
0.757507
0.754683
0.7526
0.751285
0.750728
0.750916
0.751846
0.753557
0.756101
0.759552
0.763953
0.769309
0.775574
0.782644
0.790359
0.798496
0.806817
0.815041
0.82287
0.830013
0.836198
0.841161
0.844682
0.846586
0.846763
0.845164
0.841823
0.836841
0.830401
0.822784
0.814323
0.805383
0.796384
0.787741
0.779852
0.773069
0.767666
0.763836
0.761674
0.761176
0.762236
0.764677
0.768244
0.772634
0.777532
0.782608
0.787563
0.792112
0.796022
0.799116
0.801282
0.802493
0.802788
0.802268
0.801095
0.799477
0.797649
0.79584
0.794282
0.793145
0.792573
0.792694
0.793589
0.795302
0.797846
0.801215
0.805386
0.810302
0.815875
0.821983
0.828453
0.835099
0.841722
0.84811
0.854065
0.859393
0.863904
0.867437
0.869842
0.870979
0.870749
0.869061
0.865841
0.861058
0.854721
0.846863
0.837567
0.826963
0.815233
0.802616
0.789395
0.775889
0.762464
0.749516
0.737449
0.726648
0.717444
0.710114
0.704824
0.701645
0.700575
0.701534
0.704385
0.708959
0.715054
0.722474
0.731007
0.740423
0.750489
0.760971
0.771571
0.781993
0.791929
0.801054
0.80905
0.815626
0.820523
0.823556
0.824596
0.823594
0.820612
0.815833
0.809577
0.802296
0.794543
0.786942
0.780102
0.774579
0.770794
0.76899
0.769224
0.771397
0.775313
0.780681
0.787206
0.794593
0.802532
0.810722
0.818873
0.826686
0.833884
0.840227
0.845515
0.84959
0.852379
0.853852
0.85405
0.853089
0.85112
0.848338
0.844957
0.841183
0.837224
0.833275
0.829489
0.826006
0.822944
0.820369
0.81833
0.816847
0.815901
0.815467
0.815508
0.815982
0.816857
0.818123
0.819781
0.82184
0.824327
0.82725
0.830566
0.834172
0.837916
0.841583
0.844919
0.847666
0.849587
0.850491
0.850248
0.848814
0.846194
0.842443
0.837645
0.831902
0.825313
0.817986
0.810013
0.801486
0.792503
0.783162
0.773588
0.763912
0.754306
0.744968
0.736112
0.727968
0.720746
0.714632
0.709757
0.706217
0.704052
0.703252
0.703749
0.705461
0.708264
0.71204
0.716632
0.721889
0.727626
0.733646
0.739745
0.745718
0.751353
0.756447
0.76083
0.764358
0.766929
0.768507
0.769083
0.76872
0.767539
0.765711
0.763454
0.761006
0.758596
0.756451
0.754778
0.753744
0.753502
0.754171
0.755838
0.758547
0.762321
0.767129
0.772886
0.7795
0.786827
0.794707
0.80296
0.811412
0.819886
0.828213
0.836226
0.843774
0.850741
0.856988
0.862406
0.866903
0.8704
0.872849
0.874228
0.87453
0.873796
0.872091
0.869499
0.866127
0.862086
0.857476
0.852385
0.846898
0.841095
0.835035
0.828784
0.82243
0.816055
0.80979
0.803796
0.798254
0.793361
0.789317
0.786263
0.784286
0.783386
0.783454
0.78428
0.785603
0.787134
0.78858
0.789695
0.790297
0.790288
0.789653
0.78843
0.786714
0.784655
0.782422
0.780218
0.778256
0.776756
0.775922
0.775901
0.776812
0.778709
0.781539
0.785187
0.789427
0.793964
0.798474
0.802627
0.806115
0.808687
0.810129
0.810309
0.809171
0.806727
0.803066
0.798348
0.792781
0.786607
0.780101
0.773551
0.767237
0.761412
0.756307
0.752084
0.748833
0.74656
0.745212
0.74468
0.744812
0.745432
0.746357
0.747446
0.748597
0.749744
0.750854
0.751941
0.753039
0.754221
0.755525
0.757012
0.75872
0.760679
0.762906
0.765404
0.768156
0.771113
0.774222
0.77741
0.780612
0.78377
0.786812
0.789697
0.792404
0.794909
0.797207
0.7993
0.801192
0.802875
0.804321
0.805469
0.806262
0.80664
0.806546
0.80595
0.80485
0.803287
0.801331
0.799099
0.796708
0.794304
0.792044
0.790064
0.78847
0.787332
0.786688
0.78654
0.786845
0.787522
0.788475
0.789598
0.790771
0.791897
0.792874
0.793616
0.794051
0.794126
0.793808
0.793085
0.791969
0.790509
0.78877
0.786849
0.784878
0.782993
0.781337
0.780024
0.77916
0.778812
0.779018
0.779773
0.781028
0.782705
0.78467
0.786758
0.788799
0.79061
0.792019
0.792855
0.793008
0.792452
0.791233
0.789472
0.787389
0.785246
0.783325
0.78191
0.781235
0.781481
0.782739
0.785042
0.788347
0.792536
0.797453
0.802897
0.808661
0.814512
0.820218
0.82556
0.830347
0.8344
0.837565
0.839747
0.840874
0.84096
0.840049
0.838244
0.835714
0.832648
0.829237
0.825673
0.822122
0.818689
0.815435
0.812367
0.80943
0.806542
0.803592
0.800463
0.79705
0.793279
0.789112
0.784562
0.779688
0.774616
0.769506
0.764584
0.760104
0.756345
0.753551
0.751929
0.751631
0.752726
0.755205
0.75899
0.76395
0.769931
0.776752
0.784224
0.792168
0.800403
0.80876
0.817098
0.82527
0.833154
0.840611
0.847522
0.853749
0.859177
0.863685
0.867155
0.869497
0.87064
0.870543
0.869186
0.866582
0.862759
0.85779
0.851769
0.844859
0.837209
0.829035
0.820559
0.812056
0.80378
0.796001
0.78896
0.78285
0.777793
0.773834
0.77092
0.768929
0.767702
0.76704
0.766761
0.766699
0.766742
0.766825
0.766951
0.767141
0.767444
0.767903
0.768567
0.769468
0.770606
0.771993
0.773643
0.775584
0.777862
0.780543
0.783669
0.787244
0.791215
0.79545
0.79976
0.803892
0.807556
0.810462
0.812359
0.813036
0.812356
0.810266
0.80683
0.802182
0.796511
0.790095
0.783265
0.776373
0.769759
0.763741
0.758602
0.754551
0.7517
0.750063
0.749556
0.75003
0.75125
0.752957
0.754863
0.756691
0.758216
0.759232
0.759585
0.759197
0.758024
0.75605
0.75332
0.749909
0.745924
0.741519
0.736872
0.732186
0.727676
0.723565
0.720055
0.717316
0.715462
0.714533
0.714512
0.715324
0.716873
0.719062
0.721803
0.725032
0.728711
0.732838
0.737394
0.742369
0.747747
0.753511
0.759637
0.766088
0.772802
0.77969
0.786658
0.793593
0.80037
0.806862
0.812946
0.818521
0.823508
0.827849
0.831542
0.834628
0.837194
0.839367
0.841318
0.843226
0.845278
0.84765
0.850498
0.853943
0.858068
0.862858
0.868262
0.874171
0.880423
0.886813
0.893122
0.899129
0.904629
0.909444
0.913391
0.916306
0.918081
0.918616
0.91784
0.915698
0.912156
0.907206
0.900877
0.893217
0.884318
0.874279
0.863255
0.851421
0.838965
0.826088
0.813012
0.799963
0.787167
0.774845
0.763219
0.7525
0.742888
0.734563
0.727694
0.722396
0.71873
0.716719
0.716325
0.717462
0.719994
0.723745
0.728519
0.734101
0.740268
0.746791
0.753441
0.759997
0.766265
0.772056
0.777226
0.781661
0.785302
0.78814
0.79022
0.791619
0.792446
0.792825
0.792868
0.792693
0.792364
0.791928
0.791403
0.790795
0.790103
0.789318
0.788448
0.787525
0.786598
0.7857
0.784875
0.784165
0.783589
0.783152
0.782857
0.782701
0.782669
0.782747
0.78294
0.783252
0.783687
0.784248
0.784906
0.785617
0.786314
0.786911
0.787348
0.787619
0.787765
0.787892
0.788171
0.788808
0.790015
0.791979
0.794833
0.798641
0.803389
0.808983
0.815248
0.821957
0.82884
0.8356
0.841922
0.847517
0.8521
0.855429
0.857323
0.857639
0.856298
0.853273
0.848597
0.842389
0.834819
0.826127
0.816607
0.806592
0.796462
0.786607
0.777398
0.769188
0.762236
0.756715
0.752698
0.750144
0.748907
0.748767
0.749446
0.750621
0.751965
0.753194
0.75406
0.754373
0.754013
0.752917
0.751063
0.748469
0.745196
0.741333
0.737007
0.732374
0.727619
0.722957
0.71862
0.714861
0.711964
0.710208
0.709878
0.711218
0.714436
0.719652
0.726889
0.736053
0.746941
0.759268
0.772667
0.786757
0.80114
0.81545
0.829346
0.842504
0.854632
0.865488
0.874856
0.882575
0.888528
0.892681
0.895054
0.8957
0.894726
0.892263
0.888482
0.883574
0.877744
0.871203
0.864155
0.856788
0.84931
0.841877
0.83463
0.827686
0.821149
0.815109
0.809658
0.804912
0.800991
0.798029
0.796152
0.795454
0.796008
0.797832
0.800867
0.804994
0.810023
0.815716
0.821784
0.827926
0.833839
0.839261
0.843944
0.847645
0.850173
0.851386
0.851176
0.849479
0.846281
0.841606
0.835514
0.828088
0.819437
0.809683
0.798975
0.787497
0.775472
0.763157
0.750842
0.738841
0.727477
0.717056
0.707835
0.700017
0.693769
0.689217
0.68643
0.68546
0.686359
0.689148
0.693823
0.700341
0.708602
0.71845
0.729643
0.741869
0.754755
0.767903
0.780883
0.793281
0.804727
0.814882
0.823466
0.830281
0.835185
0.838126
0.839122
0.83825
0.83566
0.831561
0.826208
0.819893
0.812933
0.80566
0.798398
0.791464
0.785134
0.779642
0.775154
0.771776
0.769531
0.768376
0.76822
0.768924
0.770317
0.772227
0.774493
0.77699
0.779651
0.78245
0.78539
0.78848
0.791719
0.795077
0.798455
0.801719
0.804696
0.807203
0.809074
0.810184
0.810471
0.80991
0.808546
0.806507
0.803933
0.800984
0.797833
0.794661
0.791599
0.788776
0.786294
0.784237
0.78267
0.781639
0.781189
0.78134
0.782088
0.783426
0.785306
0.787647
0.79036
0.793335
0.796464
0.799659
0.80285
0.806016
0.809185
0.812433
0.815847
0.819527
0.823559
0.827973
0.832768
0.83785
0.84307
0.848243
0.853159
0.857583
0.8613
0.864142
0.865963
0.866661
0.866188
0.864561
0.861846
0.858146
0.853597
0.84836
0.842592
0.836461
0.830122
0.823713
0.81738
0.811263
0.805518
0.800301
0.795762
0.792045
0.789268
0.787515
0.78682
0.78716
0.788471
0.79063
0.793468
0.796785
0.800357
0.803959
0.807383
0.810428
0.812914
0.814689
0.815617
0.815599
0.814547
0.812398
0.809126
0.804742
0.7993
0.792913
0.785728
0.77793
0.769727
0.761329
0.752938
0.744722
0.736814
0.729277
0.722143
0.715403
0.709044
0.703057
0.697437
0.692218
0.687473
0.683304
0.679844
0.677236
0.675608
0.675067
0.675698
0.677554
0.680634
0.684903
0.690292
0.696719
0.704107
0.712388
0.721504
0.731415
0.742103
0.753536
0.765676
0.778458
0.791789
0.805535
0.819529
0.833606
0.847577
0.86123
0.874345
0.886693
0.898054
0.908198
0.916883
0.923913
0.929115
0.932377
0.93363
0.932847
0.93007
0.925413
0.919017
0.911095
0.901891
0.891678
0.88074
0.86935
0.857765
0.846219
0.834916
0.824024
0.813673
0.803982
0.795054
0.786964
0.779814
0.773672
0.768583
0.764593
0.761735
0.759999
0.759349
0.759714
0.761
0.763071
0.765788
0.768999
0.772521
0.77617
0.779764
0.783145
0.786143
0.788628
0.790494
0.791671
0.79212
0.79186
0.790929
0.789397
0.787387
0.785017
0.782404
0.779652
0.776865
0.77414
0.771572
0.769233
0.767219
0.765639
0.764618
0.764293
0.76482
0.766326
0.768908
0.772646
0.777563
0.783643
0.790808
0.798933
0.80783
0.817276
0.827024
0.836789
0.846274
0.855179
0.863193
0.870036
0.875442
0.879172
0.881034
0.880895
0.878699
0.874475
0.86835
0.860514
0.851255
0.840927
0.829913
0.818606
0.807329
0.796339
0.785815
0.775854
0.766528
0.757874
0.749952
0.742862
0.73672
0.731679
0.727878
0.725439
0.72444
0.72488
0.726697
0.72977
0.733925
0.73895
0.744611
0.75069
0.756982
0.763327
0.769599
0.775691
0.781538
0.78709
0.792301
0.797149
0.801603
0.805613
0.809159
0.812251
0.814895
0.817109
0.818934
0.820422
0.82163
0.822617
0.823415
0.824028
0.824439
0.824609
0.82448
0.82397
0.822978
0.82138
0.819049
0.815869
0.81173
0.806548
0.800259
0.792849
0.784352
0.774843
0.764452
0.753386
0.741898
0.73027
0.718795
0.707782
0.697542
0.688368
0.680521
0.674222
0.669677
0.667034
0.666404
0.667859
0.671428
0.677076
0.684726
0.694218
0.70534
0.717824
0.731359
0.745602
0.760176
0.774699
0.788795
0.802123
0.814375
0.825285
0.834615
0.842164
0.847764
0.851305
0.852698
0.851896
0.848888
0.843737
0.836596
0.827725
0.817466
0.806245
0.794576
0.783028
0.772169
0.762519
0.754507
0.748447
0.744485
0.742612
0.742693
0.744508
0.747781
0.752247
0.757666
0.763796
0.770455
0.77748
0.784722
0.792032
0.799253
0.80621
0.812733
0.818651
0.823811
0.828096
0.831431
0.833797
0.835187
0.835651
0.835297
0.834237
0.832624
0.830625
0.828412
0.826154
0.824012
0.822112
0.820571
0.819468
0.818851
0.818725
0.81907
0.819799
0.820785
0.821896
0.822974
0.823878
0.824449
0.824531
0.824016
0.822849
0.821047
0.818697
0.815931
0.812955
0.810017
0.807389
0.805336
0.80409
0.803789
0.804514
0.806252
0.808919
0.812382
0.816452
0.820929
0.825615
0.830313
0.83484
0.839044
0.84275
0.845804
0.848052
0.849352
0.849585
0.848646
0.846463
0.843001
0.838275
0.832363
0.825388
0.817517
0.808972
0.799977
0.790784
0.781649
0.772822
0.764504
0.756888
0.750123
0.744326
0.739605
0.736028
0.73366
0.732511
0.732556
0.733697
0.735769
0.738564
0.741863
0.745441
0.749126
0.752787
0.756359
0.759829
0.763211
0.766545
0.769862
0.773172
0.776479
0.779784
0.783082
0.786356
0.789597
0.792814
0.79601
0.799203
0.802401
0.805616
0.808836
0.812028
0.815129
0.818032
0.820608
0.822708
0.824181
0.82488
0.82467
0.823433
0.821087
0.817571
0.812869
0.806995
0.800003
0.791966
0.782995
0.773223
0.762788
0.751832
0.740524
0.729045
0.717625
0.706547
0.696128
0.686734
0.678782
0.672698
0.668879
0.667667
0.669303
0.673895
0.68142
0.691707
0.704448
0.719249
0.735662
0.753213
0.771434
0.789878
0.808136
0.825861
0.842762
0.858593
0.873146
0.88627
0.897849
0.907803
0.91607
0.922619
0.927456
0.930602
0.932104
0.93203
0.930467
0.927527
0.923328
0.91803
0.91181
0.904866
0.897414
0.889666
0.88181
0.874018
0.866404
0.859039
0.851965
0.84516
0.838575
0.832144
0.825794
0.819459
0.813091
0.806661
0.800174
0.793657
0.787192
0.780903
0.774929
0.76944
0.764624
0.76066
0.757714
0.755874
0.755171
0.755562
0.756921
0.759046
0.761688
0.764582
0.767457
0.770054
0.772149
0.77357
0.774198
0.77397
0.772887
0.771008
0.76843
0.765293
0.761759
0.758003
0.754183
0.750435
0.74686
0.743529
0.740473
0.737716
0.735274
0.733156
0.731391
0.730029
0.729141
0.728804
0.729092
0.730065
0.731758
0.73417
0.737254
0.74092
0.745043
0.749478
0.754077
0.75871
0.763243
0.767574
0.771648
0.77542
0.778873
0.78202
0.784895
0.787534
0.790004
0.79237
0.794713
0.797114
0.799648
0.802386
0.805365
0.808602
0.812086
0.815783
0.819629
0.823556
0.827469
0.831304
0.834999
0.838497
0.841769
0.844805
0.847613
0.850224
0.852665
0.85495
0.857085
0.859072
0.860882
0.862452
0.863714
0.864585
0.864985
0.86482
0.863997
0.862435
0.860052
0.856811
0.852704
0.847745
0.841987
0.835515
0.828427
0.820832
0.812852
0.80461
0.796237
0.787866
0.779614
0.771603
0.763953
0.756809
0.750307
0.744605
0.739865
0.736266
0.733933
0.732957
0.733382
0.73519
0.7383
0.742576
0.747816
0.753781
0.760214
0.766859
0.773446
0.779714
0.785434
0.790406
0.794481
0.79754
0.799515
0.800378
0.800138
0.798846
0.796567
0.793391
0.789438
0.784818
0.779676
0.774148
0.768375
0.762504
0.756686
0.751075
0.74579
0.740956
0.736691
0.733108
0.730304
0.728373
0.727411
0.727496
0.728678
0.730997
0.734468
0.739083
0.744788
0.751481
0.759003
0.767166
0.775728
0.78443
0.792998
0.801187
0.80877
0.815568
0.821466
0.82638
0.830279
0.833196
0.835191
0.836369
0.836842
0.836729
0.836142
0.83518
0.833927
0.832465
0.830855
0.829103
0.827228
0.825252
0.823185
0.821029
0.818785
0.816458
0.814052
0.811584
0.809074
0.806542
0.804003
0.801482
0.798993
0.796541
0.794105
0.791651
0.789123
0.786481
0.783679
0.780708
0.777602
0.774434
0.771351
0.768561
0.766299
0.764814
0.76433
0.764996
0.766857
0.76986
0.77384
0.778559
0.783708
0.788948
0.793957
0.798459
0.802247
0.805183
0.8072
0.808306
0.808554
0.808039
0.806882
0.805235
0.803226
0.800969
0.798578
0.796147
0.793727
0.791379
0.789155
0.787102
0.785292
0.783779
0.782617
0.781877
0.781621
0.78191
0.78279
0.784305
0.786443
0.789178
0.792471
0.796264
0.800494
0.805082
0.809935
0.814944
0.81999
0.824957
0.829712
0.834112
0.838017
0.841302
0.843879
0.845682
0.846718
0.847046
0.846812
0.846218
0.845522
0.845009
0.84493
0.845437
0.84655
0.848147
0.849959
0.851648
0.852853
0.853234
0.852537
0.850603
0.847376
0.842859
0.837133
0.830324
0.822603
0.814189
0.805332
0.796312
0.787409
0.778902
0.771063
0.764139
0.758305
0.753677
0.750302
0.748174
0.747228
0.747356
0.748415
0.750258
0.75274
0.755727
0.759096
0.762734
0.766515
0.770313
0.773995
0.777429
0.780479
0.783017
0.784937
0.786152
0.786602
0.786255
0.785113
