-0.487881   -0.495731   0.497125
-0.330045   -0.333037   -0.495385
-0.49939   -0.326593   -0.320148
-0.345397   0.489076   -0.324305
-0.163504   0.490801   0.481853
-0.00544461   -0.347785   -0.488883
-0.170805   -0.367883   -0.338537
0.0158292   -0.493875   -0.328816
0.163173   0.499316   0.493888
0.342128   -0.342554   -0.485651
0.174094   -0.33862   -0.337383
0.326027   0.496482   -0.350488
-0.493691   -0.171583   -0.495644
-0.330811   -0.00132906   -0.489246
-0.492977   -0.00345048   -0.335118
-0.337032   -0.162028   -0.328188
-0.154681   -0.165146   -0.485904
-0.0153982   0.00242363   0.494696
-0.152484   -0.00926192   -0.303846
0.00756638   -0.169626   -0.332516
0.174218   -0.174674   -0.497438
0.338459   -0.00340713   -0.489708
0.144749   -0.000569865   -0.317124
0.338942   -0.167726   -0.315128
0.494848   0.16762   0.498815
-0.343641   0.328299   0.491574
0.486732   0.329874   -0.336793
-0.339002   0.150917   -0.320537
-0.170968   0.172798   0.491563
-0.00342565   0.327958   0.491309
-0.172684   0.335633   -0.344732
-0.00317974   0.167693   -0.330129
0.174811   0.162218   -0.487259
0.336956   0.332515   0.495578
0.180421   0.319517   -0.330741
0.347064   0.14347   -0.322252
0.499908   -0.484772   -0.164872
-0.332006   -0.347656   -0.164564
-0.489945   -0.340308   0.00141255
-0.318261   0.494469   -0.00976161
-0.166608   -0.499422   -0.176241
0.00401433   -0.333485   -0.17109
-0.174161   -0.323688   0.0110589
-0.0126254   -0.498603   0.00543773
0.163857   -0.49655   -0.15467
0.332281   -0.325235   -0.163456
0.162145   -0.36688   0.0269968
0.328546   -0.493991   -0.0167925
-0.481165   -0.161494   -0.174681
-0.322243   0.013142   -0.160597
-0.493474   -0.00725144   0.00663797
-0.32112   -0.17849   -0.0104818
-0.169917   -0.190816   -0.182387
-0.00417156   -0.0310643   -0.144033
-0.162687   -0.0166229   0.0180734
0.00406375   -0.191693   0.0159675
0.174497   -0.183866   -0.167627
0.338151   -0.0144383   -0.157002
0.17   -0.0213567   -0.0025929
0.335858   -0.160694   -0.00539198
0.493108   0.15948   -0.17372
-0.345503   0.350333   -0.16245
-0.499337   0.341077   -0.0119597
-0.317778   0.162038   0.00149352
-0.159865   0.175612   -0.180615
0.0151356   0.35598   -0.17577
-0.152293   0.332295   0.00562605
0.00974791   0.187092   -0.00589538
0.173047   0.148007   -0.157706
0.348022   0.347693   -0.183576
0.191881   0.332553   -0.023299
0.34044   0.144326   -0.000917129
0.473196   -0.48263   0.174161
-0.337923   -0.322525   0.167896
0.488044   -0.329647   0.338274
-0.327588   -0.482032   0.339595
-0.170438   0.497122   0.166886
-0.00256809   -0.333313   0.172878
-0.154928   -0.340256   0.354226
0.000831263   0.483276   0.324066
0.173253   0.485075   0.184485
0.318304   -0.337638   0.186934
0.145622   -0.340869   0.324407
0.338423   0.498822   0.340936
-0.491402   -0.172108   0.166251
-0.34298   -0.0167085   0.174129
0.495564   -0.000243677   0.349385
-0.335201   -0.156165   0.359696
-0.1735   -0.175221   0.167755
0.00819958   0.0138961   0.157603
-0.165089   0.00377653   0.332385
-0.00402845   -0.166624   0.326784
0.174728   -0.160425   0.160259
0.332386   -0.0144948   0.166898
0.149533   0.000238302   0.345095
0.317304   -0.15951   0.338912
0.494256   0.154929   0.181036
-0.319222   0.344273   0.147657
-0.498736   0.331743   0.316942
-0.325533   0.153044   0.335082
-0.165077   0.168599   0.160446
0.0180423   0.312685   0.185566
-0.168279   0.33738   0.32439
0.00935011   0.165815   0.334669
0.188129   0.158967   0.165207
0.336334   0.339575   0.154275
0.175831   0.336463   0.345808
0.329841   0.153962   0.34853
