-0.487911   -0.495526   0.496994
-0.330126   -0.332929   -0.495364
-0.499632   -0.326618   -0.320099
-0.345304   0.489164   -0.324272
-0.163575   0.490864   0.481905
-0.00553333   -0.347893   -0.488835
-0.170756   -0.367882   -0.338617
0.0158018   -0.493924   -0.32872
0.163383   0.49936   0.493794
0.342168   -0.342542   -0.485677
0.174094   -0.338705   -0.337237
0.32608   0.496645   -0.350585
-0.493468   -0.17146   -0.495717
-0.330886   -0.00136576   -0.489262
-0.49296   -0.0033589   -0.335164
-0.337005   -0.16184   -0.328282
-0.154599   -0.165229   -0.48574
-0.015383   0.00236722   0.494502
-0.152526   -0.00924845   -0.303776
0.00770389   -0.169649   -0.332346
0.174367   -0.174689   -0.497445
0.338288   -0.00346176   -0.489529
0.144812   -0.000559872   -0.317387
0.338883   -0.167762   -0.315236
0.494726   0.167502   0.498679
-0.343665   0.328301   0.491671
0.486739   0.329772   -0.336799
-0.338906   0.150945   -0.320592
-0.170997   0.172751   0.491718
-0.00351879   0.328074   0.491249
-0.172732   0.335558   -0.344658
-0.00324159   0.167699   -0.330168
0.174954   0.162246   -0.48718
0.336846   0.332552   0.495498
0.18042   0.319484   -0.330681
0.347111   0.143262   -0.322326
-0.499918   -0.484705   -0.164881
-0.332044   -0.347765   -0.164847
-0.489898   -0.340279   0.0013119
-0.318139   0.494466   -0.00988029
-0.166612   -0.499683   -0.176017
0.00404613   -0.333397   -0.170988
-0.174227   -0.323719   0.0111171
-0.0127421   -0.498521   0.00556835
0.163851   -0.496617   -0.154665
0.332197   -0.325282   -0.163477
0.162207   -0.366998   0.0269873
0.32853   -0.494008   -0.01673
-0.481242   -0.161451   -0.174576
-0.32216   0.0131113   -0.160475
-0.493481   -0.00732979   0.00658182
-0.321266   -0.178587   -0.0102573
-0.169917   -0.190751   -0.182662
-0.00408617   -0.0310598   -0.144246
-0.162694   -0.0166934   0.0181949
0.0040991   -0.191801   0.0159726
0.174464   -0.183887   -0.167601
0.338223   -0.0144709   -0.156973
0.170087   -0.0213255   -0.00253828
0.335911   -0.160755   -0.00539884
0.493117   0.159351   -0.173573
-0.345672   0.35029   -0.162369
-0.499219   0.341139   -0.0119686
-0.317818   0.162106   0.00153536
-0.159897   0.175593   -0.180649
0.0151288   0.356025   -0.175819
-0.152205   0.332213   0.00571442
0.00972554   0.186991   -0.00594539
0.173081   0.147905   -0.157703
0.347899   0.347682   -0.18362
0.191911   0.332508   -0.0233402
0.340344   0.144573   -0.000881585
0.473194   -0.482763   0.174101
-0.337899   -0.322485   0.167902
0.488025   -0.329629   0.338396
-0.327581   -0.482027   0.339467
-0.170422   0.497156   0.16698
-0.00252162   -0.333301   0.172813
-0.154976   -0.340347   0.354176
0.000986584   0.483257   0.324179
0.173202   0.485138   0.184509
0.318397   -0.337742   0.186936
0.145752   -0.340937   0.324497
0.338383   0.499025   0.340931
-0.491649   -0.172072   0.16637
-0.343085   -0.0168715   0.173988
0.495481   -7.41488e-05   0.349496
-0.335302   -0.156255   0.35966
-0.173634   -0.175142   0.167712
0.00834886   0.0139329   0.157566
-0.1651   0.00388507   0.332405
-0.00383459   -0.16677   0.326692
0.174646   -0.160283   0.160195
0.332204   -0.0144971   0.166787
0.149599   0.00035395   0.345138
0.317359   -0.159466   0.338836
0.494225   0.155092   0.18106
-0.319276   0.344258   0.14754
-0.49869   0.33191   0.317091
-0.325516   0.152999   0.335255
-0.16505   0.168567   0.160382
0.0178341   0.312659   0.185584
-0.168232   0.337469   0.324346
0.00939254   0.165928   0.334823
0.188246   0.158979   0.165293
0.336364   0.339503   0.154319
0.175888   0.336344   0.345531
0.329797   0.15413   0.348379
