0        267.035
1        267.035
2        267.035
3         265.76
4         265.76
5         263.57
6        262.816
7        262.816
8        262.816
9        262.816
10        261.377
11        255.969
12        255.969
13        254.946
14        248.786
15        248.786
16        248.786
17        248.786
18        243.664
19        240.665
20        240.665
21        240.665
22        235.896
23        235.896
24        235.896
25        235.896
26        227.391
27        227.391
28        224.392
29        224.392
30        224.392
31        224.392
32        224.392
33        219.623
34        219.623
35        219.623
36        219.623
37        219.623
38        219.623
39        209.317
40        209.317
41        209.317
42        209.317
43        209.317
44        209.317
45        209.317
46        209.317
47        209.317
48        209.317
49        209.317
50        209.317
51        209.317
52        209.317
53         208.32
54        196.882
55        196.882
56        196.882
57        196.882
58        196.882
59        196.882
60        196.882
61        196.882
62        196.882
63        196.882
64        196.882
65        196.882
66        196.882
67        196.882
68        193.242
69        193.242
70        191.633
71        191.633
72        191.633
73         188.96
74         188.96
75         188.96
76         188.96
77         188.96
78         188.96
79         188.96
80        187.055
81        187.055
82        182.689
83        182.689
84        182.689
85        182.689
86        182.689
87        179.757
88        179.757
89        179.757
90        179.757
91        179.757
92        176.582
93        176.582
94        176.582
95        176.582
96        171.917
97        171.917
98        171.917
99        171.917
100        171.917
101        171.917
102        171.917
103        171.917
104        171.917
105        171.917
106        171.917
107        171.917
108        171.917
109        171.917
110        171.917
111        171.917
112        171.068
113        171.068
114        171.068
115        171.068
116        171.068
117        170.359
118        170.359
119        170.359
120        170.359
121        170.359
122        165.748
123        165.748
124        165.748
125        165.748
126        165.748
127         165.04
128         165.04
129         165.04
130         165.04
131         165.04
132         165.04
133         165.04
134          162.3
135        162.042
136        162.042
137        162.042
138        162.042
139        162.042
140        162.042
141        161.552
142         159.81
143        159.631
144        159.631
145         155.62
146         155.62
147         155.62
148         155.62
149         155.62
150         155.62
151         155.62
152         155.62
153         155.62
154        150.513
155        150.513
156        150.513
157        150.513
158        150.513
159        150.513
160        150.513
161        146.655
162        146.655
163        146.655
164        146.655
165        146.655
166        146.655
167        146.655
168        144.938
169        144.938
170        144.938
171        144.938
172        141.845
173        141.845
174        141.845
175        141.845
176        141.549
177        137.973
178        137.973
179        137.973
180        137.545
181        137.545
182        137.545
183        137.545
184        137.545
185        137.545
186        136.721
187        136.721
188        135.913
189        135.913
190        135.913
191         133.72
192         133.72
193         133.72
194         133.72
195         133.72
196        131.291
197        131.291
198        131.291
199        131.291
200        130.863
201        130.863
202        130.863
203        130.039
204        130.039
205        130.039
206        130.039
207        130.039
208        130.039
209        130.039
210        130.039
211        130.039
212        130.039
213        130.039
214        128.355
215        128.355
216        128.355
217        128.355
218        128.355
219        128.355
220        128.355
221        128.355
222        128.355
223        128.355
224        128.355
225        128.355
226        128.355
227        128.355
228        128.355
229        128.355
230        128.355
231        128.355
232        127.642
233        127.642
234        127.642
235        127.642
236        127.642
237        127.642
238        127.642
239        127.642
240        127.642
241        127.642
242        127.642
243        127.642
244        127.642
245        127.642
246        127.222
247        127.222
248        127.222
249        127.222
250        127.222
251        127.222
252        127.222
253        127.222
254        127.222
255        127.222
256        127.222
257        127.222
258        127.222
259        127.222
260        127.222
261        127.222
262        127.222
263        127.222
264        127.222
265        127.222
266        127.222
267        127.222
268        127.222
269        127.222
270        127.222
271        125.467
272        125.467
273        125.467
274        125.467
275        125.467
276        125.467
277        125.467
278        125.467
279        125.467
280        125.467
281        125.467
282        125.467
283        125.467
284        125.467
285        125.467
286        125.467
287        125.467
288        125.467
289        125.467
290        125.467
291        125.467
292        125.467
293        125.467
294        125.467
295        125.467
296        125.467
297        125.467
298        125.467
299        125.467
300        125.467
301        125.467
302        125.467
303        125.112
304        125.112
305        125.112
306        125.112
307        125.112
308        125.112
309        125.112
310        125.112
311        125.112
312        125.112
313        125.112
314        125.112
315         124.23
316         124.23
317         124.23
318         124.23
319         124.23
320         124.23
321         124.23
322         124.23
323        123.607
324        123.607
325        123.607
326        123.607
327        123.607
328        123.607
329        123.607
330        123.607
331        123.607
332        123.607
333        123.607
334        123.607
335        123.607
336        123.607
337        123.607
338        123.607
339        123.607
340        123.176
341        123.176
342        123.176
343        123.176
344        123.176
345        123.176
346        123.176
347        123.176
348        123.176
349        120.833
350        120.833
351        120.833
352        120.833
353        120.833
354        120.833
355        120.833
356        120.833
357        120.833
358        120.833
359        120.833
360        120.833
361        120.833
362        120.833
363        120.833
364        120.833
365        120.529
366        120.529
367        120.529
368        120.529
369        120.529
370        120.529
371        120.529
372        120.529
373        120.529
374        120.529
375        120.529
376        120.529
377        120.529
378        120.529
379        120.529
380        120.529
381        120.529
382        120.529
383        120.529
384        120.529
385        120.529
386        120.529
387        120.529
388        120.529
389        120.529
390        120.529
391        120.529
392        120.529
393        120.529
394        120.529
395        120.529
396        120.529
397        120.529
398        120.529
399        120.529
400        120.529
401        120.529
402        120.529
403        120.529
404        120.529
405        120.529
406        120.529
407        120.529
408        120.529
409        120.529
410        120.529
411        120.529
412        120.529
413        120.529
414        120.529
415        120.529
416        120.529
417        120.529
418        120.529
419        120.529
420        120.529
421        120.529
422        120.529
423        120.529
424        120.529
425        120.529
426        120.529
427        120.529
428        120.529
429        120.529
430        120.529
431        120.529
432        120.529
433        120.529
434        120.529
435        120.529
436        120.529
437        120.529
438        120.529
439        120.529
440        120.529
441        120.253
442        120.253
443        120.253
444        120.253
445        120.253
446        120.253
447        120.253
448        120.253
449        120.253
450        120.253
451        120.253
452        120.253
453        120.253
454        120.253
455        120.253
456        120.253
457        120.253
458        120.253
459        120.253
460        120.253
461        120.253
462        120.253
463        120.253
464        120.253
465        120.253
466        120.253
467        120.253
468        120.253
469        120.253
470        120.253
471        120.253
472        120.253
473        120.253
474        120.253
475        120.253
476        120.253
477        120.253
478        120.253
479        120.253
480        120.253
481        120.253
482        120.253
483        120.253
484        120.253
485        120.253
486        120.253
487        120.253
488        120.253
489        120.253
490        120.253
491        120.253
492        120.253
493        120.253
494        120.253
495        120.253
496        120.253
497        120.253
498        120.253
499        120.253
500        120.253
501        120.253
502        120.253
503        120.253
504        120.253
505         119.79
506         119.79
507         119.79
508         119.79
509         119.79
510         119.79
511         119.79
512         119.79
513         119.79
514         119.79
515         119.79
516         119.79
517         119.79
518        119.489
519        119.489
520        119.489
521        119.489
522        119.489
523        119.489
524        119.489
525        119.489
526        119.489
527        119.489
528        119.489
529        119.489
530        119.489
531        119.489
532        119.489
533        119.489
534        119.489
535        119.489
536        119.489
537        119.489
538        119.489
539        119.489
540        119.489
541        119.489
542        119.489
543        119.489
544        119.489
545        119.489
546        119.489
547        119.489
548        119.489
549        119.489
550        119.489
551        119.489
552        119.489
553        119.489
554        119.489
555        119.489
556        119.489
557        119.489
558        119.489
559        119.489
560        119.377
561        119.377
562        119.377
563        119.377
564        119.377
565        119.377
566        119.377
567        119.377
568        119.377
569        119.377
570        119.377
571        119.377
572        119.377
573        119.377
574        119.377
575        119.377
576        119.377
577        119.377
578        119.377
579        119.377
580        119.377
581        119.377
582        119.377
583        119.377
584        119.377
585        119.377
586        119.377
587        119.377
588        119.377
589        119.377
590        119.377
591        119.377
592        119.377
593        119.377
594        119.377
595        119.377
596        119.377
597        119.377
598        119.377
599        119.377
600        119.377
601        119.377
602        119.377
603        119.377
604        119.242
605        119.242
606        119.242
607        119.242
608        119.242
609        119.242
610        119.242
611        119.242
612        119.242
613        119.242
614        119.242
615        119.242
616        119.242
617        119.242
618        119.242
619        119.242
620         119.13
621         119.13
622         119.13
623         119.13
624         119.13
625         119.13
626         119.13
627         119.13
628         119.13
629         119.13
630         119.13
631         119.13
632         119.13
633         119.13
634         119.13
635         119.13
636         119.13
637         119.13
638         119.13
639         119.13
640         119.13
641         119.13
642         119.13
643         119.13
644         119.13
645         119.13
646         119.13
647         119.13
648         119.13
649         119.13
650         119.13
651         119.13
652         119.13
653         119.13
654         119.13
655         119.13
656         119.13
657         119.13
658         119.13
659         119.13
660         119.13
661         119.13
662         119.13
663         119.13
664         119.13
665         119.13
666         119.13
667         119.13
668         119.13
669         119.13
670         119.13
671        118.007
672        118.007
673        118.007
674        118.007
675        118.007
676        118.007
677        118.007
678        118.007
679        118.007
680        118.007
681        118.007
682        118.007
683        118.007
684        118.007
685        118.007
686        118.007
687        118.007
688        118.007
689        118.007
690        118.007
691        118.007
692        118.007
693        118.007
694        118.007
695        118.007
696        118.007
697        118.007
698        118.007
699        118.007
700        118.007
701        118.007
702        118.007
703        118.007
704        118.007
705        118.007
706        118.007
707        118.007
708        118.007
709        118.007
710        118.007
711        118.007
712        118.007
713        118.007
714        118.007
715        118.007
716        118.007
717        118.007
718        118.007
719        118.007
720        118.007
721        118.007
722        118.007
723        118.007
724        118.007
725        118.007
726        118.007
727        118.007
728        118.007
729        118.007
730        118.007
731        118.007
732        118.007
733        118.007
734        118.007
735        118.007
736        118.007
737        118.007
738        118.007
739        118.007
740        118.007
741        118.007
742        118.007
743        118.007
744        118.007
745        118.007
746        118.007
747        118.007
748        118.007
749        118.007
750        118.007
751        118.007
752        118.007
753        118.007
754        118.007
755        118.007
756        118.007
757        118.007
758        118.007
759        118.007
760        118.007
761        118.007
762        118.007
763        118.007
764        118.007
765        118.007
766        118.007
767        118.007
768        118.007
769        118.007
770        118.007
771        118.007
772        118.007
773        118.007
774        118.007
775        118.007
776        118.007
777        118.007
778        118.007
779        118.007
780        118.007
781        118.007
782        118.007
783        118.007
784        118.007
785        118.007
786        118.007
787        118.007
788        118.007
789        118.007
790        118.007
791        118.007
792        118.007
793        118.007
794        118.007
795        118.007
796        118.007
797        118.007
798        118.007
799        118.007
800        118.007
801        118.007
802        118.007
803        118.007
804        118.007
805        118.007
806        118.007
807        118.007
808        118.007
809        118.007
810        118.007
811        118.007
812        118.007
813        118.007
814        118.007
815        118.007
816        118.007
817        118.007
818        118.007
819        118.007
820        118.007
821        118.007
822        118.007
823        118.007
824        118.007
825        118.007
826        118.007
827        118.007
828        118.007
829        118.007
830        118.007
831        118.007
832        118.007
833        118.007
834        118.007
835        118.007
836        118.007
837        118.007
838        118.007
839        118.007
840        118.007
841        118.007
842        118.007
843        118.007
844        118.007
845        118.007
846        118.007
847        118.007
848        118.007
849        117.763
850        117.763
851        117.763
852        117.763
853        117.763
854        117.763
855        117.763
856        117.763
857        117.763
858        117.763
859        117.763
860        117.763
861        117.763
862        117.763
863        116.171
864        116.171
865        116.171
866        116.171
867        116.171
868        116.171
869        116.171
870        116.171
871        116.171
872        116.171
873        116.171
874        114.278
875        114.278
876        114.278
877        114.252
878        114.252
879        114.252
880        114.252
881        114.252
882        114.252
883        114.252
884        114.252
885        110.332
886        110.332
887        110.332
888        110.332
889        110.332
890        110.332
891        110.332
892        110.332
893        110.332
894        110.332
895        109.866
896        109.866
897        109.866
898        109.866
899        109.866
900        109.866
901        109.866
902        109.866
903        109.866
904        109.866
905        109.866
906        109.866
907        109.866
908        109.866
909        109.866
910        109.866
911        109.866
912        109.866
913        109.866
914        109.866
915        109.866
916        109.866
917        109.866
918        109.866
919        109.866
920        109.866
921        109.866
922        109.866
923        109.866
924        109.866
925        109.866
926        109.866
927        109.866
928        109.866
929        109.866
930        109.866
931        109.866
932        109.866
933        109.866
934        109.866
935        109.866
936        109.866
937        109.866
938        109.866
939        109.866
940        109.866
941        109.866
942        109.866
943        109.866
944        109.866
945        109.866
946        109.866
947        109.866
948        109.866
949        109.866
950        109.866
951        109.866
952        109.866
953        109.866
954        109.866
955        109.866
956        109.866
957        109.866
958        109.866
959        109.866
960        109.866
961        109.866
962        109.866
963        109.866
964        109.866
965        109.866
966        109.866
967        109.866
968        109.866
969        109.866
970        109.014
971        109.014
972        109.014
973        109.014
974        109.014
975        109.014
976        109.014
977        109.014
978        109.014
979        109.014
980        109.014
981        109.014
982        109.014
983        109.014
984        109.014
985        109.014
986        109.014
987        109.014
988        109.014
989        109.014
990        109.014
991        109.014
992        109.014
993        109.014
994        109.014
995        109.014
996        109.014
997        109.014
998        109.014
999        109.014
1000        109.014
1001        109.014
1002        109.014
1003        109.014
1004        109.014
1005        109.014
1006        109.014
1007        109.014
1008        109.014
1009        109.014
1010        109.014
1011        109.014
1012        109.014
1013        109.014
1014        109.014
1015        109.014
1016        109.014
1017        109.014
1018        109.014
1019        109.014
1020        109.014
1021        109.014
1022        109.014
1023        109.014
1024        109.014
1025        109.014
1026        109.014
1027        109.014
1028        109.014
1029        109.014
1030        109.014
1031        109.014
1032        109.014
1033        109.014
1034        109.014
1035        109.014
1036        109.014
1037        109.014
1038        109.014
1039        109.014
1040        104.254
1041        104.254
1042        104.254
1043        104.254
1044        104.254
1045        104.254
1046        104.254
1047        104.254
1048        104.254
1049        104.254
1050        104.254
1051        104.254
1052        104.254
1053        104.254
1054        104.254
1055        104.254
1056        104.254
1057        104.254
1058        104.254
1059        104.254
1060        104.254
1061        104.254
1062        104.254
1063        104.254
1064        104.254
1065        104.254
1066        104.254
1067        104.254
1068        104.254
1069        103.981
1070        103.981
1071        103.981
1072        103.981
1073        103.272
1074        103.272
1075        103.272
1076        103.272
1077        103.272
1078        103.272
1079        103.272
1080        103.094
1081        103.094
1082        103.094
1083        103.094
1084        103.094
1085        103.094
1086        103.094
1087        103.094
1088        103.094
1089        103.094
1090        103.094
1091        103.094
1092        103.094
1093        103.094
1094        103.094
1095        103.094
1096        103.094
1097        103.094
1098        103.094
1099        103.094
1100        103.094
1101        102.567
1102        102.567
1103        102.567
1104        102.567
1105        102.567
1106        102.567
1107        102.471
1108        102.471
1109        102.471
1110        102.471
1111        102.471
1112        102.471
1113        102.471
1114        102.471
1115        102.471
1116        102.471
1117        102.471
1118        102.471
1119        102.471
1120        102.471
1121        102.471
1122        102.471
1123        102.378
1124        102.378
1125        102.378
1126        102.378
1127        102.378
1128        102.378
1129        102.378
1130        102.378
1131        102.378
1132        102.378
1133        102.378
1134        102.378
1135        102.378
1136        102.378
1137        102.378
1138        102.378
1139        99.8672
1140        99.8672
1141        99.8672
1142        99.8672
1143        99.8672
1144        99.8672
1145        99.8672
1146        99.8672
1147        99.8672
1148        99.8672
1149        99.8672
1150        99.8672
1151        99.8672
1152        99.8672
1153        99.8672
1154        99.8672
1155        99.8672
1156        99.8672
1157        99.8672
1158        99.8672
1159        99.8672
1160        99.2385
1161        99.2385
1162        99.2385
1163        99.2385
1164        99.2385
1165        99.2385
1166        99.2385
1167        99.2385
1168        99.2385
1169        99.2385
1170        99.2385
1171        99.2385
1172        99.2385
1173        99.2385
1174        99.2385
1175        99.2385
1176        99.2385
1177        99.2385
1178        99.2024
1179        99.2024
1180        99.2024
1181        99.2024
1182        99.2024
1183        99.2024
1184        99.2024
1185        99.2024
1186        99.2024
1187        99.2024
1188        99.2024
1189        99.2024
1190        99.2024
1191        99.2024
1192        99.2024
1193        99.2024
1194        99.2024
1195        99.2024
1196        99.2024
1197        99.2024
1198        99.2024
1199        99.2024
1200        99.2024
1201        98.9977
1202        98.9977
1203        98.9977
1204        98.9977
1205        98.9977
1206        98.9977
1207        98.9977
1208        98.9977
1209        98.9977
1210        98.9977
1211        98.9977
1212        98.9977
1213        98.9977
1214        98.9977
1215        98.9977
1216        98.9977
1217        98.9977
1218        98.9977
1219        98.9977
1220        98.9977
1221        98.9977
1222        98.9977
1223        98.9977
1224        98.9977
1225        98.9977
1226        98.9977
1227        98.9977
1228        98.9977
1229        98.9977
1230        98.9977
1231        98.9977
1232        98.9977
1233        98.9977
1234        98.9977
1235        98.9977
1236        98.9977
1237        98.9977
1238        98.9977
1239        98.9977
1240        98.9977
1241        98.9977
1242        98.9977
1243        98.9977
1244        98.9977
1245        98.9977
1246        98.9977
1247        98.9977
1248        98.9977
1249        98.9977
1250        98.9977
1251        98.9977
1252        98.9977
1253        98.9977
1254        98.9977
1255        98.9977
1256        98.9977
1257        98.9977
1258        98.9977
1259        98.9977
1260        98.9977
1261        98.9977
1262        98.9977
1263        98.9977
1264        98.9977
1265        98.9977
1266        98.9977
1267        98.9977
1268        98.9977
1269        98.9977
1270        98.9977
1271        98.9977
1272        98.9977
1273        98.9977
1274        98.9977
1275        98.9977
1276        98.9977
1277        98.9977
1278        98.9977
1279        98.9977
1280        98.9977
1281        98.9977
1282        98.9977
1283        98.9977
1284        98.9977
1285        98.9977
1286        98.9977
1287        98.9977
1288        98.9011
1289        98.9011
1290        98.9011
1291        98.9011
1292         98.487
1293         98.487
1294         98.487
1295         98.487
1296         98.487
1297         98.487
1298         98.487
1299         98.487
1300         98.487
1301         98.487
1302        94.4456
1303        94.4456
1304        94.4456
1305        94.4456
1306        94.4456
1307        94.4456
1308        94.4456
1309        94.4456
1310        94.4456
1311        94.4456
1312        94.4456
1313        94.4456
1314        94.4456
1315        94.4456
1316        94.4456
1317        94.4456
1318        94.4456
1319        94.4456
1320        94.4456
1321        94.4456
1322        94.4456
1323        94.4456
1324        94.4456
1325        94.4456
1326        94.4456
1327        94.4456
1328        94.4456
1329        94.4456
1330        94.4456
1331        94.4456
1332        94.4456
1333        94.4456
1334        94.4456
1335        94.4456
1336        94.4456
1337        94.4456
1338        94.4456
1339        94.4456
1340        94.4456
1341        94.4456
1342        94.4456
1343        94.4456
1344        94.4456
1345        94.4456
1346        94.4456
1347        94.4456
1348        94.4456
1349        94.4456
1350        94.4456
1351        94.4456
1352        94.4456
1353        94.4456
1354        94.4456
1355        94.4456
1356        94.4456
1357        94.4456
1358        94.4456
1359        94.4456
1360        94.4456
1361        94.4456
1362        94.4456
1363        94.4456
1364        94.4456
1365        94.4456
1366        94.4456
1367        94.4456
1368        94.4456
1369        94.4456
1370        94.4456
1371        94.4456
1372        94.4456
1373        94.4456
1374        94.4456
1375        94.4456
1376        94.4456
1377        94.4456
1378        94.4456
1379        94.4456
1380        94.4456
1381        94.4456
1382        94.4456
1383        94.4456
1384        94.4456
1385        94.4456
1386        94.4456
1387        94.4456
1388        94.4456
1389        94.4456
1390        94.4456
1391        94.4456
1392        94.4456
1393        94.4456
1394        94.4456
1395        94.4456
1396        94.4456
1397        94.4456
1398        94.4456
1399        94.4456
1400        94.4456
1401        94.4456
1402         94.349
1403         94.349
1404         94.349
1405         94.349
1406         94.349
1407         94.349
1408         94.349
1409         94.349
1410         94.349
1411         94.349
1412         94.349
1413         94.349
1414         94.349
1415         94.349
1416         94.349
1417         94.349
1418         94.349
1419         94.349
1420         94.349
1421         94.349
1422         94.349
1423         94.349
1424         94.349
1425         94.349
1426         94.349
1427         94.349
1428         94.349
1429         94.349
1430         94.349
1431         94.349
1432         94.349
1433         94.349
1434         94.349
1435         94.349
1436         94.349
1437         94.349
1438        94.1844
1439        94.1844
1440        94.1844
1441        94.1844
1442        94.1844
1443        94.1844
1444        94.1844
1445        94.1844
1446        94.1844
1447        94.1844
1448        94.1844
1449        94.1844
1450        94.1844
1451        94.1844
1452        94.1844
1453        94.1844
1454        94.1844
1455        94.1844
1456        94.1844
1457        94.1844
1458        94.1844
1459        94.1844
1460        94.1844
1461        94.1844
1462        94.1844
1463        94.1844
1464        94.1844
1465        94.1844
1466        94.1844
1467        94.1844
1468        94.1844
1469        94.1844
1470        94.1844
1471        94.1844
1472        94.1844
1473        94.1844
1474        94.1844
1475        94.1844
1476        94.1844
1477        94.1844
1478        94.1844
1479        94.1844
1480        94.1844
1481        94.1844
1482        94.1844
1483        94.1844
1484        94.1844
1485        94.1844
1486        94.1844
1487        94.1844
1488        94.1844
1489        94.1844
1490        94.1844
1491        94.1844
1492        94.1844
1493        94.1844
1494        94.1844
1495        94.1844
1496        94.1844
1497        94.1844
1498        94.1844
1499        94.1844
1500        94.1844
1501        94.1844
1502        94.1844
1503        94.1844
1504        94.1844
1505        94.1844
1506        94.1844
1507        94.1844
1508        94.1844
1509        94.1844
1510        94.1844
1511        94.1844
1512        94.1844
1513        94.1844
1514        94.1844
1515        94.1844
1516        94.1844
1517        94.1844
1518        94.1844
1519        94.1844
1520        94.1844
1521        94.1844
1522        94.1844
1523        94.1844
1524        94.1844
1525        94.1844
1526        94.1844
1527        94.1844
1528        94.1844
1529        94.1844
1530        94.1844
1531        94.1844
1532        94.1844
1533        94.1844
1534        94.1844
1535        94.1844
1536        94.1844
1537        94.1844
1538        94.1844
1539        94.1844
1540        94.1844
1541        94.1844
1542        94.1844
1543        94.1844
1544        94.1844
1545        94.1844
1546        94.1844
1547        94.1844
1548        94.1844
1549        94.1844
1550        94.1844
1551        94.1844
1552        94.1844
1553        94.1844
1554        94.1844
1555        94.1844
1556        94.1844
1557        94.1844
1558        94.1844
1559        94.1844
1560        94.1844
1561        94.1844
1562        94.1844
1563        94.1844
1564        94.1844
1565        94.1844
1566        94.1844
1567        94.1844
1568        94.1844
1569        94.1844
1570        94.1844
1571        94.1844
1572        94.1844
1573        94.1844
1574        94.1844
1575        94.1844
1576        94.1844
1577        94.1844
1578        94.1844
1579        94.1844
1580        94.1844
1581        94.1844
1582        94.1844
1583        94.1844
1584        94.1844
1585        94.1844
1586        94.1844
1587        94.1844
1588        94.1844
1589        94.1844
1590        94.1844
1591        94.1844
1592        94.1844
1593        94.1844
1594        94.1844
1595        94.1844
1596        94.1844
1597        94.1844
1598        94.1844
1599        94.1844
1600        94.1844
1601        94.1844
1602        94.1844
1603        94.1844
1604        94.1844
1605        94.1844
1606        94.1844
1607        94.1844
1608        94.1844
1609        94.1844
1610        94.1844
1611        94.1844
1612        94.1844
1613        94.1844
1614        94.1844
1615        94.1844
1616        94.1844
1617        94.1844
1618        94.1844
1619        94.1844
1620        94.1844
1621        94.1844
1622        94.1844
1623        94.1844
1624        94.1844
1625        94.1844
1626        94.1844
1627        94.1844
1628        94.1844
1629        94.1844
1630        94.1844
1631        94.1844
1632        94.1844
1633        94.1844
1634        94.1844
1635        94.1844
1636        94.1844
1637        94.1844
1638        94.1844
1639        94.1844
1640        94.1844
1641        94.1844
1642        94.1844
1643        94.1844
1644        94.1844
1645        94.1844
1646        94.1844
1647        94.1844
1648        94.1844
1649        94.1844
1650        94.1844
1651        94.1844
1652        94.1844
1653        94.1844
1654        94.1844
1655        94.1844
1656        94.1844
1657        94.1844
1658        94.1844
1659        94.1844
1660        94.1844
1661        94.1844
1662        94.1844
1663        94.1844
1664        94.1844
1665        94.1844
1666        94.1844
1667        94.1844
1668        94.1844
1669        94.1844
1670        94.1844
1671        94.1844
1672        94.1844
1673        94.1844
1674        94.1844
1675        94.1844
1676        94.1844
1677        94.1844
1678        94.1844
1679        94.1844
1680        94.1844
1681        94.1844
1682        94.1844
1683        94.1844
1684        94.1844
1685        94.1844
1686        94.1844
1687        94.1844
1688        94.1844
1689        94.1844
1690        94.1844
1691        94.1844
1692        94.1844
1693        94.1844
1694        94.1844
1695        94.1844
1696        94.1844
1697        94.1844
1698        94.1844
1699        94.1844
1700        94.1844
1701        94.1844
1702        94.1844
1703        94.1844
1704        94.1844
1705        94.1844
1706        94.1844
1707        94.1844
1708        94.1844
1709        94.1844
1710        94.1844
1711        94.1844
1712        94.1844
1713        94.1844
1714        94.1844
1715        94.1844
1716        94.1844
1717        94.1844
1718        94.1844
1719        94.1844
1720        94.1844
1721        94.1844
1722        94.1844
1723        94.1844
1724        94.1844
1725        94.1844
1726        94.1844
1727        94.1844
1728        94.1844
1729        94.1844
1730        94.1844
1731        94.1844
1732        94.1844
1733        94.1844
1734        94.1844
1735        94.1844
1736        94.1844
1737        94.1844
1738        94.1844
1739        94.1844
1740        94.1844
1741        94.1844
1742        94.1844
1743        94.1844
1744        94.1844
1745        94.1844
1746        94.1844
1747        94.1844
1748        94.1844
1749        94.1844
1750        94.1844
1751        94.1844
1752        94.1844
1753        94.1844
1754        94.1844
1755        94.1844
1756        94.1844
1757        94.1844
1758        94.1844
1759        94.1844
1760        94.1844
1761        94.1844
1762        94.1844
1763        94.1844
1764        94.1844
1765        94.1844
1766        94.1844
1767        94.1844
1768        94.1844
1769        94.1844
1770        94.1844
1771        94.1844
1772        94.1844
1773        94.1844
1774        94.1844
1775        94.1844
1776        94.1844
1777        94.1844
1778        94.1844
1779        94.1844
1780        94.1844
1781        94.1844
1782        94.1844
1783        94.1844
1784        94.1844
1785        94.1844
1786        94.1844
1787        94.1844
1788        94.1844
1789        94.1844
1790        94.1844
1791        94.1844
1792        94.1844
1793        94.1844
1794        94.1844
1795        94.1844
1796        94.1844
1797        94.1844
1798        94.1844
1799        94.1844
1800        94.1844
1801        94.1844
1802        94.1844
1803        94.1844
1804        94.1844
1805        94.1844
1806        94.1844
1807        94.1844
1808        94.1844
1809        94.1844
1810        94.1844
1811        94.1844
1812        94.1844
1813        94.1844
1814        94.1844
1815        94.1844
1816        94.1844
1817        94.1844
1818        94.1844
1819        94.1844
1820        94.1844
1821        94.1844
1822        94.1844
1823        94.1844
1824        94.1844
1825        94.1844
1826        94.1844
1827        94.1844
1828        94.1844
1829        94.1844
1830        94.1844
1831        94.1844
1832        94.1844
1833        94.1844
1834        94.1844
1835        94.1844
1836        94.1844
1837        94.1844
1838        94.1844
1839        94.1844
1840        94.1844
1841        94.1844
1842        94.1844
1843        94.1844
1844        94.1844
1845        94.1844
1846        94.1844
1847        94.1844
1848        94.1844
1849        94.1844
1850        94.1844
1851        94.1844
1852        94.1844
1853        94.1844
1854        94.1844
1855        94.1844
1856        94.1844
1857        94.1844
1858        94.1844
1859        94.1844
1860        94.1844
1861        94.1844
1862        94.1844
1863        94.1844
1864        94.1844
1865        94.1844
1866        94.1844
1867        94.1844
1868        94.1844
1869        94.1844
1870        94.1844
1871        94.1844
1872        94.1844
1873        94.1844
1874        94.1844
1875        94.1844
1876        94.1844
1877        94.1844
1878        94.1844
1879        94.1844
1880        94.1844
1881        94.1844
1882        94.1844
1883        94.1844
1884        94.1844
1885        94.1844
1886        94.1844
1887        94.1844
1888        94.1844
1889        94.1844
1890        94.1844
1891        94.1844
1892        94.1844
1893        94.1844
1894        94.1844
1895        94.1844
1896        94.1844
1897        94.1844
1898        94.1844
1899        94.1844
1900        94.1844
1901        94.1844
1902        94.1844
1903        94.1844
1904        94.1844
1905        94.1844
1906        94.1844
1907        94.1844
1908        94.1844
1909        94.1844
1910        94.1844
1911        94.1844
1912        94.1844
1913        94.1844
1914        94.1844
1915        94.1844
1916        94.1844
1917        94.1844
1918        94.1844
1919        94.1844
1920        94.1844
1921        94.1844
1922        94.1844
1923        94.1844
1924        94.1844
1925        94.1844
1926        94.1844
1927        94.1844
1928        94.1844
1929        94.1844
1930        94.1844
1931        94.1844
1932        94.1844
1933        94.1844
1934        94.1844
1935        94.1844
1936        94.1844
1937        94.1844
1938        94.1844
1939        94.1844
1940        94.1844
1941        94.1844
1942        94.1844
1943        94.1844
1944        94.1844
1945        94.1844
1946        94.1844
1947        94.1844
1948        94.1844
1949        94.1844
1950        94.1844
1951        94.1844
1952        94.1844
1953        94.1844
1954        94.1844
1955        94.1844
1956        94.1844
1957        94.1844
1958        94.1844
1959        94.1844
1960        94.1844
1961        94.1844
1962        94.1844
1963        94.1844
1964        94.1844
1965        94.1844
1966        94.1844
1967        94.1844
1968        94.1844
1969        94.1844
1970        94.1844
1971        94.1844
1972        94.1844
1973        94.1844
1974        94.1844
1975        94.1844
1976        94.1844
1977        94.1844
1978        94.1844
1979        94.1844
1980        94.1844
1981        94.1844
1982        94.1844
1983        94.1844
1984        94.1844
1985        94.1844
1986        94.1844
1987        94.1844
1988        94.1844
1989        94.1844
1990        94.1844
1991        94.1844
1992        94.1844
1993        94.1844
1994        94.1844
1995        94.1844
1996        94.1844
1997        94.1844
1998        94.1844
1999        94.1844
2000        94.1844
