           0       -0.92       70.56
          50          -1         100
         100          -1         100
         150          -1         100
         200          -1         100
         250          -1         100
         300          -1         100
         350          -1         100
         400          -1         100
         450          -1         100
         500          -1         100
         550          -1         100
         600          -1         100
         650          -1         100
         700          -1         100
         750          -1         100
         800          -1         100
         850          -1         100
         900          -1         100
         950          -1         100
        1000          -1         100
        1050          -1         100
        1100          -1         100
        1150       -0.92       92.16
        1200          -1         100
        1250       -0.92       92.16
        1300          -1         100
        1350          -1         100
        1400          -1         100
        1450          -1         100
        1500          -1         100
        1550          -1         100
        1600          -1         100
        1650          -1         100
        1700          -1         100
        1750          -1         100
        1800          -1         100
        1850          -1         100
        1900          -1         100
        1950       -0.92       84.64
        2000       -0.92          16
        2050       -0.92          64
        2100          -1         100
        2150       -0.92       40.96
        2200          -1         100
        2250          -1         100
        2300          -1         100
        2350          -1         100
        2400          -1         100
        2450          -1         100
        2500          -1         100
        2550          -1         100
        2600          -1         100
        2650          -1         100
        2700          -1         100
        2750       -0.92       27.04
        2800       -0.92        2.56
        2850       -0.92       10.24
        2900          -1         100
        2950          -1         100
        3000          -1         100
        3050          -1         100
        3100       -0.92       46.24
        3150          -1         100
        3200          -1         100
        3250          -1         100
        3300          -1         100
        3350          -1         100
        3400          -1         100
        3450          -1         100
        3500          -1         100
        3550       -0.92       19.36
        3600       -0.92       19.36
        3650       -0.92        0.64
        3700          -1         100
        3750          -1         100
        3800          -1         100
        3850       -0.84           0
        3900       -0.92        2.56
        3950       -0.92       10.24
        4000       -0.92       46.24
        4050          -1         100
        4100       -0.92       51.84
        4150          -1         100
        4200          -1         100
        4250          -1         100
        4300       -0.92       70.56
        4350          -1         100
        4400          -1         100
        4450          -1         100
        4500          -1         100
        4550       -0.92       40.96
        4600       -0.92       57.76
        4650          -1         100
        4700          -1         100
        4750          -1         100
        4800          -1         100
        4850          -1         100
        4900          -1         100
        4950          -1         100
        5000          -1         100
        5050          -1         100
        5100          -1         100
        5150          -1         100
        5200          -1         100
        5250          -1         100
        5300          -1         100
        5350          -1         100
        5400       -0.92       77.44
        5450          -1         100
        5500          -1         100
        5550          -1         100
        5600          -1         100
        5650          -1         100
        5700          -1         100
        5750          -1         100
        5800          -1         100
        5850          -1         100
        5900          -1         100
        5950          -1         100
        6000          -1         100
        6050       -0.92        1.44
        6100       -0.92       40.96
        6150       -0.92       46.24
        6200       -0.92       19.36
        6250       -0.92          64
        6300       -0.92          36
        6350       -0.84       19.36
        6400       -0.92       77.44
        6450          -1         100
        6500          -1         100
        6550          -1         100
        6600          -1         100
        6650          -1         100
        6700          -1         100
        6750          -1         100
        6800       -0.92       31.36
        6850       -0.92       70.56
        6900          -1         100
        6950       -0.92          16
        7000       -0.92       70.56
        7050       -0.92       46.24
        7100       -0.92       40.96
        7150       -0.92       10.24
        7200          -1         100
        7250          -1         100
        7300          -1         100
        7350          -1         100
        7400          -1         100
        7450       -0.92       51.84
        7500       -0.92        1.44
        7550       -0.92       31.36
        7600          -1         100
        7650          -1         100
        7700       -0.92       46.24
        7750          -1         100
        7800          -1         100
        7850          -1         100
        7900          -1         100
        7950          -1         100
        8000          -1         100
        8050          -1         100
        8100          -1         100
        8150          -1         100
        8200          -1         100
        8250          -1         100
        8300          -1         100
        8350          -1         100
        8400          -1         100
        8450          -1         100
        8500          -1         100
        8550          -1         100
        8600          -1         100
        8650       -0.92       12.96
        8700       -0.92        0.64
        8750          -1         100
        8800          -1         100
        8850          -1         100
        8900          -1         100
        8950       -0.92       46.24
        9000       -0.92       46.24
        9050          -1         100
        9100          -1         100
        9150          -1         100
        9200       -0.92        1.44
        9250       -0.84       31.36
        9300          -1         100
        9350          -1         100
        9400          -1         100
        9450          -1         100
        9500          -1         100
        9550          -1         100
        9600          -1         100
        9650          -1         100
        9700          -1         100
        9750          -1         100
        9800          -1         100
        9850          -1         100
        9900          -1         100
        9950          -1         100
       10000          -1         100
       10050          -1         100
       10100          -1         100
       10150          -1         100
       10200          -1         100
       10250          -1         100
       10300          -1         100
       10350          -1         100
       10400       -0.92       77.44
       10450          -1         100
       10500          -1         100
       10550          -1         100
       10600          -1         100
       10650          -1         100
       10700          -1         100
       10750          -1         100
       10800          -1         100
       10850          -1         100
       10900          -1         100
       10950          -1         100
       11000          -1         100
       11050          -1         100
       11100          -1         100
       11150          -1         100
       11200          -1         100
       11250          -1         100
       11300       -0.92       70.56
       11350          -1         100
       11400          -1         100
       11450          -1         100
       11500          -1         100
       11550          -1         100
       11600          -1         100
       11650          -1         100
       11700          -1         100
       11750          -1         100
       11800          -1         100
       11850          -1         100
       11900          -1         100
       11950       -0.92       23.04
       12000          -1         100
       12050          -1         100
       12100          -1         100
       12150          -1         100
       12200          -1         100
       12250          -1         100
       12300          -1         100
       12350          -1         100
       12400       -0.92       40.96
       12450          -1         100
       12500          -1         100
       12550          -1         100
       12600          -1         100
       12650          -1         100
       12700          -1         100
       12750          -1         100
       12800          -1         100
       12850          -1         100
       12900          -1         100
       12950          -1         100
       13000          -1         100
       13050          -1         100
       13100          -1         100
       13150          -1         100
       13200          -1         100
       13250          -1         100
       13300          -1         100
       13350          -1         100
       13400          -1         100
       13450          -1         100
       13500          -1         100
       13550          -1         100
       13600          -1         100
       13650          -1         100
       13700          -1         100
       13750          -1         100
       13800          -1         100
       13850          -1         100
       13900          -1         100
       13950       -0.92        2.56
       14000       -0.92       40.96
       14050       -0.92          64
       14100          -1         100
       14150          -1         100
       14200          -1         100
       14250       -0.92       77.44
       14300          -1         100
       14350       -0.92       10.24
       14400       -0.92       46.24
       14450       -0.92          64
       14500          -1         100
       14550          -1         100
       14600          -1         100
       14650          -1         100
       14700          -1         100
       14750          -1         100
       14800          -1         100
       14850       -0.92       70.56
       14900          -1         100
       14950          -1         100
       15000          -1         100
       15050       -0.92       31.36
       15100       -0.84       19.36
       15150          -1         100
       15200          -1         100
       15250          -1         100
       15300          -1         100
       15350          -1         100
       15400          -1         100
       15450          -1         100
       15500          -1         100
       15550          -1         100
       15600          -1         100
       15650          -1         100
       15700          -1         100
       15750          -1         100
       15800       -0.92       51.84
       15850          -1         100
       15900          -1         100
       15950          -1         100
       16000          -1         100
       16050          -1         100
       16100          -1         100
       16150          -1         100
       16200          -1         100
       16250          -1         100
       16300          -1         100
       16350          -1         100
       16400          -1         100
       16450       -0.92        0.16
       16500       -0.92        7.84
       16550       -0.92       46.24
       16600       -0.92        0.16
       16650       -0.92       23.04
       16700       -0.92       10.24
       16750       -0.92       57.76
       16800       -0.92        2.56
       16850       -0.92        0.64
       16900       -0.92       46.24
       16950       -0.92       23.04
       17000       -0.92        5.76
       17050       -0.92          16
       17100       -0.92          16
       17150       -0.92          16
       17200          -1         100
       17250          -1         100
       17300          -1         100
       17350          -1         100
       17400          -1         100
       17450       -0.92       23.04
       17500       -0.92        5.76
       17550       -0.92       23.04
       17600       -0.92           4
       17650       -0.92          16
       17700       -0.92        0.16
       17750       -0.92        0.64
       17800       -0.92       77.44
       17850       -0.92       77.44
       17900          -1         100
       17950          -1         100
       18000          -1         100
       18050          -1         100
       18100          -1         100
       18150       -0.92       92.16
       18200          -1         100
       18250          -1         100
       18300          -1         100
       18350          -1         100
       18400          -1         100
       18450          -1         100
       18500          -1         100
       18550          -1         100
       18600          -1         100
       18650          -1         100
       18700          -1         100
       18750          -1         100
       18800       -0.84       57.76
       18850          -1         100
       18900          -1         100
       18950       -0.92       84.64
       19000          -1         100
       19050          -1         100
       19100          -1         100
       19150          -1         100
       19200          -1         100
       19250          -1         100
       19300       -0.92       92.16
       19350          -1         100
       19400          -1         100
       19450          -1         100
       19500          -1         100
       19550       -0.92       84.64
       19600       -0.92       19.36
       19650       -0.92        0.64
       19700       -0.92       23.04
       19750          -1         100
       19800          -1         100
       19850          -1         100
       19900          -1         100
       19950          -1         100
       20000       -0.92           4
       20050       -0.92        1.44
       20100          -1         100
       20150          -1         100
       20200          -1         100
       20250          -1         100
       20300          -1         100
       20350          -1         100
       20400          -1         100
       20450          -1         100
       20500          -1         100
       20550          -1         100
       20600          -1         100
       20650          -1         100
       20700       -0.92       40.96
       20750          -1         100
       20800          -1         100
       20850          -1         100
       20900          -1         100
       20950          -1         100
       21000          -1         100
       21050          -1         100
       21100          -1         100
       21150          -1         100
       21200          -1         100
       21250          -1         100
       21300          -1         100
       21350       -0.92       19.36
       21400       -0.92           0
       21450       -0.92       31.36
       21500       -0.92           4
       21550          -1         100
       21600          -1         100
       21650          -1         100
       21700          -1         100
       21750       -0.92        0.16
       21800       -0.92        1.44
       21850       -0.92       12.96
       21900       -0.92       27.04
       21950          -1         100
       22000          -1         100
       22050          -1         100
       22100          -1         100
       22150       -0.92        0.16
       22200       -0.92           4
       22250       -0.92       19.36
       22300       -0.92        0.64
       22350       -0.92       12.96
       22400       -0.92        1.44
       22450          -1         100
       22500          -1         100
       22550       -0.92       10.24
       22600       -0.92       12.96
       22650       -0.92        1.44
       22700       -0.92       19.36
       22750       -0.92        0.64
       22800       -0.92        7.84
       22850       -0.92        0.64
       22900       -0.84        1.44
       22950       -0.92       10.24
       23000       -0.92        0.16
       23050       -0.92           4
       23100       -0.92        2.56
       23150       -0.92        1.44
       23200       -0.92        0.16
       23250          -1         100
       23300       -0.92       77.44
       23350          -1         100
       23400          -1         100
       23450       -0.84       19.36
       23500          -1         100
       23550          -1         100
       23600          -1         100
       23650          -1         100
       23700          -1         100
       23750          -1         100
       23800          -1         100
       23850          -1         100
       23900          -1         100
       23950          -1         100
       24000          -1         100
       24050          -1         100
       24100          -1         100
       24150       -0.92       51.84
       24200       -0.92       31.36
       24250       -0.92        0.64
       24300       -0.92       46.24
       24350          -1         100
       24400          -1         100
       24450          -1         100
       24500          -1         100
       24550       -0.92       77.44
       24600       -0.92       57.76
       24650          -1         100
       24700          -1         100
       24750          -1         100
       24800          -1         100
       24850          -1         100
       24900          -1         100
       24950          -1         100
       25000          -1         100
       25050          -1         100
       25100          -1         100
       25150          -1         100
       25200          -1         100
       25250          -1         100
       25300          -1         100
       25350       -0.92          36
       25400          -1         100
       25450       -0.92       70.56
       25500          -1         100
       25550          -1         100
       25600          -1         100
       25650       -0.92       70.56
       25700          -1         100
       25750          -1         100
       25800          -1         100
       25850          -1         100
       25900          -1         100
       25950       -0.92       19.36
       26000       -0.84        0.16
       26050       -0.92           4
       26100          -1         100
       26150          -1         100
       26200          -1         100
       26250          -1         100
       26300          -1         100
       26350          -1         100
       26400          -1         100
       26450          -1         100
       26500          -1         100
       26550          -1         100
       26600          -1         100
       26650       -0.92       40.96
       26700          -1         100
       26750          -1         100
       26800          -1         100
       26850       -0.92       27.04
       26900       -0.92       19.36
       26950       -0.84       23.04
       27000          -1         100
       27050          -1         100
       27100          -1         100
       27150          -1         100
       27200          -1         100
       27250          -1         100
       27300       -0.92       92.16
       27350          -1         100
       27400          -1         100
       27450          -1         100
       27500          -1         100
       27550          -1         100
       27600          -1         100
       27650          -1         100
       27700          -1         100
       27750       -0.84       23.04
       27800          -1         100
       27850          -1         100
       27900          -1         100
       27950          -1         100
       28000          -1         100
       28050          -1         100
       28100          -1         100
       28150       -0.92           0
       28200       -0.92       31.36
       28250          -1         100
       28300          -1         100
       28350          -1         100
       28400          -1         100
       28450       -0.92          64
       28500          -1         100
       28550       -0.92       92.16
       28600          -1         100
       28650          -1         100
       28700          -1         100
       28750          -1         100
       28800          -1         100
       28850       -0.92          64
       28900          -1         100
       28950          -1         100
       29000       -0.92       27.04
       29050       -0.92          36
       29100       -0.92       70.56
       29150          -1         100
       29200          -1         100
       29250          -1         100
       29300       -0.92       27.04
       29350       -0.92       27.04
       29400          -1         100
       29450          -1         100
       29500          -1         100
       29550       -0.92       84.64
       29600          -1         100
       29650          -1         100
       29700          -1         100
       29750          -1         100
       29800          -1         100
       29850          -1         100
       29900          -1         100
       29950          -1         100
       30000          -1         100
       30050          -1         100
       30100          -1         100
       30150       -0.92        0.64
       30200       -0.92        5.76
       30250       -0.84        2.56
       30300       -0.92       31.36
       30350       -0.92       23.04
       30400       -0.92        0.64
       30450       -0.92       12.96
       30500       -0.92       70.56
       30550          -1         100
       30600          -1         100
       30650          -1         100
       30700       -0.92       46.24
       30750       -0.84        1.44
       30800       -0.92        2.56
       30850       -0.92          36
       30900       -0.92       23.04
       30950       -0.92       23.04
       31000       -0.92        1.44
       31050       -0.92       23.04
       31100          -1         100
       31150          -1         100
       31200          -1         100
       31250          -1         100
       31300       -0.92        7.84
       31350       -0.92       51.84
       31400          -1         100
       31450       -0.92       70.56
       31500       -0.92        0.64
       31550       -0.92        5.76
       31600       -0.92       40.96
       31650       -0.92        2.56
       31700       -0.92       12.96
       31750          -1         100
       31800       -0.92       92.16
       31850          -1         100
       31900          -1         100
       31950          -1         100
       32000          -1         100
       32050          -1         100
       32100          -1         100
       32150          -1         100
       32200          -1         100
       32250       -0.92        1.44
       32300       -0.92        2.56
       32350       -0.92       12.96
       32400          -1         100
       32450          -1         100
       32500       -0.92          16
       32550       -0.92        5.76
       32600       -0.92        0.16
       32650          -1         100
       32700          -1         100
       32750          -1         100
       32800       -0.92       84.64
       32850          -1         100
       32900          -1         100
       32950          -1         100
       33000          -1         100
       33050          -1         100
       33100          -1         100
       33150          -1         100
       33200          -1         100
       33250          -1         100
       33300          -1         100
       33350          -1         100
       33400          -1         100
       33450          -1         100
       33500          -1         100
       33550          -1         100
       33600          -1         100
       33650       -0.92       51.84
       33700          -1         100
       33750          -1         100
       33800          -1         100
       33850          -1         100
       33900          -1         100
       33950          -1         100
       34000          -1         100
       34050          -1         100
       34100          -1         100
       34150          -1         100
       34200          -1         100
       34250          -1         100
       34300          -1         100
       34350          -1         100
       34400       -0.92          64
       34450          -1         100
       34500          -1         100
       34550          -1         100
       34600          -1         100
       34650          -1         100
       34700          -1         100
       34750          -1         100
       34800          -1         100
       34850          -1         100
       34900          -1         100
       34950          -1         100
       35000          -1         100
       35050       -0.92          16
       35100          -1         100
       35150          -1         100
       35200          -1         100
       35250          -1         100
       35300          -1         100
       35350          -1         100
       35400          -1         100
       35450          -1         100
       35500          -1         100
       35550          -1         100
       35600          -1         100
       35650          -1         100
       35700          -1         100
       35750          -1         100
       35800          -1         100
       35850          -1         100
       35900          -1         100
       35950       -0.92          64
       36000          -1         100
       36050          -1         100
       36100          -1         100
       36150          -1         100
       36200       -0.92        5.76
       36250          -1         100
       36300          -1         100
       36350          -1         100
       36400       -0.92          36
       36450          -1         100
       36500          -1         100
       36550          -1         100
       36600          -1         100
       36650       -0.92       57.76
       36700       -0.92       46.24
       36750          -1         100
       36800          -1         100
       36850          -1         100
       36900          -1         100
       36950          -1         100
       37000          -1         100
       37050          -1         100
       37100          -1         100
       37150          -1         100
       37200       -0.92        7.84
       37250       -0.92           4
       37300       -0.92       12.96
       37350       -0.92       12.96
       37400       -0.92       23.04
       37450          -1         100
       37500          -1         100
       37550          -1         100
       37600          -1         100
       37650          -1         100
       37700          -1         100
       37750          -1         100
       37800          -1         100
       37850          -1         100
       37900          -1         100
       37950          -1         100
       38000          -1         100
       38050          -1         100
       38100          -1         100
       38150          -1         100
       38200          -1         100
       38250          -1         100
       38300          -1         100
       38350          -1         100
       38400          -1         100
       38450          -1         100
       38500          -1         100
       38550          -1         100
       38600          -1         100
       38650          -1         100
       38700          -1         100
       38750       -0.92       92.16
       38800          -1         100
       38850          -1         100
       38900          -1         100
       38950          -1         100
       39000          -1         100
       39050       -0.92          36
       39100       -0.92       92.16
       39150       -0.92       70.56
       39200          -1         100
       39250          -1         100
       39300          -1         100
       39350       -0.92       12.96
       39400       -0.92       84.64
       39450       -0.92       57.76
       39500          -1         100
       39550          -1         100
       39600       -0.92       40.96
       39650       -0.92          16
       39700       -0.92       23.04
       39750       -0.92       10.24
       39800       -0.92          36
       39850          -1         100
       39900          -1         100
       39950          -1         100
       40000          -1         100
       40050          -1         100
       40100          -1         100
       40150       -0.92        5.76
       40200       -0.92       40.96
       40250       -0.92       31.36
       40300       -0.92        1.44
       40350       -0.92       10.24
       40400       -0.84        1.44
       40450       -0.92       70.56
       40500          -1         100
       40550          -1         100
       40600          -1         100
       40650          -1         100
       40700          -1         100
       40750          -1         100
       40800          -1         100
       40850          -1         100
       40900          -1         100
       40950          -1         100
       41000       -0.92       57.76
       41050          -1         100
       41100          -1         100
       41150          -1         100
       41200          -1         100
       41250          -1         100
       41300          -1         100
       41350          -1         100
       41400          -1         100
       41450          -1         100
       41500          -1         100
       41550          -1         100
       41600          -1         100
       41650       -0.92          64
       41700       -0.92       10.24
       41750       -0.92       12.96
       41800       -0.92        1.44
       41850          -1         100
       41900          -1         100
       41950          -1         100
       42000          -1         100
       42050       -0.92       92.16
       42100          -1         100
       42150          -1         100
       42200          -1         100
       42250          -1         100
       42300       -0.92       46.24
       42350       -0.84          36
       42400       -0.92       40.96
       42450          -1         100
       42500          -1         100
       42550          -1         100
       42600          -1         100
       42650          -1         100
       42700          -1         100
       42750          -1         100
       42800          -1         100
       42850          -1         100
       42900          -1         100
       42950          -1         100
       43000          -1         100
       43050          -1         100
       43100          -1         100
       43150       -0.92          36
       43200       -0.92        0.16
       43250          -1         100
       43300          -1         100
       43350          -1         100
       43400          -1         100
       43450          -1         100
       43500          -1         100
       43550          -1         100
       43600          -1         100
       43650          -1         100
       43700          -1         100
       43750          -1         100
       43800          -1         100
       43850          -1         100
       43900          -1         100
       43950          -1         100
       44000          -1         100
       44050          -1         100
       44100       -0.92       84.64
       44150          -1         100
       44200          -1         100
       44250          -1         100
       44300          -1         100
       44350          -1         100
       44400          -1         100
       44450          -1         100
       44500          -1         100
       44550          -1         100
       44600       -0.92       46.24
       44650          -1         100
       44700          -1         100
       44750          -1         100
       44800          -1         100
       44850       -0.92          64
       44900       -0.92          64
       44950          -1         100
       45000          -1         100
       45050          -1         100
       45100          -1         100
       45150          -1         100
       45200          -1         100
       45250          -1         100
       45300          -1         100
       45350          -1         100
       45400          -1         100
       45450          -1         100
       45500          -1         100
       45550          -1         100
       45600       -0.92       40.96
       45650       -0.92        0.16
       45700       -0.92       23.04
       45750       -0.92          36
       45800          -1         100
       45850          -1         100
       45900          -1         100
       45950          -1         100
       46000       -0.92        7.84
       46050       -0.92        2.56
       46100       -0.84           0
       46150       -0.92       19.36
       46200       -0.92        0.16
       46250       -0.84       27.04
       46300          -1         100
       46350          -1         100
       46400       -0.92       84.64
       46450          -1         100
       46500          -1         100
       46550          -1         100
       46600          -1         100
       46650          -1         100
       46700          -1         100
       46750          -1         100
       46800          -1         100
       46850          -1         100
       46900          -1         100
       46950          -1         100
       47000          -1         100
       47050          -1         100
       47100          -1         100
       47150          -1         100
       47200          -1         100
       47250          -1         100
       47300          -1         100
       47350          -1         100
       47400          -1         100
       47450          -1         100
       47500          -1         100
       47550       -0.84        2.56
       47600       -0.92       40.96
       47650          -1         100
       47700          -1         100
       47750          -1         100
       47800          -1         100
       47850          -1         100
       47900          -1         100
       47950       -0.84       31.36
       48000          -1         100
       48050          -1         100
       48100          -1         100
       48150          -1         100
       48200       -0.92       77.44
       48250          -1         100
       48300          -1         100
       48350          -1         100
       48400          -1         100
       48450       -0.92       27.04
       48500          -1         100
       48550          -1         100
       48600       -0.92          36
       48650       -0.92          16
       48700       -0.92       12.96
       48750       -0.92          64
       48800       -0.92          36
       48850       -0.92       27.04
       48900          -1         100
       48950       -0.92       84.64
       49000          -1         100
       49050          -1         100
       49100          -1         100
       49150          -1         100
       49200          -1         100
       49250          -1         100
       49300          -1         100
       49350          -1         100
       49400          -1         100
       49450          -1         100
       49500       -0.92       40.96
       49550       -0.92       12.96
       49600       -0.92        1.44
       49650       -0.92          16
       49700       -0.92        0.16
       49750       -0.92       70.56
       49800          -1         100
       49850          -1         100
       49900          -1         100
       49950          -1         100
       50000       -0.92       70.56
