1        372.204
2        364.777
3        359.587
4        353.342
5        347.289
6        340.961
7        335.249
8        328.795
9        323.932
10        318.661
11        317.029
12        312.882
13        307.542
14        301.279
15         294.85
16        286.762
17        282.481
18        276.431
19        269.026
20        262.643
21        258.829
22        256.086
23        252.041
24        249.068
25        248.134
26        247.928
27        246.521
28        243.794
29        240.407
30        235.226
31        233.276
32        232.944
33        230.198
34        229.162
35        225.275
36        221.848
37        219.423
38        218.082
39        215.569
40        211.995
41         211.02
42         208.61
43        206.002
44        206.567
45        205.621
46        204.815
47        200.702
48        195.669
49        195.588
50        195.107
51        192.075
52        193.463
53        189.372
54        187.769
55        184.203
56        183.187
57        179.824
58        178.923
59        177.437
60         177.11
61        176.836
62        177.105
63        172.828
64        172.254
65        169.451
66        168.712
67        169.228
68        168.838
69         169.62
70        168.922
71        167.424
72        168.571
73        168.612
74         168.03
75        169.031
76        167.226
77        167.545
78         165.48
79        168.072
80        165.308
81        164.934
82        163.369
83        161.855
84        161.004
85         159.88
86        156.133
87        149.443
88        146.991
89        144.092
90        141.821
91        141.506
92        139.887
93        139.909
94        138.913
95         138.11
96        137.901
97        137.893
98        137.488
99        135.559
100        133.458
101        133.243
102        130.968
103        130.013
104        127.938
105        126.886
106        125.762
107        124.017
108        122.715
109        120.703
110        120.128
111        117.868
112        118.154
113        117.727
114        116.831
115          115.8
116        116.428
117        115.804
118        115.225
119        114.733
120         113.68
121        111.285
122        111.456
123        110.846
124        110.043
125        107.503
126        106.161
127        105.198
128         105.66
129        104.668
130        103.442
131        103.482
132        102.032
133        99.9212
134        100.127
135        98.7916
136        97.5485
137        94.0689
138        94.3632
139        92.0155
140        91.5712
141        93.2161
142        92.3917
143        92.5266
144        92.1509
145        91.6887
146        89.9121
147         90.829
148        91.1748
149          91.37
150        91.1422
151        91.5188
152        90.8287
153        91.7452
154        91.6952
155        93.1795
156        93.0294
157        90.4366
158        89.2049
159        88.2571
160        88.9122
161        86.5517
162        85.8315
163        84.7055
164        83.6929
165        82.1204
166         81.968
167        82.2174
168         80.458
169        79.6949
170        79.1497
171        79.6365
172        79.4122
173         79.031
174        78.7107
175        78.6521
176        76.9202
177        77.1199
178        77.1934
179        77.3811
180        77.5704
181        77.6402
182        77.9997
183        77.3867
184        78.5737
185        78.3665
186        77.3681
187        77.2375
188        77.6551
189        75.9543
190         75.942
191        77.0184
192        75.8236
193        76.1283
194        75.7751
195        77.3983
196        77.6678
197        77.1392
198        76.4119
199        77.4136
200        77.2653
201        76.7248
202        76.3784
203        76.4653
204        77.1086
205        77.8327
206        78.1302
207        78.2204
208        77.6278
209        77.5232
210        77.7773
211        77.8848
212        76.9246
213        77.3574
214        76.0713
215        76.5124
216        75.6503
217         77.333
218         77.328
219        78.1674
220        76.6982
221        77.4797
222        78.1384
223        78.9288
224        77.9554
225        77.2697
226        76.9714
227        75.9204
228        75.4478
229        74.9169
230        74.6346
231        75.2711
232        75.8411
233        74.3454
234          72.91
235        73.3093
236        73.7406
237         73.833
238        73.8606
239        73.3388
240        74.1324
241        75.4216
242        76.5562
243        76.3767
244        76.6794
245        76.8258
246        77.2531
247        77.9875
248        76.9936
249         77.073
250        76.2446
251        76.4534
252        76.1663
253        76.4083
254         76.222
255        76.4259
256        77.3477
257         77.612
258        76.9917
259         76.126
260        75.8093
261        75.8776
262        76.0061
263        76.2292
264        76.0989
265        76.9701
266        76.9296
267        75.7987
268        76.6393
269        77.7701
270        77.0009
271        75.9575
272        75.1188
273        75.5137
274        75.5653
275        74.3024
276        74.5871
277        74.2971
278        74.4559
279        74.7859
280        74.4377
281        74.1571
282        75.5293
283        74.7587
284        75.6692
285        76.0448
286        77.5597
287        78.2764
288        76.7168
289        76.5542
290        75.6503
291        74.8768
292        74.9624
293        74.3315
294        74.7029
295        75.0498
296        75.5122
297        76.0359
298        76.4127
299        75.9954
300        75.4822
301         75.617
302        75.2052
303        75.5279
304        75.8605
305        76.5772
306         76.534
307        76.1576
308        75.7494
309        74.5685
310        74.6198
311        76.3498
312        75.7841
313        76.9647
314        76.6126
315        76.1837
316        76.7403
317        77.2991
318        77.5036
319         76.948
320        75.7947
321        76.9353
322        76.2739
323        75.3574
324        74.9422
325        73.9592
326        74.8084
327        75.3277
328        76.3373
329        76.7821
330        76.9667
331        77.6454
332         77.703
333        75.5105
334        75.7278
335        75.1395
336        75.5926
337        75.9685
338         75.935
339        76.1189
340        76.5134
341        76.7164
342        76.0121
343        76.3898
344        75.0711
345          75.28
346        74.3095
347        75.5241
348        75.8822
349        75.1838
350        74.7917
351        75.3194
352        75.6185
353        74.6191
354        74.9638
355        74.7804
356        75.6678
357        75.7749
358        75.8237
359        76.0295
360        76.4251
361        76.5258
362        76.2253
363        76.0324
364        76.4264
365        75.6309
366        76.1483
367        76.1898
368        75.7186
369        75.8717
370         75.762
371        75.9209
372        77.3226
373        77.8903
374        77.1399
375        76.7271
376        75.8555
377        74.8837
378        74.8959
379        75.0782
380        75.1235
381        74.6221
382        75.2543
383        76.1385
384        76.5457
385        77.0776
386        76.8496
387        75.9903
388        75.4749
389        75.8982
390        75.6808
391        76.8306
392        76.1268
393          76.27
394        76.2948
395        77.3964
396        77.8001
397        76.2548
398        76.2624
399        75.6864
400        75.8015
401        75.4674
402        76.8405
403        76.6516
404        76.9364
405        76.0118
406        76.7096
407        77.8674
408        79.2346
409        77.5947
410        77.8018
411        77.0967
412        75.8141
413         75.453
414        76.1607
415        76.4232
416        75.8695
417        75.4344
418        74.8264
419        76.1073
420        76.3655
421        75.8626
422        75.0577
423        75.1131
424        74.5853
425        74.3914
426        74.8019
427         75.559
428        75.7148
429        74.1187
430        74.3057
431        75.0528
432        75.1864
433        74.7385
434        75.5153
435        75.6398
436          75.01
437        74.8358
438        75.3709
439         75.365
440        74.6666
441        74.7492
442        75.3662
443        75.5026
444        74.0005
445        75.7544
446        76.5246
447        77.7645
448        76.3894
449         75.768
450         76.763
451         77.257
452        76.5592
453        75.1231
454        74.6252
455        75.0935
456        74.5953
457        73.7351
458        75.0927
459        75.1225
460        75.3861
461        75.8001
462        76.0521
463        76.2415
464        76.5805
465        75.8524
466        76.5965
467         77.108
468        77.2632
469        77.4913
470        77.7427
471         77.012
472        77.1396
473        77.7224
474        76.6056
475        77.2311
476        76.1749
477        75.5368
478        75.8353
479        74.4323
480        74.9691
481        75.8687
482        76.1616
483        76.1009
484        76.6674
485        77.4629
486         76.967
487        77.1608
488        77.0988
489         77.005
490        76.7027
491        77.1252
492        78.0846
493        77.6966
494        78.3434
495         77.437
496        76.0363
497        76.3582
498        75.7441
499        75.0803
500        74.7226
