1       -7.54701       -6.60164
21        3.72012       -2.61299
4        4.10058       -8.27986
20      0.0371557       -9.51432
9       -4.41534       0.917158
8       -6.63351        1.44877
15       -4.84213       -5.21464
10       -9.65397        1.66357
14      -0.417242      -0.114806
29        8.37711        8.79751
12       -5.33686       -6.13414
5        3.12037        8.10967
27        5.31528        9.40534
22        3.03909       -5.72297
18       -8.32092       -6.81482
16      -0.564068        1.69834
2        4.59299       -3.37669
23         3.5676       -8.03571
7        5.52096       -9.57725
30        6.26571       -9.64115
32        4.26846       -7.76446
17        2.33619        1.60937
3      -0.457706        1.43669
19        8.63731        5.08103
28        -5.4778        9.89221
11       -8.70714        5.09307
26       -8.94478       -0.92985
13      -0.135474        5.12095
24        -7.5808        3.60274
31       -7.32392       -8.93041
25        1.54538         6.8001
6       -2.57007        6.73133
1       -7.54701       -6.60164
1       -7.54701       -6.60164
15       -4.84213       -5.21464
28        -5.4778        9.89221
19        8.63731        5.08103
32        4.26846       -7.76446
20      0.0371557       -9.51432
30        6.26571       -9.64115
23         3.5676       -8.03571
4        4.10058       -8.27986
12       -5.33686       -6.13414
16      -0.564068        1.69834
5        3.12037        8.10967
13      -0.135474        5.12095
6       -2.57007        6.73133
11       -8.70714        5.09307
26       -8.94478       -0.92985
14      -0.417242      -0.114806
8       -6.63351        1.44877
10       -9.65397        1.66357
18       -8.32092       -6.81482
31       -7.32392       -8.93041
7        5.52096       -9.57725
22        3.03909       -5.72297
2        4.59299       -3.37669
21        3.72012       -2.61299
25        1.54538         6.8001
27        5.31528        9.40534
29        8.37711        8.79751
3      -0.457706        1.43669
17        2.33619        1.60937
9       -4.41534       0.917158
24        -7.5808        3.60274
1       -7.54701       -6.60164
1       -7.54701       -6.60164
15       -4.84213       -5.21464
26       -8.94478       -0.92985
7        5.52096       -9.57725
23         3.5676       -8.03571
30        6.26571       -9.64115
20      0.0371557       -9.51432
32        4.26846       -7.76446
4        4.10058       -8.27986
22        3.03909       -5.72297
2        4.59299       -3.37669
21        3.72012       -2.61299
31       -7.32392       -8.93041
18       -8.32092       -6.81482
12       -5.33686       -6.13414
16      -0.564068        1.69834
14      -0.417242      -0.114806
19        8.63731        5.08103
5        3.12037        8.10967
13      -0.135474        5.12095
6       -2.57007        6.73133
8       -6.63351        1.44877
10       -9.65397        1.66357
11       -8.70714        5.09307
28        -5.4778        9.89221
25        1.54538         6.8001
27        5.31528        9.40534
29        8.37711        8.79751
3      -0.457706        1.43669
17        2.33619        1.60937
9       -4.41534       0.917158
24        -7.5808        3.60274
1       -7.54701       -6.60164
1       -7.54701       -6.60164
15       -4.84213       -5.21464
12       -5.33686       -6.13414
20      0.0371557       -9.51432
30        6.26571       -9.64115
7        5.52096       -9.57725
32        4.26846       -7.76446
23         3.5676       -8.03571
4        4.10058       -8.27986
22        3.03909       -5.72297
2        4.59299       -3.37669
21        3.72012       -2.61299
14      -0.417242      -0.114806
31       -7.32392       -8.93041
18       -8.32092       -6.81482
26       -8.94478       -0.92985
16      -0.564068        1.69834
19        8.63731        5.08103
3      -0.457706        1.43669
17        2.33619        1.60937
9       -4.41534       0.917158
8       -6.63351        1.44877
10       -9.65397        1.66357
11       -8.70714        5.09307
28        -5.4778        9.89221
25        1.54538         6.8001
27        5.31528        9.40534
29        8.37711        8.79751
5        3.12037        8.10967
13      -0.135474        5.12095
6       -2.57007        6.73133
24        -7.5808        3.60274
1       -7.54701       -6.60164
1       -7.54701       -6.60164
12       -5.33686       -6.13414
15       -4.84213       -5.21464
20      0.0371557       -9.51432
23         3.5676       -8.03571
4        4.10058       -8.27986
7        5.52096       -9.57725
30        6.26571       -9.64115
32        4.26846       -7.76446
22        3.03909       -5.72297
2        4.59299       -3.37669
21        3.72012       -2.61299
14      -0.417242      -0.114806
9       -4.41534       0.917158
16      -0.564068        1.69834
3      -0.457706        1.43669
17        2.33619        1.60937
19        8.63731        5.08103
29        8.37711        8.79751
27        5.31528        9.40534
5        3.12037        8.10967
25        1.54538         6.8001
13      -0.135474        5.12095
6       -2.57007        6.73133
28        -5.4778        9.89221
11       -8.70714        5.09307
24        -7.5808        3.60274
8       -6.63351        1.44877
10       -9.65397        1.66357
26       -8.94478       -0.92985
18       -8.32092       -6.81482
31       -7.32392       -8.93041
1       -7.54701       -6.60164
