0         272.12
1         272.12
2         272.12
3        264.255
4        264.255
5        264.255
6          263.2
7          263.2
8        258.006
9        258.006
10        258.006
11        258.006
12        258.006
13        258.006
14        258.006
15        258.006
16        258.006
17        258.006
18        258.006
19        255.662
20        255.662
21        248.842
22        243.648
23        243.648
24        243.648
25        243.648
26        243.648
27        243.648
28        243.648
29        243.648
30        243.648
31        235.011
32        235.011
33        235.011
34        235.011
35        235.011
36        235.011
37        235.011
38        235.011
39        235.011
40        235.011
41        231.287
42        231.287
43        231.287
44        231.287
45        226.093
46        224.345
47        217.909
48        209.708
49        204.514
50        203.643
51        203.643
52        203.643
53        203.643
54        203.643
55        203.643
56        203.643
57        203.643
58        203.643
59        203.643
60        203.643
61          199.3
62        193.685
63        193.685
64        193.685
65        193.685
66        193.685
67        193.685
68        193.685
69        193.685
70        193.685
71        192.101
72        192.101
73        189.083
74        189.083
75        189.083
76        189.083
77        189.083
78        189.083
79        189.083
80        189.083
81        189.083
82        189.083
83        187.348
84        183.204
85        180.971
86        180.971
87        176.319
88        176.319
89        176.319
90        176.319
91        176.319
92        176.319
93        176.319
94        176.319
95         175.27
96         175.27
97         175.27
98         175.27
99         175.27
100         174.88
101         174.88
102         174.88
103         174.88
104        174.243
105        174.243
106        174.243
107        174.243
108        174.243
109        174.243
110        174.243
111        174.243
112        174.243
113        174.243
114        168.063
115        168.063
116        168.063
117        168.063
118        168.063
119        168.063
120        168.063
121        168.063
122        168.063
123        168.063
124        166.903
125        165.202
126        165.202
127        165.202
128        165.202
129        165.202
130        156.475
131        156.475
132        156.475
133        156.475
134        156.475
135        156.475
136        156.475
137        156.475
138        156.475
139        156.475
140        155.496
141        155.496
142        155.496
143        155.496
144        155.496
145        155.496
146        155.496
147        155.496
148        155.496
149        155.496
150        155.496
151        155.496
152        155.496
153        155.496
154        155.496
155        155.496
156        155.496
157        155.496
158        155.496
159        155.496
160        155.496
161        155.496
162        155.496
163        155.496
164        155.496
165        155.496
166        155.496
167        155.496
168        154.563
169        152.541
170        152.541
171        152.541
172        152.541
173        152.541
174        152.541
175        152.541
176        152.541
177        152.541
178        152.541
179        152.541
180        152.541
181        152.541
182        150.535
183        150.535
184        150.535
185        150.535
186        150.535
187        150.535
188        150.535
189        150.535
190        150.535
191        150.535
192        150.535
193        148.546
194        148.546
195        148.546
196        148.546
197        148.546
198        148.546
199        148.546
200        147.675
201        147.675
202        147.675
203        147.675
204        147.675
205        147.675
206        147.675
207        147.675
208        147.675
209        147.675
210        147.675
211        147.675
212        147.675
213        147.675
214        147.675
215        142.672
216        142.672
217        142.672
218        142.672
219        142.672
220        142.672
221        142.672
222        142.672
223        142.672
224        142.672
225        142.672
226        142.672
227        142.672
228        142.672
229        142.672
230        142.672
231        142.672
232        142.672
233        142.672
234        142.672
235        142.672
236        142.672
237        142.672
238        142.672
239        142.672
240        142.672
241        142.672
242        142.672
243        142.672
244        142.672
245        142.672
246        142.672
247        142.672
248        142.672
249        142.672
250        142.672
251        142.672
252        142.672
253        142.672
254        142.672
255        142.672
256        142.672
257        142.672
258        142.672
259        142.672
260        142.672
261        142.672
262        142.672
263        142.672
264        142.672
265        142.593
266        142.593
267        142.593
268        142.593
269        142.593
270        140.498
271        140.498
272        140.498
273        140.498
274        140.498
275        140.498
276        140.498
277        140.498
278        140.498
279        140.498
280        140.498
281        140.498
282        140.498
283        140.498
284        140.498
285        140.498
286        140.498
287        140.498
288        140.498
289        140.498
290        140.498
291        140.498
292        140.498
293        140.498
294        140.498
295        140.498
296        140.498
297        140.498
298        140.498
299        140.498
300        136.558
301        136.558
302        136.558
303        136.558
304        136.558
305        136.558
306        136.558
307        136.558
308        136.558
309        136.558
310        136.558
311        136.558
312        136.558
313        136.558
314        136.558
315        136.558
316        136.558
317        136.558
318        136.558
319        136.558
320        136.558
321        136.558
322        136.558
323        136.558
324        136.558
325        136.558
326        136.558
327        136.558
328        136.558
329        136.558
330        136.558
331        136.558
332        136.558
333        136.558
334        136.558
335        136.558
336        136.558
337        136.558
338        136.558
339        136.558
340        136.558
341        136.558
342        136.558
343        136.558
344        136.558
345        136.558
346        136.558
347        136.558
348        136.558
349        136.558
350         136.35
351         136.35
352         136.35
353         136.35
354         136.35
355         136.35
356         136.35
357         136.35
358         136.35
359         136.35
360         136.35
361         136.35
362         136.35
363         136.35
364         136.35
365        135.596
366        135.596
367        135.596
368        135.596
369        135.596
370        135.596
371        135.596
372        135.596
373        135.596
374        135.596
375        135.596
376        135.596
377        135.596
378        135.596
379        135.596
380        135.596
381        135.596
382        135.596
383        135.596
384        135.596
385        135.596
386        135.596
387        135.596
388        135.596
389        135.596
390        135.596
391        135.596
392        135.596
393        135.596
394        135.596
395        135.596
396        135.596
397        135.596
398        135.596
399        135.596
400        129.934
401        129.934
402        129.934
403        129.934
404        129.934
405        129.934
406        129.934
407        129.934
408        129.934
409        129.934
410        129.934
411        129.934
412        129.934
413        129.934
414        129.934
415        129.934
416        129.934
417        129.934
418        129.934
419        129.934
420        129.934
421        129.934
422        129.934
423        129.934
424        129.934
425        129.934
426        129.934
427        129.934
428        129.934
429        129.934
430        129.934
431        129.934
432        129.934
433        129.934
434        129.934
435        129.934
436        129.934
437        129.934
438        129.934
439        129.934
440        129.934
441        129.934
442        129.934
443        129.934
444        129.934
445        129.934
446        129.934
447        129.934
448        129.934
449        129.934
450        129.934
451        129.934
452        129.934
453        129.934
454        129.934
455        129.934
456        129.934
457        129.934
458        129.934
459        129.934
460        129.934
461        129.934
462        129.934
463        129.934
464        129.725
465        129.725
466        129.725
467        129.725
468        129.725
469        129.725
470        129.725
471        129.725
472        129.725
473        129.725
474        129.725
475        129.725
476        129.725
477        129.725
478        129.725
479        129.725
480        129.725
481        129.725
482        129.725
483        129.725
484        129.725
485        129.725
486        129.725
487        129.725
488        129.725
489        129.725
490         125.94
491         125.94
492         125.94
493         125.94
494         125.94
495         125.94
496         125.94
497         125.94
498         125.94
499         125.94
500         125.94
501         125.94
502         125.94
503         125.94
504         125.94
505         125.94
506         125.94
507         125.94
508         125.94
509         125.94
510         125.94
511         125.94
512         125.94
513         125.94
514         125.94
515         125.94
516         125.94
517         125.94
518         125.94
519         125.94
520         125.94
521         125.94
522         125.94
523         125.94
524         125.94
525         125.94
526         125.94
527         125.94
528         125.94
529         125.94
530         125.94
531         125.94
532         125.94
533         125.94
534         125.94
535         125.94
536         125.94
537         125.94
538         125.94
539         125.94
540         125.94
541         125.94
542         125.94
543         125.94
544         125.94
545         125.94
546         125.94
547         125.94
548         125.94
549         125.94
550        121.559
551        121.559
552        121.559
553        121.559
554        121.559
555        121.559
556        121.559
557        121.559
558        121.559
559        121.559
560        121.559
561        121.559
562        121.559
563        121.559
564        121.559
565        121.559
566        121.559
567        121.559
568        121.559
569        121.559
570        121.559
571        121.559
572        121.559
573        121.559
574        121.559
575        121.559
576        121.559
577        121.559
578        121.559
579        121.559
580        121.559
581        121.559
582        121.559
583        121.559
584        121.559
585        121.559
586        121.559
587        121.559
588        121.559
589        121.559
590        121.559
591        121.559
592        121.559
593        121.559
594        121.559
595        121.559
596        121.559
597        121.559
598        121.559
599        121.559
600        121.559
601        121.559
602        121.559
603        121.559
604        121.559
605        121.559
606        121.559
607        121.559
608        121.559
609        121.559
610        121.559
611        121.559
612        121.559
613        120.393
614        120.393
615        120.393
616        120.393
617        120.393
618        120.393
619        120.393
620        120.393
621        120.393
622        120.393
623        120.393
624        120.393
625        120.393
626        120.393
627        120.393
628        119.915
629        119.915
630        119.915
631        118.334
632        118.334
633        118.334
634        118.334
635        118.334
636        118.334
637        118.334
638        118.334
639        118.334
640        118.334
641        118.334
642        118.334
643        118.334
644        118.334
645        118.334
646        118.334
647        118.334
648        118.334
649        118.334
650        116.876
651        116.876
652        116.245
653        116.245
654        116.245
655        116.245
656        116.245
657        116.245
658        116.245
659        116.245
660        116.245
661        116.245
662        116.245
663        116.245
664        116.245
665        116.245
666        116.245
667        116.245
668        116.245
669        116.245
670        116.245
671        116.245
672        116.245
673        116.245
674        116.245
675        116.245
676        116.245
677        116.245
678        116.245
679        116.245
680        116.245
681        116.242
682        116.242
683        116.242
684        116.242
685        116.242
686        116.242
687        116.242
688        116.242
689        116.242
690        114.185
691        114.185
692        114.185
693        114.185
694        114.185
695        114.185
696        114.185
697        114.185
698        114.185
699        114.185
700        113.164
701        113.164
702        113.164
703        113.164
704        113.164
705        113.164
706        113.164
707        113.164
708        113.164
709        113.164
710        113.164
711        113.164
712        113.164
713        113.164
714        113.164
715        112.863
716        112.863
717        112.863
718        112.863
719        112.863
720        112.863
721        112.863
722        112.863
723        112.863
724        112.863
725        112.863
726        112.863
727        112.863
728        112.863
729        112.863
730        112.863
731        112.863
732        112.863
733        112.863
734        112.863
735        112.863
736        112.863
737        112.863
738        112.863
739        112.863
740        112.863
741        112.863
742        112.863
743        112.863
744        112.863
745        112.863
746        112.863
747        112.863
748        112.863
749        112.863
750        111.835
751        111.835
752        111.835
753        111.835
754        111.835
755        111.835
756        111.835
757        111.835
758        111.835
759        111.835
760        111.835
761        111.835
762        111.835
763        111.835
764        111.835
765        111.835
766        111.835
767        111.835
768        111.835
769        111.835
770        111.835
771        111.835
772        111.835
773        111.835
774        111.835
775        111.835
776        111.835
777        111.835
778        111.835
779        111.835
780        111.835
781        111.835
782        111.835
783        111.835
784        111.835
785        111.835
786        111.835
787        111.835
788        111.835
789        111.835
790        111.835
791        111.835
792        111.835
793        111.835
794        111.835
795        111.835
796        111.835
797        111.835
798        111.835
799        111.835
800        111.835
801        111.835
802        111.835
803        111.835
804        111.835
805        111.835
806        111.835
807        111.835
808        111.835
809        111.835
810        111.835
811        111.835
812        111.835
813        111.835
814        111.835
815        111.835
816        111.835
817        111.835
818        111.835
819        111.835
820        110.194
821        110.194
822        110.194
823        110.194
824        110.194
825        110.194
826        110.194
827        110.194
828        110.194
829        110.194
830        110.194
831        110.194
832        110.194
833        110.194
834        110.194
835        110.194
836        110.194
837        110.194
838        110.194
839        110.194
840        110.194
841        110.194
842        110.194
843        110.194
844        110.194
845        110.194
846        110.194
847        110.194
848        110.194
849        110.194
850        108.872
851        108.872
852        108.872
853        108.872
854        108.872
855        108.872
856        108.872
857        108.872
858        108.872
859        108.872
860        108.872
861        108.872
862        108.872
863        108.872
864        108.872
865        108.872
866        108.872
867        108.872
868        108.872
869        108.872
870        108.872
871        108.872
872        108.496
873        108.496
874        108.496
875        108.496
876        108.496
877        108.496
878        108.496
879        108.496
880        108.496
881        108.496
882        108.496
883        108.496
884        108.496
885        108.496
886        108.496
887        108.496
888        108.496
889        108.496
890        108.496
891        108.496
892        108.496
893        108.496
894        108.062
895        108.062
896        108.062
897        108.062
898        108.062
899        108.062
900        108.048
901        108.048
902        108.048
903        108.048
904        108.048
905        108.048
906        108.048
907        108.048
908        108.048
909        108.048
910        108.048
911        104.948
912        104.948
913        104.948
914        104.948
915        104.948
916        104.948
917        104.948
918        104.948
919        104.948
920        104.948
921        104.948
922        104.948
923        104.948
924        104.948
925        104.948
926        104.948
927        104.948
928        104.948
929        104.948
930        104.948
931        104.948
932        104.948
933        104.948
934        104.948
935        104.948
936        104.948
937        104.948
938        104.948
939        104.948
940        104.948
941        104.948
942        104.948
943        104.948
944        104.948
945        104.948
946        104.948
947        104.948
948        104.948
949        104.948
950        104.948
951        104.948
952        104.948
953        104.948
954        104.948
955        104.948
956        104.948
957        104.948
958        104.948
959        104.948
960        104.948
961        104.948
962        104.948
963        104.948
964        104.948
965        104.948
966        104.948
967        104.948
968        104.948
969        104.948
970        104.948
971        104.948
972        104.948
973        104.948
974        104.948
975        104.572
976        104.572
977        104.572
978        104.572
979        104.572
980        104.572
981        104.572
982        104.572
983        104.572
984        104.572
985        104.572
986        104.572
987        104.572
988        104.572
989        104.572
990        104.572
991        104.572
992        104.572
993        104.572
994        104.572
995        104.572
996        104.572
997        104.572
998        104.572
999        104.572
1000        104.572
1001        104.572
1002        104.572
1003        104.572
1004        104.572
1005        104.572
1006        104.572
1007        104.572
1008        104.572
1009        104.572
1010        104.572
1011        102.552
1012        102.552
1013        102.552
1014        102.552
1015        102.552
1016        102.552
1017        102.552
1018        102.552
1019        102.552
1020        102.552
1021        102.552
1022        102.552
1023        102.552
1024        102.552
1025        102.552
1026        102.552
1027        102.552
1028        102.552
1029        102.552
1030        102.552
1031        102.552
1032        102.552
1033        102.552
1034        102.552
1035        102.552
1036        102.552
1037        102.552
1038        102.552
1039        102.552
1040        102.552
1041        102.552
1042        102.552
1043        102.552
1044        102.552
1045        102.552
1046        102.552
1047        102.552
1048        102.552
1049        102.552
1050        102.552
1051        102.552
1052        102.552
1053        102.552
1054        102.552
1055        102.552
1056        102.552
1057        102.552
1058        102.552
1059        102.552
1060        102.552
1061        102.552
1062        102.552
1063        102.552
1064        102.552
1065        102.552
1066        102.552
1067        102.552
1068        102.552
1069        102.552
1070        102.552
1071        102.552
1072        102.552
1073        102.552
1074        102.552
1075        102.552
1076        102.552
1077        102.552
1078        102.552
1079        102.552
1080        102.552
1081        102.552
1082        102.552
1083        102.552
1084        102.552
1085        102.552
1086        102.552
1087        102.552
1088        102.552
1089        102.552
1090        102.552
1091        102.552
1092        102.552
1093        102.552
1094        102.552
1095        102.552
1096        102.552
1097        102.552
1098        102.552
1099        102.552
1100        102.552
1101        102.552
1102        102.552
1103        102.552
1104        102.552
1105        102.552
1106        102.552
1107        102.552
1108        102.552
1109        102.552
1110        102.552
1111        102.552
1112        102.552
1113        102.552
1114        102.552
1115        102.552
1116        102.552
1117        102.552
1118        102.552
1119        102.552
1120        102.552
1121        102.552
1122        102.552
1123        102.552
1124        102.552
1125        102.552
1126        102.552
1127        102.552
1128        102.552
1129        102.552
1130        102.552
1131        102.552
1132        102.552
1133        102.552
1134        102.552
1135        102.552
1136        102.552
1137        102.552
1138        102.552
1139        102.552
1140        102.552
1141        102.552
1142        102.552
1143        102.552
1144        102.176
1145        102.176
1146        102.176
1147        102.176
1148        102.176
1149        102.176
1150        102.552
1151        102.552
1152        102.552
1153        102.552
1154        102.552
1155        102.552
1156        102.552
1157        102.552
1158        102.552
1159        102.552
1160        102.552
1161        102.552
1162        102.552
1163        102.552
1164        102.552
1165        102.552
1166        102.552
1167        102.552
1168        102.552
1169        102.552
1170        102.552
1171        102.552
1172        102.552
1173        102.552
1174        102.552
1175        102.552
1176        102.552
1177        102.552
1178        102.469
1179        101.843
1180        101.843
1181        101.843
1182        101.843
1183        101.843
1184        101.843
1185        101.843
1186        101.843
1187        101.843
1188        101.843
1189        101.843
1190        101.843
1191        101.843
1192        101.511
1193        101.511
1194        101.511
1195        101.511
1196        101.511
1197        101.511
1198        101.511
1199        101.511
1200        101.511
1201        101.511
1202        101.511
1203        101.511
1204        101.511
1205        101.511
1206        101.511
1207        101.511
1208        101.511
1209        101.511
1210        101.511
1211        101.511
1212        101.511
1213        101.511
1214        101.511
1215        101.511
1216        101.511
1217        101.511
1218        101.511
1219        101.511
1220        101.511
1221        101.511
1222        101.511
1223        101.511
1224        101.511
1225        101.511
1226        101.511
1227        101.511
1228        101.511
1229        101.511
1230        101.511
1231        101.511
1232        101.511
1233        101.511
1234        101.511
1235        101.511
1236        101.511
1237        101.511
1238        101.511
1239        101.511
1240        101.511
1241        101.511
1242        101.511
1243        101.511
1244        101.511
1245        101.284
1246        101.284
1247        101.284
1248        101.284
1249        101.284
1250        100.552
1251        100.552
1252        100.552
1253        100.552
1254        100.552
1255        100.552
1256        100.552
1257        100.552
1258        100.552
1259        100.552
1260        100.552
1261        100.552
1262        100.552
1263        100.552
1264        100.552
1265        100.552
1266        100.552
1267        100.552
1268        100.552
1269        100.552
1270        100.552
1271        100.552
1272        100.552
1273        100.552
1274        100.552
1275        100.552
1276        100.552
1277        100.552
1278        100.552
1279        100.552
1280        100.552
1281        100.552
1282        100.552
1283        100.552
1284        100.552
1285        100.552
1286        100.552
1287        100.552
1288        100.552
1289        100.552
1290        100.552
1291        100.552
1292        100.552
1293        100.552
1294        100.552
1295        100.552
1296        100.552
1297        100.552
1298        100.552
1299        100.552
1300        100.552
1301        100.552
1302        100.552
1303        100.552
1304        100.552
1305        100.552
1306        100.552
1307        100.552
1308        100.552
1309        100.552
1310        100.552
1311        100.552
1312        100.552
1313        100.552
1314        100.552
1315        100.552
1316        100.176
1317        100.176
1318        100.176
1319        100.176
1320        100.176
1321        99.8437
1322        99.8437
1323        99.8437
1324        99.8437
1325        99.8437
1326        99.8437
1327        99.8437
1328        99.8437
1329        99.8437
1330        99.8437
1331        99.8437
1332        99.8437
1333        99.8437
1334        99.8437
1335        99.8437
1336        99.8437
1337        99.8437
1338        99.8437
1339        99.8437
1340        99.8437
1341        99.8437
1342        99.8437
1343        99.8437
1344        99.8437
1345        99.8437
1346        99.8437
1347        99.8437
1348        99.8437
1349        99.6174
1350        99.8437
1351        99.8437
1352        99.8437
1353        99.8437
1354        99.8437
1355        99.8437
1356        99.4676
1357        99.4676
1358        99.4676
1359        99.4676
1360        99.4676
1361        99.4676
1362        99.4676
1363        99.4676
1364        99.4676
1365        99.4676
1366        99.4676
1367        99.4676
1368        99.4676
1369        99.4676
1370        99.4676
1371        99.4676
1372        99.4676
1373        99.4676
1374        99.4676
1375        99.4676
1376        99.4676
1377        99.4676
1378        99.4676
1379        99.4676
1380        99.4676
1381        99.4676
1382        99.4676
1383        99.4676
1384        99.4676
1385        99.4676
1386        99.4676
1387        99.4676
1388        99.4676
1389        99.4676
1390        99.4676
1391        99.4676
1392        99.4676
1393        99.4676
1394        99.4676
1395        99.4676
1396        99.4676
1397        99.4676
1398        99.4676
1399        99.4676
1400        99.4676
1401        99.4676
1402        99.4676
1403        99.4676
1404        99.4676
1405        99.4676
1406        99.4676
1407        99.4676
1408        99.4676
1409        99.4676
1410        99.4676
1411        99.4676
1412        99.4676
1413        99.4676
1414        99.4676
1415        99.4676
1416        99.1997
1417        99.1997
1418        99.1997
1419        99.1997
1420        99.1997
1421        99.1997
1422        99.1997
1423        99.1997
1424        99.1997
1425        99.1997
1426        99.1997
1427        99.1997
1428        99.1997
1429        99.1997
1430        99.1997
1431        99.1997
1432        99.1997
1433        99.1997
1434        99.1997
1435        99.1997
1436        99.1997
1437        99.1997
1438        99.1997
1439        99.1997
1440        99.1997
1441        99.1997
1442        99.1997
1443        99.1997
1444        99.1997
1445        99.1997
1446        99.1997
1447        99.1997
1448        99.1997
1449        99.1997
1450        99.1997
1451        99.1997
1452        99.1997
1453        99.1997
1454        94.7462
1455        94.7462
1456        94.7462
1457        94.7462
1458        94.7462
1459        94.7462
1460        94.7462
1461        94.7462
1462        94.7462
1463        94.7462
1464        94.7462
1465        94.7462
1466        94.7462
1467        94.7462
1468        94.7462
1469        94.7462
1470        94.7462
1471        94.7462
1472        94.7462
1473        94.7462
1474        94.7462
1475        94.7462
1476        94.7462
1477        94.7462
1478        94.7462
1479        94.7462
1480        94.7462
1481        94.7462
1482        94.7462
1483        94.7462
1484        94.7462
1485        94.7462
1486        94.7462
1487        94.7462
1488        94.7462
1489        94.7462
1490        94.7462
1491        94.7462
1492        94.7462
1493        94.7462
1494        94.7462
1495        94.7462
1496        94.7462
1497        94.7462
1498        94.7462
1499        94.7462
1500        94.7462
1501        94.7462
1502        94.7462
1503        94.7462
1504        94.7462
1505        94.7462
1506        94.7462
1507        94.7462
1508        94.7462
1509        94.7462
1510        94.7462
1511        94.7462
1512        94.7462
1513        94.7462
1514        94.7462
1515        94.7462
1516        94.7462
1517        94.7462
1518        94.7462
1519        94.7462
1520        94.7462
1521        94.7462
1522        94.7462
1523        94.7462
1524        94.7462
1525        94.7462
1526        94.7462
1527        94.7462
1528        94.7462
1529        94.7462
1530        94.7462
1531        94.7462
1532        94.7462
1533        94.7462
1534        94.7462
1535        94.7462
1536        94.7462
1537        94.7462
1538        94.7462
1539        94.7462
1540        94.7462
1541        94.7462
1542        94.7462
1543        94.7462
1544        94.7462
1545        94.7462
1546        94.7462
1547        94.7462
1548        94.7462
1549        94.7462
1550        94.7462
1551        94.7462
1552        94.7462
1553        94.7462
1554        94.7462
1555        94.7462
1556        94.7462
1557        94.2809
1558        94.2809
1559        94.2809
1560        94.2809
1561        94.2809
1562        94.2809
1563        94.2809
1564        94.2809
1565        94.2809
1566        94.2809
1567        94.2809
1568        94.2809
1569        94.2809
1570        94.2809
1571        94.2809
1572        94.2809
1573        94.2809
1574        94.2809
1575        94.2809
1576        94.2809
1577        94.2809
1578        94.2809
1579        94.2809
1580        94.2809
1581        94.2809
1582        94.2809
1583        94.2809
1584        94.2809
1585        94.2809
1586        94.2809
1587        94.2809
1588        94.2809
1589        94.2809
1590        94.2809
1591        94.2809
1592        94.2809
1593        94.2809
1594        94.2809
1595        94.2809
1596        94.2809
1597        94.2809
1598        94.2809
1599        94.2809
1600        94.2809
1601        94.2809
1602        94.2809
1603        94.2809
1604        94.2809
1605        94.2809
1606        94.2809
1607        94.2809
1608        94.2809
1609        94.2809
1610        94.2809
1611        94.2809
1612        94.2809
1613        94.2809
1614        94.2809
1615        94.2809
1616        94.2809
1617        94.2809
1618        94.2809
1619        94.2809
1620        94.2809
1621        94.2809
1622        94.2809
1623        94.2809
1624        94.2809
1625        94.2809
1626        94.2809
1627        94.2809
1628        94.2809
1629        94.2809
1630        94.2809
1631        94.2809
1632        94.2809
1633        94.2809
1634        94.2809
1635        94.2809
1636        94.2809
1637        94.2809
1638        94.2809
1639        94.2809
1640        94.2809
1641        94.2809
1642        94.2809
1643        94.2809
1644        94.2809
1645        94.2809
1646        94.2809
1647        94.2809
1648        94.2809
1649        94.2809
1650        94.2809
1651        94.2809
1652        94.2809
1653        94.2809
1654        94.2809
1655        94.2809
1656        94.2809
1657        94.2809
1658        94.2809
1659        94.2809
1660        94.2809
1661        94.2809
1662        94.2809
1663        94.2809
1664        94.2809
1665        94.2809
1666        94.2809
1667        94.2809
1668        94.2809
1669        94.2809
1670        94.2809
1671        94.2809
1672        94.2809
1673        94.2809
1674        94.2809
1675        94.2809
1676        94.2809
1677        94.2809
1678        94.2809
1679        94.2809
1680        94.2809
1681        94.2809
1682        94.2809
1683        94.2809
1684        94.2809
1685        94.2809
1686        94.2809
1687        94.2809
1688        94.2809
1689        94.2809
1690        94.2809
1691        94.2809
1692        94.2809
1693        94.2809
1694        94.2809
1695        94.2809
1696        94.2809
1697        94.2809
1698        94.2809
1699        94.2809
1700        94.2809
1701        94.2809
1702        94.2809
1703        94.2809
1704        94.2809
1705        94.2809
1706        94.2809
1707        94.2809
1708        94.2809
1709        94.2809
1710        94.2809
1711        94.2809
1712        94.2809
1713        94.2809
1714        94.2809
1715        94.2809
1716        94.2809
1717        94.2809
1718        94.2809
1719        94.2809
1720        94.2809
1721        94.2809
1722        94.2809
1723        94.2809
1724        94.2809
1725        94.2809
1726        94.2809
1727        94.2809
1728        94.2809
1729        94.2809
1730        94.2809
1731        94.2809
1732        94.2809
1733        94.2809
1734        94.2809
1735        94.2809
1736        94.2809
1737        94.2809
1738        94.2809
1739        94.2809
1740        94.2809
1741        94.2809
1742        94.2809
1743        94.2809
1744        94.2809
1745        94.2809
1746        94.2809
1747        94.2809
1748        94.2809
1749        94.2809
1750        94.2809
1751        94.2809
1752        94.2809
1753        94.2809
1754        94.2809
1755        94.2809
1756        94.2809
1757        94.2809
1758        94.2809
1759        94.2809
1760        94.2809
1761        94.2809
1762        94.2809
1763        94.2809
1764        94.2809
1765        94.2809
1766        94.2809
1767        94.2809
1768        94.2809
1769        94.2809
1770        94.2809
1771        94.2809
1772        94.2809
1773        94.2809
1774        94.2809
1775        94.2809
1776        94.2809
1777        94.2809
1778        94.2809
1779        94.2809
1780        94.2809
1781        94.2809
1782        94.2809
1783        94.2809
1784        94.2809
1785        94.2809
1786        94.2809
1787        94.2809
1788        94.2809
1789        94.2809
1790        94.2809
1791        94.2809
1792        94.2809
1793        94.2809
1794        94.2809
1795        94.2809
1796        94.2809
1797        94.2809
1798        94.2809
1799        94.2809
1800        94.2809
1801        94.2809
1802        94.2809
1803        94.2809
1804        94.2809
1805        94.2809
1806        94.2809
1807        94.2809
1808        94.2809
1809        94.2809
1810        94.2809
1811        94.2809
1812        94.2809
1813        94.2809
1814        94.2809
1815        94.2809
1816        94.2809
1817        94.2809
1818        94.2809
1819        94.2809
1820        94.2809
1821        94.2809
1822        94.2809
1823        94.2809
1824        94.2809
1825        94.2809
1826        94.2809
1827        94.2809
1828        94.2809
1829        94.2809
1830        94.2809
1831        94.2809
1832        94.2809
1833        94.2809
1834        94.2809
1835        94.2809
1836        94.2809
1837        94.2809
1838        94.2809
1839        94.2809
1840        94.2809
1841        94.2809
1842        94.2809
1843        94.2809
1844        94.2809
1845        94.2809
1846        94.2809
1847        94.2809
1848        94.2809
1849        94.2809
1850        94.2809
1851        94.2809
1852        94.2809
1853        94.2809
1854        94.2809
1855        94.2809
1856        94.2809
1857        94.2809
1858        94.2809
1859        94.2809
1860        94.2809
1861        94.2809
1862        94.2809
1863        94.2809
1864        94.2809
1865        94.2809
1866        94.2809
1867        94.2809
1868        94.2809
1869        94.2809
1870        94.2809
1871        94.2809
1872        94.2809
1873        94.2809
1874        94.2809
1875        94.2809
1876        94.2809
1877        94.2809
1878        94.2809
1879        94.2809
1880        94.2809
1881        94.1844
1882        94.1844
1883        94.1844
1884        94.1844
1885        94.1844
1886        94.1844
1887        94.1844
1888        94.1844
1889        94.1844
1890        94.1844
1891        94.1844
1892        94.1844
1893        94.1844
1894        94.1844
1895        94.1844
1896        94.1844
1897        94.1844
1898        94.1844
1899        94.1844
1900        94.1844
1901        94.1844
1902        94.1844
1903        94.1844
1904        94.1844
1905        94.1844
1906        94.1844
1907        94.1844
1908        94.1844
1909        94.1844
1910        94.1844
1911        94.1844
1912        94.1844
1913        94.1844
1914        94.1844
1915        94.1844
1916        94.1844
1917        94.1844
1918        94.1844
1919        94.1844
1920        94.1844
1921        94.1844
1922        94.1844
1923        94.1844
1924        94.1844
1925        94.1844
1926        94.1844
1927        94.1844
1928        94.1844
1929        94.1844
1930        94.1844
1931        94.1844
1932        94.1844
1933        94.1844
1934        94.1844
1935        94.1844
1936        94.1844
1937        94.1844
1938        94.1844
1939        94.1844
1940        94.1844
1941        94.1844
1942        94.1844
1943        94.1844
1944        94.1844
1945        94.1844
1946        94.1844
1947        94.1844
1948        94.1844
1949        94.1844
1950        94.1844
1951        94.1844
1952        94.1844
1953        94.1844
1954        94.1844
1955        94.1844
1956        94.1844
1957        94.1844
1958        94.1844
1959        94.1844
1960        94.1844
1961        94.1844
1962        94.1844
1963        94.1844
1964        94.1844
1965        94.1844
1966        94.1844
1967        94.1844
1968        94.1844
1969        94.1844
1970        94.1844
1971        94.1844
1972        94.1844
1973        94.1844
1974        94.1844
1975        94.1844
1976        94.1844
1977        94.1844
1978        94.1844
1979        94.1844
1980        94.1844
1981        94.1844
1982        94.1844
1983        94.1844
1984        94.1844
1985        94.1844
1986        94.1844
1987        94.1844
1988        94.1844
1989        94.1844
1990        94.1844
1991        94.1844
1992        94.1844
1993        94.1844
1994        94.1844
1995        94.1844
1996        94.1844
1997        94.1844
1998        94.1844
1999        94.1844
2000        94.1844
