           1     1.30523     1.30523           0
           2     1.39569     1.35046   0.0452336
           3     1.28126     1.32739   0.0348438
           4     1.36446     1.33666   0.0263229
           5     1.50281     1.36989   0.0389875
           6      1.3741     1.37059   0.0318409
           7     1.44941     1.38185   0.0291714
           8     1.45636     1.39117   0.0269254
           9      1.3754     1.38941   0.0238106
          10     1.34719     1.38519   0.0217113
          11     1.50007     1.39564   0.0222427
          12     1.48148     1.40279    0.021528
          13      1.2722     1.39274   0.0222048
          14     1.37529      1.3915   0.0205954
          15     1.36012     1.38941   0.0192871
          16     1.37838     1.38872   0.0180545
          17      1.3513     1.38652   0.0171015
          18     1.31607      1.3826   0.0165917
          19     1.40037     1.38354    0.015722
          20     1.43797     1.38626   0.0151615
