           20   0.0512993           0           0
           20   0.0769489           0           0
           20    0.102599           0           0
           20    0.128248           0           0
           20    0.153898           0           0
           20    0.179547           0           0
           20    0.205197           0           0
           20    0.230847           0           0
           20    0.256496           0           0
           20    0.282146           0           0
           20    0.307796           0           0
           20    0.333445           0           0
           20    0.359095           0           0
           20    0.384745           0           0
           20    0.410394           0           0
           20    0.436044           0           0
           20    0.461694           0           0
           20    0.487343           0           0
           20    0.512993           0           0
           20    0.538642           0           0
           20    0.564292           0           0
           20    0.589942           0           0
           20    0.615591           0           0
           20    0.641241           0           0
           20    0.666891           0           0
           20     0.69254           0           0
           20     0.71819           0           0
           20     0.74384           0           0
           20    0.769489           0           0
           20    0.795139           0           0
           20    0.820788           0           0
           20    0.846438 3.30689e-05  9.8886e-06
           20    0.872088  0.00138658  7.7477e-05
           20    0.897737   0.0250083 0.000412467
           20    0.923387    0.165545  0.00127647
           20    0.949037    0.565809  0.00263621
           20    0.974686     1.20681  0.00451908
           20     1.00034     1.86706  0.00467408
           20     1.02599     2.34126  0.00436085
           20     1.05164     2.54884  0.00301208
           20     1.07728     2.55038  0.00247191
           20     1.10293       2.406  0.00338169
           20     1.12858      2.1986  0.00324426
           20     1.15423     1.96884  0.00332784
           20     1.17988     1.75098   0.0036349
           20     1.20553     1.55882  0.00308889
           20     1.23118     1.38651   0.0030093
           20     1.25683     1.24167  0.00265989
           20     1.28248     1.12487   0.0021313
           20     1.30813     1.02172  0.00213874
           20     1.33378    0.941632  0.00177389
           20     1.35943    0.869574  0.00154559
           20     1.38508    0.816796  0.00201319
           20     1.41073    0.770355  0.00193459
           20     1.43638    0.739233  0.00160992
           20     1.46203    0.712295  0.00176521
           20     1.48768     0.69098  0.00121904
           20     1.51333    0.679509  0.00121815
           20     1.53898    0.670129  0.00149141
           20     1.56463    0.672725  0.00156496
           20     1.59028    0.675505  0.00147476
           20     1.61593    0.688468  0.00138128
           20     1.64158    0.703377  0.00157304
           20     1.66723    0.724792   0.0015732
           20     1.69288    0.749273  0.00137119
           20     1.71853    0.780425  0.00137987
           20     1.74418    0.815757  0.00148995
           20     1.76983    0.854406  0.00161193
           20     1.79547    0.892161  0.00171521
           20     1.82112    0.935908  0.00147625
           20     1.84677    0.978662  0.00153673
           20     1.87242     1.02029  0.00130202
           20     1.89807     1.05985  0.00153062
           20     1.92372     1.09522    0.001179
           20     1.94937     1.13249  0.00148642
           20     1.97502     1.16178 0.000999002
           20     2.00067     1.18615    0.001702
           20     2.02632     1.20212  0.00111106
           20     2.05197     1.21384  0.00116955
           20     2.07762     1.21586   0.0014811
           20     2.10327     1.20918  0.00155173
           20     2.12892     1.19659  0.00132822
           20     2.15457     1.17504   0.0015989
           20     2.18022     1.14949  0.00180588
           20     2.20587     1.12274  0.00130999
           20     2.23152     1.09299  0.00169812
           20     2.25717     1.06471  0.00165418
           20     2.28282     1.03742  0.00152627
           20     2.30847     1.01101  0.00132941
           20     2.33412    0.987664  0.00147452
           20     2.35977    0.965901  0.00117962
           20     2.38542    0.946157  0.00142313
           20     2.41107    0.930336  0.00160863
           20     2.43672    0.917066   0.0012112
           20     2.46237    0.908467  0.00121455
           20     2.48802    0.895262 0.000969711
           20     2.51366     0.88583  0.00110244
           20     2.53931     0.88511  0.00133172
           20     2.56496    0.876812  0.00141031
           20     2.59061    0.860239 0.000895957
