           1   -0.419077   -0.419077           0
           2   -0.414703    -0.41689   0.0021868
           3   -0.416866   -0.416882  0.00126257
           4   -0.414669   -0.416329  0.00105035
           5   -0.420906   -0.417244  0.00122473
           6   -0.415433   -0.416942  0.00104454
           7   -0.419011   -0.417238 0.000930944
           8   -0.416424   -0.417136 0.000812615
           9   -0.415418   -0.416945 0.000741637
          10   -0.418206   -0.417071 0.000675211
          11   -0.416393    -0.41701 0.000613853
          12   -0.413728   -0.416736 0.000623531
          13   -0.410089   -0.416225 0.000768407
          14   -0.412032   -0.415925 0.000771886
          15   -0.413437   -0.415759  0.00073749
          16   -0.415479   -0.415742 0.000690081
          17   -0.404964   -0.415108 0.000906717
          18   -0.411025   -0.414881 0.000884445
          19   -0.415595   -0.414919 0.000837446
          20   -0.416173   -0.414981 0.000796942
          21   -0.421576   -0.415295 0.000820519
          22   -0.424561   -0.415716 0.000888495
          23   -0.422258   -0.416001 0.000895357
          24   -0.416688    -0.41603 0.000857716
          25   -0.421017   -0.416229 0.000846531
          26   -0.410616   -0.416013 0.000841481
          27   -0.418798   -0.416116 0.000816257
          28   -0.411158   -0.415939  0.00080625
          29   -0.417257   -0.415985 0.000779278
          30   -0.416735    -0.41601 0.000753269
