           1   0.0487592   0.0487592           0
           2   0.0494567   0.0491079 0.000348759
           3    0.049104   0.0491066  0.00020136
           4   0.0490659   0.0490964 0.000142748
           5   0.0488407   0.0490453 0.000121828
           6    0.049063   0.0490482 9.95154e-05
           7   0.0488384   0.0490183 8.92898e-05
           8    0.048945   0.0490091 7.78681e-05
           9   0.0492271   0.0490333 7.28204e-05
          10   0.0487068   0.0490007 7.28571e-05
          11    0.048862   0.0489881 6.70972e-05
          12   0.0489942   0.0489886 6.12532e-05
          13   0.0496656   0.0490407 7.67256e-05
          14   0.0487244   0.0490181 7.45386e-05
          15   0.0490014    0.049017 6.94005e-05
          16   0.0492433   0.0490311 6.64422e-05
          17   0.0492584   0.0490445 6.38273e-05
          18   0.0490502   0.0490448 6.01778e-05
          19   0.0489178   0.0490381 5.73138e-05
          20   0.0482544   0.0489989  6.7022e-05
          21   0.0487707   0.0489881 6.46705e-05
          22   0.0485113   0.0489664 6.53581e-05
          23   0.0492941   0.0489806 6.40568e-05
          24   0.0490712   0.0489844 6.14458e-05
          25   0.0486004    0.048969 6.09053e-05
          26   0.0487225   0.0489596  5.9279e-05
          27   0.0485649    0.048945 5.88841e-05
          28   0.0495571   0.0489668 6.08081e-05
          29   0.0494676   0.0489841 6.11625e-05
          30   0.0489871   0.0489842 5.90887e-05
