           1    -7.55336    -7.55336           0
           2    -7.54712    -7.55024  0.00311964
           3     -7.5563    -7.55226  0.00270513
           4     -7.5537    -7.55262  0.00194665
           5    -7.53918    -7.54993  0.00308209
           6     -7.5557    -7.55089  0.00269376
           7    -7.54923    -7.55066  0.00228905
           8    -7.56072    -7.55191  0.00234759
           9    -7.55736    -7.55252    0.002157
          10    -7.54445    -7.55171  0.00209113
          11     -7.5469    -7.55127  0.00194135
          12     -7.5461    -7.55084  0.00182395
          13    -7.55782    -7.55138  0.00176155
          14    -7.54828    -7.55116  0.00164587
          15    -7.53322    -7.54996  0.00194355
          16    -7.53811    -7.54922  0.00196305
          17    -7.55111    -7.54933  0.00184731
          18    -7.55615    -7.54971  0.00178233
          19    -7.55193    -7.54983  0.00168993
          20    -7.54765    -7.54972  0.00160691
