0        270.058
1        270.058
2        266.001
3        266.001
4        266.001
5        266.001
6        264.179
7        264.179
8        264.179
9        264.179
10        264.179
11        262.931
12        262.931
13        259.688
14        259.688
15        253.474
16        253.474
17        253.207
18        253.207
19        251.385
20        251.385
21        251.385
22        251.385
23        251.385
24        251.385
25        251.385
26        251.385
27        249.706
28        249.706
29        249.706
30        248.906
31        242.657
32        242.657
33        242.657
34        242.657
35        242.657
36        242.657
37        242.657
38        242.657
39        242.657
40        242.657
41        242.207
42        242.207
43        242.207
44        239.719
45        238.167
46        238.167
47        238.167
48        226.756
49        226.756
50        203.643
51        203.643
52        203.643
53        203.643
54        203.643
55        203.643
56        203.643
57        203.643
58        203.643
59        203.643
60        203.643
61        203.643
62        203.643
63        203.643
64        203.643
65        203.643
66        203.643
67        203.643
68        203.643
69        203.643
70        203.643
71        203.643
72        203.643
73        192.734
74        192.734
75        192.734
76        192.734
77        192.734
78        192.734
79        192.734
80        185.855
81        185.855
82        185.855
83        185.855
84        180.971
85        180.971
86        180.971
87        180.971
88        180.971
89        180.971
90        180.971
91        180.971
92        180.971
93        180.971
94        180.971
95        180.971
96        180.971
97        180.971
98        180.971
99         174.88
100         175.27
101         174.88
102         174.88
103         174.88
104         174.88
105         174.88
106         174.88
107         174.88
108        172.796
109        172.796
110        170.404
111        170.404
112        170.404
113        170.404
114        170.404
115        170.404
116        170.404
117        170.404
118        166.242
119        166.242
120        166.242
121        166.242
122        166.242
123        166.242
124        166.242
125        166.242
126        166.242
127        166.242
128        166.242
129        166.242
130        166.242
131        166.242
132        166.242
133        166.242
134        166.242
135        164.953
136        164.953
137        164.953
138        164.953
139        164.953
140        164.953
141        164.953
142        160.343
143        160.269
144        160.269
145        160.269
146        160.269
147        160.269
148        160.269
149        160.269
150        160.269
151        160.269
152        160.269
153        160.269
154        160.269
155        160.269
156        160.269
157        160.269
158        160.269
159        160.269
160        160.269
161        160.269
162        160.269
163        160.269
164        160.269
165        160.269
166        160.269
167        160.269
168        160.269
169        160.269
170        160.269
171        156.055
172        156.055
173        156.055
174        156.055
175        156.055
176        156.055
177        156.055
178        156.055
179        156.055
180        156.055
181        156.055
182        156.055
183        156.055
184        156.055
185        156.055
186        156.055
187        156.055
188        156.055
189        156.055
190        156.055
191        156.055
192        156.055
193        156.055
194        156.055
195        156.055
196        156.055
197        156.055
198        156.055
199        156.055
200        151.536
201        151.536
202        151.536
203        151.536
204        151.536
205        151.536
206        151.536
207        151.536
208        151.536
209        151.536
210        151.536
211        151.536
212        151.536
213        151.536
214        151.536
215        151.536
216        151.536
217        151.536
218        151.536
219        151.536
220        151.536
221        151.536
222        150.857
223        150.857
224        150.857
225        150.857
226        150.857
227        150.857
228        150.857
229        150.857
230        150.857
231        150.857
232        150.857
233        150.857
234        150.857
235        150.857
236        150.857
237        150.857
238        150.857
239        150.857
240        150.857
241        150.857
242        150.857
243        150.857
244        150.857
245        150.857
246        150.857
247        150.857
248        150.857
249        150.857
250        142.672
251        142.672
252        142.672
253        142.672
254        142.672
255        142.672
256        142.672
257        142.672
258        142.672
259        142.672
260        142.672
261        142.672
262        142.672
263        142.672
264        142.672
265        142.672
266        142.672
267        142.672
268        142.672
269        142.672
270        142.672
271        142.672
272        142.672
273        142.672
274        142.604
275        142.604
276        142.604
277        142.604
278        140.498
279        140.498
280        140.498
281        140.498
282        140.498
283        140.498
284        140.498
285        140.498
286        140.498
287        140.498
288        140.498
289        140.498
290        140.498
291        140.498
292        140.498
293        138.026
294        138.026
295        138.026
296        138.026
297        138.026
298        138.026
299        138.026
300        136.558
301        136.558
302        136.558
303        136.558
304        136.558
305        136.558
306        136.558
307        136.558
308        136.558
309        136.558
310        136.558
311        136.558
312        136.558
313        136.558
314        136.558
315        136.558
316        136.558
317        136.558
318        136.558
319        136.558
320        136.558
321        136.558
322        136.558
323        136.558
324        136.558
325        136.558
326        136.558
327        136.558
328        136.558
329        136.558
330         136.35
331         136.35
332         136.35
333         136.35
334         136.35
335         136.35
336         136.35
337         136.35
338         136.35
339         136.35
340         136.35
341         136.35
342         136.35
343         136.35
344         136.35
345         136.35
346         136.35
347         136.35
348         136.35
349         136.35
350        132.078
351        132.078
352        132.078
353        132.078
354        132.078
355        132.078
356        132.078
357        132.078
358        132.078
359        132.078
360        132.078
361        132.078
362        132.078
363        132.078
364        132.078
365        132.078
366        132.078
367        132.078
368        132.078
369        132.078
370        132.078
371        132.078
372        132.078
373        131.325
374        131.325
375        131.325
376        131.325
377        131.325
378        131.325
379        131.325
380        131.325
381        131.325
382        131.325
383        131.325
384        131.325
385        131.325
386        131.325
387        131.325
388        131.325
389        131.325
390        131.325
391        131.325
392        131.325
393        131.325
394        131.325
395        131.325
396        131.325
397        131.325
398        131.325
399        131.325
400        129.934
401        129.934
402        129.934
403        129.934
404        129.934
405        129.934
406        129.934
407        129.934
408        129.934
409        129.934
410        129.934
411        129.934
412        129.934
413        129.934
414        129.934
415        129.934
416        129.934
417        129.934
418        129.934
419        129.934
420        129.934
421        129.934
422        129.934
423        129.934
424        129.934
425        129.934
426        129.934
427        129.934
428        129.934
429        129.934
430        129.934
431        129.934
432        129.934
433        129.934
434        129.934
435        129.934
436        129.934
437        129.934
438        129.934
439        129.934
440        129.934
441        129.934
442        129.934
443        129.934
444        129.934
445        129.934
446        129.934
447        129.934
448        129.934
449        129.934
450        128.519
451        128.519
452        128.519
453        128.519
454        128.519
455        128.519
456        128.519
457        128.519
458        128.519
459        128.519
460        128.519
461        128.519
462        128.519
463        128.519
464        128.519
465        128.519
466        128.519
467        128.519
468        128.519
469        128.519
470        128.519
471        128.519
472        128.519
473        128.519
474        128.519
475        128.519
476        128.519
477        128.519
478        128.519
479        128.519
480        128.519
481        128.519
482        128.519
483        128.519
484        128.519
485        128.519
486        128.519
487        128.519
488        128.519
489        128.519
490        128.519
491        128.519
492        128.519
493        128.519
494        128.519
495        128.519
496        128.519
497        128.519
498        128.519
499        128.519
500         125.94
501         125.94
502         125.94
503         125.94
504         125.94
505         125.94
506         125.94
507         125.94
508         125.94
509         125.94
510        124.525
511        124.525
512        124.525
513        124.525
514        124.525
515        124.525
516        124.525
517        124.525
518        124.525
519        124.525
520        124.525
521        124.525
522        124.525
523        124.525
524        124.525
525        124.525
526        124.525
527        124.525
528        124.525
529        124.525
530        124.525
531        124.525
532        124.525
533        124.525
534        124.056
535        124.056
536        124.056
537        124.056
538        124.056
539        124.056
540        124.056
541        124.056
542        124.056
543        124.056
544        124.056
545        124.056
546        124.056
547        124.056
548        124.056
549        124.056
550        124.056
551        124.056
552        124.056
553        124.056
554        124.056
555        124.011
556        124.011
557        124.011
558        124.011
559        124.011
560        124.011
561        124.011
562        124.011
563        124.011
564        124.011
565        124.011
566        124.011
567        124.011
568        124.011
569        124.011
570        124.011
571        124.011
572        124.011
573        124.011
574        124.011
575        124.011
576        124.011
577        124.011
578        124.011
579        124.011
580        124.011
581        124.011
582        124.011
583        124.011
584        124.011
585        124.011
586        124.011
587        124.011
588        124.011
589        124.011
590        124.011
591        124.011
592        124.011
593        124.011
594        124.011
595        124.011
596        124.011
597        124.011
598        124.011
599        124.011
600        118.334
601        118.334
602        118.334
603        118.334
604        118.334
605        118.334
606        118.334
607        118.334
608        118.334
609        118.334
610        118.334
611        117.997
612        117.997
613        117.997
614        117.997
615        117.997
616        117.997
617        117.997
618        117.997
619        117.997
620        117.997
621        117.997
622        117.997
623        116.876
624        116.876
625        116.876
626        116.876
627        116.876
628        116.876
629        116.876
630        116.876
631        116.876
632        116.876
633        116.876
634        116.876
635        116.876
636        116.876
637        116.876
638        116.876
639        116.876
640        116.876
641        116.876
642        116.876
643        116.876
644        116.876
645        116.876
646        116.876
647        116.876
648        116.876
649        116.876
650        116.876
651        116.876
652        116.876
653        116.876
654        116.876
655        116.876
656        116.876
657        114.285
658        114.285
659          114.2
660          114.2
661          114.2
662          114.2
663          114.2
664          114.2
665          114.2
666          114.2
667          114.2
668          114.2
669          114.2
670          114.2
671          114.2
672          114.2
673          114.2
674          114.2
675          114.2
676          114.2
677          114.2
678          114.2
679          114.2
680          114.2
681          114.2
682        114.068
683        112.487
684        112.487
685        112.487
686        112.487
687        112.487
688        112.487
689        112.487
690        112.487
691        112.487
692        112.487
693        112.487
694        112.487
695        112.487
696        112.487
697        112.487
698        112.487
699        112.487
700        112.487
701        112.487
702        112.487
703        112.487
704        112.487
705        112.487
706        112.487
707        112.487
708        112.487
709        112.487
710        112.487
711        112.487
712        112.487
713        112.487
714        112.487
715        112.487
716        112.487
717        112.487
718        112.487
719        112.386
720        112.386
721        112.386
722        112.386
723        112.386
724        112.386
725        112.386
726        112.386
727        112.386
728        112.386
729        112.386
730        112.386
731        112.386
732        112.386
733        112.386
734        112.386
735        112.386
736        112.386
737        111.835
738        111.835
739        111.835
740        111.835
741        111.835
742        111.835
743        111.835
744        111.835
745        111.835
746        111.835
747        111.835
748        111.835
749        111.835
750        111.835
751        111.835
752        111.835
753        111.835
754        111.835
755        111.835
756        111.835
757        111.835
758        111.835
759        111.835
760        111.835
761        111.835
762        111.835
763        111.835
764        111.835
765        111.835
766        111.835
767        111.835
768        111.835
769        111.835
770        111.835
771        111.835
772        111.835
773        111.835
774        111.835
775        111.835
776        111.835
777        111.835
778        111.835
779        111.835
780        111.835
781        111.835
782        111.835
783        111.835
784        111.835
785        111.835
786        111.835
787        111.835
788        111.835
789        111.835
790        111.835
791        111.835
792        111.835
793        111.835
794        111.835
795        111.835
796        111.835
797        111.835
798        111.835
799        111.835
800        111.835
801        111.835
802        111.835
803        111.835
804        111.835
805        111.835
806        111.835
807        111.835
808        111.835
809        111.835
810        111.835
811        111.835
812        111.835
813        111.835
814        111.835
815        111.835
816        111.835
817        111.835
818        111.835
819        111.835
820        111.835
821        111.835
822        111.835
823        111.835
824        111.835
825        111.835
826        111.835
827        111.835
828        111.835
829        111.835
830        111.835
831        111.835
832        111.835
833        111.835
834        111.835
835        111.835
836        111.835
837        111.835
838        111.835
839        111.835
840        111.835
841        111.835
842        111.835
843        111.835
844        111.835
845        111.835
846        111.835
847        111.835
848        111.835
849        111.835
850        108.048
851        108.048
852        108.048
853        108.048
854        108.048
855        108.048
856        108.048
857        108.048
858        108.048
859        108.048
860        108.048
861        108.048
862        108.048
863        108.048
864        108.048
865        108.048
866        108.048
867        108.048
868        108.048
869        108.048
870        108.048
871        108.048
872        108.048
873        108.048
874        108.048
875        108.048
876        108.048
877        108.048
878        108.048
879        108.048
880        108.048
881        108.048
882        108.048
883        108.048
884        108.048
885        108.048
886        108.048
887        108.048
888        108.048
889        108.048
890        108.048
891        108.048
892        108.048
893        108.048
894        108.048
895        108.048
896        108.048
897        108.048
898        108.048
899        108.048
900        108.048
901        108.048
902        108.048
903        108.048
904        108.048
905        108.048
906        108.048
907        108.048
908        108.048
909        108.048
910        108.048
911        108.048
912        108.048
913        108.048
914        108.048
915        108.048
916        108.048
917        108.048
918        108.048
919        108.048
920        108.048
921        108.048
922        108.048
923        108.048
924        108.048
925        108.048
926        108.048
927        108.048
928        108.048
929        108.048
930        108.048
931        108.048
932        108.048
933        108.048
934        108.048
935        108.048
936        108.048
937        108.048
938        108.048
939        108.048
940        108.048
941        108.048
942        108.048
943        108.048
944        108.048
945        108.048
946        108.048
947        108.048
948        108.048
949        107.839
950        107.839
951        107.839
952        107.839
953        107.839
954        107.839
955        107.839
956        107.839
957        107.839
958        107.839
959        107.839
960        107.839
961        107.839
962        107.839
963        107.839
964        107.839
965        107.839
966        107.839
967        107.839
968        107.839
969        107.839
970        107.839
971        107.839
972        107.839
973        107.839
974        107.839
975        107.839
976        107.839
977        107.839
978        107.839
979        107.839
980        107.682
981        107.682
982        107.682
983        107.682
984        107.682
985        107.682
986        107.682
987        107.682
988        107.682
989        107.682
990        107.682
991        107.682
992        107.682
993        107.682
994        107.682
995        107.682
996        107.682
997        107.682
998        107.682
999        107.682
1000        104.572
1001        104.572
1002        104.572
1003        104.572
1004        104.572
1005        104.572
1006        104.572
1007        104.572
1008        104.572
1009        104.572
1010        104.572
1011        104.572
1012        104.572
1013        104.572
1014        104.572
1015        104.572
1016        104.572
1017        104.572
1018        104.475
1019        104.475
1020        104.475
1021        104.475
1022        104.475
1023        104.475
1024        104.475
1025        104.475
1026        104.475
1027        104.475
1028        104.475
1029        104.475
1030        104.475
1031        104.475
1032        104.475
1033        104.475
1034        104.475
1035        104.475
1036        104.475
1037        104.475
1038        104.475
1039        104.475
1040        104.475
1041        104.475
1042        104.475
1043        104.475
1044        104.475
1045        104.475
1046        104.475
1047        104.475
1048        104.475
1049        104.475
1050        102.552
1051        102.552
1052        102.552
1053        102.552
1054        102.552
1055        102.552
1056        102.552
1057        102.552
1058        102.552
1059        102.552
1060        102.552
1061        102.552
1062        102.552
1063        102.552
1064        102.552
1065        102.552
1066        102.552
1067        102.552
1068        102.552
1069        102.552
1070        102.552
1071        102.552
1072        102.552
1073        102.552
1074        102.552
1075        102.552
1076        102.552
1077        102.552
1078        102.552
1079        102.552
1080        102.552
1081        102.552
1082        102.552
1083        102.552
1084        102.552
1085        102.552
1086        102.552
1087        102.552
1088        102.552
1089        102.552
1090        102.552
1091        102.552
1092        102.552
1093        102.552
1094        102.552
1095        102.552
1096        102.552
1097        102.552
1098        102.552
1099        102.552
1100        102.552
1101        102.552
1102        102.552
1103        102.552
1104        102.552
1105        102.552
1106        102.552
1107        102.552
1108        102.552
1109        102.552
1110        102.552
1111        102.552
1112        102.552
1113        102.552
1114        102.552
1115        102.552
1116        102.552
1117        102.552
1118        102.552
1119        102.552
1120        102.552
1121        102.552
1122        102.552
1123        102.552
1124        102.552
1125        102.552
1126        102.552
1127        102.552
1128        102.552
1129        102.552
1130        102.552
1131        102.552
1132        102.552
1133        102.552
1134        102.552
1135        102.552
1136        102.552
1137        102.552
1138        102.552
1139        102.552
1140        102.552
1141        102.552
1142        102.552
1143        102.552
1144        102.552
1145        102.552
1146        102.552
1147        102.552
1148        102.552
1149        102.552
1150        102.176
1151        102.176
1152        102.176
1153        102.176
1154        102.176
1155        102.176
1156        102.176
1157        102.176
1158        102.176
1159        102.176
1160        102.176
1161        102.176
1162        102.176
1163        102.176
1164        102.176
1165        102.176
1166        102.176
1167        102.176
1168        102.176
1169        102.176
1170        102.176
1171        102.176
1172        102.176
1173        102.176
1174        102.176
1175        102.176
1176        102.176
1177        102.176
1178        102.176
1179        102.176
1180        102.176
1181        102.176
1182        102.176
1183        102.176
1184        102.176
1185        102.176
1186        102.176
1187        102.176
1188        102.176
1189        102.176
1190        102.176
1191        102.176
1192        102.176
1193        102.176
1194        102.176
1195        102.176
1196        102.176
1197        102.176
1198        102.176
1199        102.176
1200        101.666
1201        101.666
1202        101.666
1203        101.666
1204        101.666
1205        101.666
1206        101.666
1207        101.666
1208        101.666
1209        101.666
1210        101.666
1211        101.666
1212        101.666
1213        101.666
1214        101.666
1215        101.666
1216        101.666
1217        101.666
1218        101.666
1219        101.666
1220        101.666
1221        101.666
1222        101.666
1223        101.666
1224        101.666
1225        101.666
1226        101.666
1227        101.666
1228        101.666
1229        101.666
1230        101.666
1231        101.666
1232        101.666
1233        101.666
1234        101.666
1235        101.666
1236        101.666
1237        101.178
1238        100.552
1239        100.552
1240        100.552
1241        100.552
1242        100.552
1243        100.552
1244        100.552
1245        100.552
1246        100.552
1247        100.552
1248        100.552
1249        100.552
1250        100.552
1251        100.552
1252        100.552
1253        100.552
1254        100.552
1255        100.552
1256        100.552
1257        100.552
1258        100.552
1259        100.552
1260        100.552
1261        100.552
1262        100.552
1263        100.552
1264        100.552
1265        100.552
1266        100.552
1267        100.552
1268        100.552
1269        100.552
1270        100.552
1271        100.552
1272        100.552
1273        100.552
1274        100.552
1275        100.552
1276        100.552
1277        100.552
1278        100.552
1279        100.552
1280        100.552
1281        100.552
1282        100.552
1283        100.552
1284        100.552
1285        100.552
1286        100.552
1287        100.552
1288        100.552
1289        100.552
1290        100.552
1291        100.552
1292        100.552
1293        100.552
1294        100.552
1295        100.552
1296        100.552
1297        100.552
1298        100.552
1299        100.552
1300        100.552
1301        100.552
1302        100.552
1303        100.552
1304        100.552
1305        100.552
1306        100.552
1307        100.552
1308        100.552
1309        100.552
1310        100.552
1311        100.552
1312        100.552
1313        100.552
1314        100.552
1315        100.552
1316        100.552
1317        100.552
1318        100.552
1319        100.552
1320        100.552
1321        100.552
1322        100.552
1323        100.552
1324        100.552
1325        100.552
1326        100.552
1327        100.552
1328        100.552
1329        100.552
1330        100.552
1331        100.552
1332        100.087
1333        100.087
1334        100.087
1335        100.087
1336        100.087
1337        100.087
1338        100.087
1339        100.087
1340        100.087
1341        100.087
1342        100.087
1343        100.087
1344        100.087
1345        100.087
1346        100.087
1347        100.087
1348        100.087
1349        100.087
1350        100.087
1351        100.087
1352        100.087
1353        100.087
1354        100.087
1355        100.087
1356        100.087
1357        100.087
1358        100.087
1359        100.087
1360        100.087
1361        100.087
1362        100.087
1363        100.087
1364        100.087
1365        100.087
1366        100.087
1367        100.087
1368        100.087
1369        100.087
1370        100.087
1371        100.087
1372        100.087
1373        100.087
1374        100.087
1375        100.087
1376        100.087
1377        100.087
1378        100.087
1379        100.087
1380        100.087
1381        100.087
1382        100.087
1383        100.087
1384        100.087
1385        100.087
1386        100.087
1387        100.087
1388        100.087
1389        100.087
1390        100.087
1391        100.087
1392        100.087
1393        100.087
1394        100.087
1395        100.087
1396        100.087
1397        100.087
1398        100.087
1399        100.087
1400        100.087
1401        100.087
1402        100.087
1403        100.087
1404        100.087
1405        100.087
1406        100.087
1407        100.087
1408        100.087
1409        100.087
1410        100.087
1411        100.087
1412        100.087
1413        100.087
1414        100.087
1415        100.087
1416        100.087
1417        100.087
1418        100.087
1419        100.087
1420        100.087
1421        100.087
1422        100.087
1423        100.087
1424        100.087
1425        100.087
1426        100.087
1427        100.087
1428        100.087
1429        100.087
1430        100.087
1431        100.087
1432        99.7108
1433        99.7108
1434        99.7108
1435        99.7108
1436        99.7108
1437        99.7108
1438        99.7108
1439        99.7108
1440        99.7108
1441        99.7108
1442        99.7108
1443        99.7108
1444        99.7108
1445        99.7108
1446        99.7108
1447        99.7108
1448        99.7108
1449        99.7108
1450        99.7108
1451        99.7108
1452        99.7108
1453        99.7108
1454        99.7108
1455        99.7108
1456        99.7108
1457        99.7108
1458        99.7108
1459        99.7108
1460        99.7108
1461        99.7108
1462        99.7108
1463        99.7108
1464        99.7108
1465        99.7108
1466        99.7108
1467        99.7108
1468        99.7108
1469        99.7108
1470        99.7108
1471        99.7108
1472        99.7108
1473        99.7108
1474        99.7108
1475        99.7108
1476        99.7108
1477        99.7108
1478        99.7108
1479        99.7108
1480        99.7108
1481        99.7108
1482        99.7108
1483        99.7108
1484        99.7108
1485        99.7108
1486        99.7108
1487        99.7108
1488        99.7108
1489        99.7108
1490        99.7108
1491        99.7108
1492        99.7108
1493        99.7108
1494        99.7108
1495        99.7108
1496        99.7108
1497        99.7108
1498        99.7108
1499        99.7108
1500        99.7108
1501        99.7108
1502        99.7108
1503        99.7108
1504        99.7108
1505        99.7108
1506        99.7108
1507        99.7108
1508        99.7108
1509        99.7108
1510        99.7108
1511        99.7108
1512        99.7108
1513        99.7108
1514        99.7108
1515        99.7108
1516        99.7108
1517        99.7108
1518        99.7108
1519        99.7108
1520        99.7108
1521        99.7108
1522        99.7108
1523        99.7108
1524        99.7108
1525        99.7108
1526        99.7108
1527        99.7108
1528        99.7108
1529        99.7108
1530        99.7108
1531        99.7108
1532        99.7108
1533        99.7108
1534        99.7108
1535        99.7108
1536        99.7108
1537        99.7108
1538        99.7108
1539        99.7108
1540        99.7108
1541        99.7108
1542        99.7108
1543        99.7108
1544        99.7108
1545        99.7108
1546        99.7108
1547        99.7108
1548        99.7108
1549        99.7108
1550        94.7462
1551        94.7462
1552        94.7462
1553        94.7462
1554        94.7462
1555        94.7462
1556        94.7462
1557        94.7462
1558        94.7462
1559        94.7462
1560        94.7462
1561        94.7462
1562        94.7462
1563        94.7462
1564        94.7462
1565        94.7462
1566        94.7462
1567        94.7462
1568        94.7462
1569        94.7462
1570        94.7462
1571        94.7462
1572        94.7462
1573        94.7462
1574        94.7462
1575        94.7462
1576        94.7462
1577        94.7462
1578        94.7462
1579        94.7462
1580        94.7462
1581        94.7462
1582        94.7462
1583        94.7462
1584        94.7462
1585        94.7462
1586        94.7462
1587        94.7462
1588        94.7462
1589        94.7462
1590        94.7462
1591        94.7462
1592        94.7462
1593        94.7462
1594        94.7462
1595        94.7462
1596        94.7462
1597        94.7462
1598        94.7462
1599        94.7462
1600        94.7462
1601        94.7462
1602        94.7462
1603        94.7462
1604        94.7462
1605        94.6497
1606        94.6497
1607        94.6497
1608        94.6497
1609        94.6497
1610        94.6497
1611        94.6497
1612        94.6497
1613        94.6497
1614        94.6497
1615        94.6497
1616        94.6497
1617        94.6497
1618        94.6497
1619        94.6497
1620        94.6497
1621        94.6497
1622        94.6497
1623        94.6497
1624        94.6497
1625        94.6497
1626        94.6497
1627        94.6497
1628        94.6497
1629        94.6497
1630        94.6497
1631        94.6497
1632        94.6497
1633        94.6497
1634        94.6497
1635        94.6497
1636        94.6497
1637        94.6497
1638        94.6497
1639        94.6497
1640        94.6497
1641        94.6497
1642        94.6497
1643        94.6497
1644        94.6497
1645        94.6497
1646        94.6497
1647        94.6497
1648        94.6497
1649        94.6497
1650        94.2809
1651        94.2809
1652        94.2809
1653        94.2809
1654        94.2809
1655        94.2809
1656        94.2809
1657        94.2809
1658        94.2809
1659        94.2809
1660        94.2809
1661        94.2809
1662        94.2809
1663        94.2809
1664        94.2809
1665        94.2809
1666        94.2809
1667        94.2809
1668        94.2809
1669        94.2809
1670        94.2809
1671        94.2809
1672        94.2809
1673        94.2809
1674        94.2809
1675        94.2809
1676        94.2809
1677        94.2809
1678        94.2809
1679        94.2809
1680        94.2809
1681        94.2809
1682        94.2809
1683        94.2809
1684        94.2809
1685        94.2809
1686        94.2809
1687        94.2809
1688        94.2809
1689        94.2809
1690        94.2809
1691        94.2809
1692        94.2809
1693        94.2809
1694        94.2809
1695        94.2809
1696        94.2809
1697        94.2809
1698        94.2809
1699        94.2809
1700        94.2809
1701        94.2809
1702        94.2809
1703        94.2809
1704        94.2809
1705        94.2809
1706        94.2809
1707        94.2809
1708        94.2809
1709        94.2809
1710        94.2809
1711        94.2809
1712        94.2809
1713        94.2809
1714        94.2809
1715        94.2809
1716        94.2809
1717        94.2809
1718        94.2809
1719        94.2809
1720        94.2809
1721        94.2809
1722        94.2809
1723        94.2809
1724        94.2809
1725        94.2809
1726        94.2809
1727        94.2809
1728        94.2809
1729        94.2809
1730        94.2809
1731        94.2809
1732        94.2809
1733        94.2809
1734        94.2809
1735        94.2809
1736        94.2809
1737        94.2809
1738        94.2809
1739        94.2809
1740        94.2809
1741        94.2809
1742        94.2809
1743        94.2809
1744        94.2809
1745        94.2809
1746        94.2809
1747        94.2809
1748        94.2809
1749        94.2809
1750        94.2809
1751        94.2809
1752        94.2809
1753        94.2809
1754        94.2809
1755        94.2809
1756        94.2809
1757        94.2809
1758        94.2809
1759        94.2809
1760        94.2809
1761        94.2809
1762        94.2809
1763        94.2809
1764        94.2809
1765        94.2809
1766        94.2809
1767        94.2809
1768        94.2809
1769        94.2809
1770        94.2809
1771        94.2809
1772        94.2809
1773        94.2809
1774        94.2809
1775        94.2809
1776        94.2809
1777        94.2809
1778        94.2809
1779        94.2809
1780        94.2809
1781        94.2809
1782        94.2809
1783        94.2809
1784        94.2809
1785        94.2809
1786        94.2809
1787        94.2809
1788        94.2809
1789        94.2809
1790        94.2809
1791        94.2809
1792        94.2809
1793        94.2809
1794        94.2809
1795        94.2809
1796        94.2809
1797        94.2809
1798        94.2809
1799        94.2809
1800        94.2809
1801        94.2809
1802        94.2809
1803        94.2809
1804        94.2809
1805        94.2809
1806        94.2809
1807        94.2809
1808        94.2809
1809        94.2809
1810        94.2809
1811        94.2809
1812        94.2809
1813        94.2809
1814        94.2809
1815        94.2809
1816        94.2809
1817        94.2809
1818        94.2809
1819        94.2809
1820        94.2809
1821        94.2809
1822        94.2809
1823        94.2809
1824        94.2809
1825        94.2809
1826        94.2809
1827        94.2809
1828        94.2809
1829        94.2809
1830        94.2809
1831        94.2809
1832        94.2809
1833        94.2809
1834        94.2809
1835        94.2809
1836        94.2809
1837        94.2809
1838        94.2809
1839        94.2809
1840        94.2809
1841        94.2809
1842        94.2809
1843        94.2809
1844        94.2809
1845        94.2809
1846        94.2809
1847        94.2809
1848        94.2809
1849        94.2809
1850        94.1844
1851        94.1844
1852        94.1844
1853        94.1844
1854        94.1844
1855        94.1844
1856        94.1844
1857        94.1844
1858        94.1844
1859        94.1844
1860        94.1844
1861        94.1844
1862        94.1844
1863        94.1844
1864        94.1844
1865        94.1844
1866        94.1844
1867        94.1844
1868        94.1844
1869        94.1844
1870        94.1844
1871        94.1844
1872        94.1844
1873        94.1844
1874        94.1844
1875        94.1844
1876        94.1844
1877        94.1844
1878        94.1844
1879        94.1844
1880        94.1844
1881        94.1844
1882        94.1844
1883        94.1844
1884        94.1844
1885        94.1844
1886        94.1844
1887        94.1844
1888        94.1844
1889        94.1844
1890        94.1844
1891        94.1844
1892        94.1844
1893        94.1844
1894        94.1844
1895        94.1844
1896        94.1844
1897        94.1844
1898        94.1844
1899        94.1844
1900        94.1844
1901        94.1844
1902        94.1844
1903        94.1844
1904        94.1844
1905        94.1844
1906        94.1844
1907        94.1844
1908        94.1844
1909        94.1844
1910        94.1844
1911        94.1844
1912        94.1844
1913        94.1844
1914        94.1844
1915        94.1844
1916        94.1844
1917        94.1844
1918        94.1844
1919        94.1844
1920        94.1844
1921        94.1844
1922        94.1844
1923        94.1844
1924        94.1844
1925        94.1844
1926        94.1844
1927        94.1844
1928        94.1844
1929        94.1844
1930        94.1844
1931        94.1844
1932        94.1844
1933        94.1844
1934        94.1844
1935        94.1844
1936        94.1844
1937        94.1844
1938        94.1844
1939        94.1844
1940        94.1844
1941        94.1844
1942        94.1844
1943        94.1844
1944        94.1844
1945        94.1844
1946        94.1844
1947        94.1844
1948        94.1844
1949        94.1844
1950        94.1844
1951        94.1844
1952        94.1844
1953        94.1844
1954        94.1844
1955        94.1844
1956        94.1844
1957        94.1844
1958        94.1844
1959        94.1844
1960        94.1844
1961        94.1844
1962        94.1844
1963        94.1844
1964        94.1844
1965        94.1844
1966        94.1844
1967        94.1844
1968        94.1844
1969        94.1844
1970        94.1844
1971        94.1844
1972        94.1844
1973        94.1844
1974        94.1844
1975        94.1844
1976        94.1844
1977        94.1844
1978        94.1844
1979        94.1844
1980        94.1844
1981        94.1844
1982        94.1844
1983        94.1844
1984        94.1844
1985        94.1844
1986        94.1844
1987        94.1844
1988        94.1844
1989        94.1844
1990        94.1844
1991        94.1844
1992        94.1844
1993        94.1844
1994        94.1844
1995        94.1844
1996        94.1844
1997        94.1844
1998        94.1844
1999        94.1844
2000        94.1844
