           1000        4.65028              0
           2000        4.72418      0.0739017
           3000        4.75077      0.0502704
           4000        4.93458       0.187221
           5000        4.98664       0.154082
           6000        5.00714       0.127466
           7000         5.1562       0.183915
           8000        5.16654       0.159611
           9000        5.11121       0.151249
          10000        5.10817       0.135315
          11000        5.04869       0.136087
          12000         5.0563       0.124462
          13000        5.01582       0.121432
          14000        4.97145       0.120864
          15000        4.93917       0.117058
          16000        4.94806       0.109858
          17000        4.96861        0.10522
          18000        4.94759       0.101403
          19000        4.99074       0.105177
          20000        4.98848      0.0998051
          21000        4.96962      0.0967888
          22000        4.95651      0.0932102
          23000        4.95873       0.089093
          24000        4.94817      0.0859512
          25000        4.93146      0.0841178
          26000        4.91748      0.0820172
          27000        4.90778      0.0795155
          28000        4.89372       0.077903
          29000        4.88875      0.0753328
          30000         4.8986      0.0734423
          31000        4.90494      0.0713162
          32000        4.88876      0.0709216
          33000        4.88875      0.0687388
          34000        4.89321      0.0668357
          35000        4.89016      0.0649696
          36000        4.89592      0.0634013
          37000            4.9      0.0617984
          38000        4.90591      0.0604398
          39000        4.91151      0.0591353
          40000        4.89419      0.0601819
          41000        4.90399      0.0595072
          42000        4.91067      0.0584567
          43000        4.91572      0.0573033
          44000         4.9191      0.0560882
          45000        4.91405      0.0550604
          46000        4.91231      0.0538783
          47000        4.91473      0.0527753
          48000        4.91422      0.0516666
          49000        4.92374      0.0514889
          50000         4.9323      0.0511699
          51000        4.93741      0.0504164
          52000        4.93864      0.0494527
          53000        4.94552      0.0489961
          54000         4.9441      0.0481013
          55000        4.93961      0.0474319
          56000        4.93843       0.046592
          57000        4.93657      0.0458053
          58000        4.93302      0.0451484
          59000        4.93043      0.0444519
          60000        4.93553      0.0440015
          61000        4.93928      0.0434365
          62000        4.94348      0.0429356
          63000        4.94941      0.0426635
          64000        4.95323       0.042165
          65000        4.94651      0.0420528
          66000        4.94429        0.04147
          67000        4.93794      0.0413377
          68000        4.93713      0.0407333
          69000        4.93672      0.0401407
          70000        4.94527       0.040477
          71000         4.9472      0.0399493
          72000        4.94002      0.0400392
          73000        4.94113      0.0395023
          74000        4.94441      0.0391026
          75000        4.94552      0.0385938
          76000        4.95535      0.0393293
          77000         4.9613      0.0392686
          78000        4.96537      0.0389756
          79000        4.97126      0.0389266
          80000         4.9692      0.0384922
          81000        4.97556      0.0385429
          82000        4.98497      0.0392154
          83000        4.98463      0.0387415
          84000        4.98217      0.0383568
          85000        4.98123      0.0379145
          86000        4.97767      0.0376396
          87000        4.97643      0.0372251
          88000        4.97642      0.0367996
          89000        4.97451      0.0364341
          90000        4.97531       0.036036
          91000        4.97758      0.0357098
          92000        4.98269      0.0356879
          93000        4.98306      0.0353039
          94000        4.98137      0.0349671
          95000        4.98276      0.0346252
          96000        4.98332      0.0342671
          97000        4.98297      0.0339139
          98000         4.9851      0.0336339
          99000        4.97849      0.0339421
         100000         4.9768      0.0336437
         101000        4.98222      0.0337478
         102000        4.98616      0.0336466
         103000        4.98728      0.0333371
         104000        4.98934      0.0330794
         105000        4.98903      0.0327644
         106000        4.99749      0.0335401
         107000        4.99538      0.0332922
         108000        5.00068      0.0334049
         109000         5.0029      0.0331717
         110000        5.00049      0.0329571
         111000        5.00013      0.0326608
         112000        5.00095      0.0323782
         113000        4.99918      0.0321389
         114000        4.99693       0.031935
         115000        4.99452      0.0317483
         116000        4.99024      0.0317631
         117000        4.99211      0.0315461
         118000        4.99516      0.0314265
         119000        4.98929      0.0317106
         120000        4.98913      0.0314456
         121000        4.99379      0.0315313
         122000        4.99547      0.0313169
         123000        4.99398      0.0310971
         124000        4.99208      0.0309039
         125000        4.99311      0.0306732
         126000         4.9954      0.0305148
         127000        4.99502      0.0302761
         128000        4.99422       0.030049
         129000        4.99055      0.0300407
         130000        4.98757      0.0299577
         131000        4.99473      0.0305784
         132000        4.99138      0.0305296
         133000        4.99063      0.0303084
         134000        4.98762      0.0302316
         135000        4.99266      0.0304258
         136000        4.99167      0.0302174
         137000        4.98919      0.0300986
         138000        4.99122      0.0299489
         139000        4.98688       0.030048
         140000        4.98767      0.0298429
         141000        4.98936      0.0296787
         142000        4.99034      0.0294854
         143000        4.98975      0.0292845
         144000        4.99009      0.0290824
         145000        4.99522      0.0293328
         146000        4.99444      0.0291414
         147000        4.99458      0.0289428
         148000         4.9922      0.0288449
         149000        4.99238      0.0286512
         150000        4.98981      0.0285755
         151000        4.99113      0.0284164
         152000        4.98801      0.0284013
         153000        4.98937      0.0282478
         154000        4.98844      0.0280791
         155000         4.9852      0.0280854
         156000        4.98582      0.0279117
         157000        4.98442      0.0277686
         158000        4.98452      0.0275925
         159000        4.98775      0.0276078
         160000        4.98903       0.027465
         161000         4.9887       0.027296
         162000        4.98739      0.0271582
         163000        4.98678       0.026998
         164000        4.98752      0.0268429
         165000        4.98881      0.0267108
         166000        4.98679      0.0266255
         167000         4.9852      0.0265138
         168000        4.98157      0.0266035
         169000        4.98091      0.0264539
         170000        4.98142      0.0263028
         171000        4.98419      0.0262951
         172000        4.98365      0.0261473
         173000        4.98146      0.0260875
         174000        4.98162      0.0259376
         175000        4.98054      0.0258113
         176000        4.98281      0.0257646
         177000        4.98172      0.0256421
         178000         4.9845      0.0256495
         179000        4.98486      0.0255083
         180000        4.98501      0.0253666
         181000        4.98287      0.0253169
         182000        4.98266      0.0251782
         183000        4.98429      0.0250935
         184000        4.98439      0.0249569
         185000         4.9863      0.0248944
         186000        4.98905      0.0249132
         187000        4.98789      0.0248068
         188000        4.98678      0.0246995
         189000         4.9867      0.0245686
         190000        4.98679      0.0244391
         191000         4.9897      0.0244843
         192000         4.9875      0.0244553
         193000        4.98876      0.0243608
         194000        4.98843      0.0242372
         195000        4.98712      0.0241479
         196000        4.98896       0.024095
         197000        4.98856      0.0239758
         198000        4.98969      0.0238813
         199000        4.98951      0.0237616
         200000        4.98956      0.0236426
         201000        4.99127      0.0235867
         202000        4.99369      0.0235946
         203000        4.99385      0.0234786
         204000        4.99298      0.0233794
         205000        4.99401      0.0232879
         206000         4.9948       0.023188
         207000         4.9928      0.0231625
         208000        4.99102      0.0231195
         209000        4.99292      0.0230872
         210000        4.99144      0.0230247
         211000        4.99214       0.022926
         212000         4.9909      0.0228518
         213000        4.99091      0.0227442
         214000        4.99207      0.0226673
         215000        4.99278      0.0225729
         216000        4.99492      0.0225692
         217000        4.99329      0.0225236
         218000        4.99639      0.0226325
         219000        4.99507      0.0225671
         220000        4.99513      0.0224644
         221000        4.99668      0.0224159
         222000        4.99709      0.0223185
         223000        4.99739      0.0222203
         224000         4.9972      0.0221218
         225000        4.99575      0.0220705
         226000        4.99413      0.0220325
         227000        4.99436      0.0219365
         228000        4.99416      0.0218409
         229000        4.99376      0.0217491
         230000        4.99318       0.021662
         231000         4.9963      0.0217923
         232000        4.99308      0.0219355
         233000        4.99257       0.021847
         234000        4.99369      0.0217823
         235000          4.993      0.0217005
         236000        4.99106      0.0216951
         237000        4.99251       0.021652
         238000        4.99674      0.0219726
         239000         4.9968      0.0218805
         240000        4.99518      0.0218494
         241000        4.99509      0.0217587
         242000        4.99381      0.0217059
         243000        4.99249      0.0216569
         244000        4.99071      0.0216411
         245000        4.99185      0.0215826
         246000         4.9923      0.0214995
         247000        4.99528      0.0216183
         248000        4.99326      0.0216259
         249000        4.99271      0.0215457
         250000        4.99194      0.0214732
         251000        4.99144      0.0213935
         252000        4.99154      0.0213087
         253000        4.99052      0.0212485
         254000         4.9894      0.0211944
         255000        4.98728      0.0212171
         256000        4.98664      0.0211438
         257000        4.98575      0.0210803
         258000        4.98683       0.021026
         259000        4.98525       0.021004
         260000        4.98533      0.0209232
         261000        4.98538       0.020843
         262000        4.98551      0.0207637
         263000        4.98445      0.0207118
         264000        4.98563      0.0206668
         265000        4.98461      0.0206138
         266000        4.98352      0.0205652
         267000        4.98394      0.0204922
         268000        4.98339      0.0204231
         269000        4.98162      0.0204238
         270000        4.98111      0.0203543
         271000        4.98098      0.0202795
         272000        4.98208      0.0202348
         273000        4.98469      0.0203288
         274000        4.98569      0.0202789
         275000        4.98495      0.0202183
         276000        4.98337      0.0202067
         277000        4.98388      0.0201398
         278000        4.98291      0.0200906
         279000        4.98247      0.0200233
         280000        4.98136      0.0199822
         281000        4.98015      0.0199477
         282000        4.97849      0.0199465
         283000        4.97925      0.0198904
         284000        4.97795      0.0198624
         285000        4.97699      0.0198159
         286000        4.97627      0.0197598
         287000        4.97567         0.0197
         288000         4.9764       0.019645
         289000        4.97814      0.0196544
         290000        4.97991      0.0196664
         291000        4.98166      0.0196764
         292000        4.98211       0.019614
         293000        4.98192      0.0195479
         294000        4.98286      0.0195041
         295000        4.98172      0.0194714
         296000        4.98212      0.0194097
         297000        4.98006      0.0194535
         298000        4.97908      0.0194128
         299000        4.97895      0.0193482
         300000        4.97908       0.019284
         301000        4.97975      0.0192316
         302000        4.98088      0.0192013
         303000        4.98021      0.0191497
         304000        4.97864      0.0191513
         305000        4.97843      0.0190896
         306000        4.97977      0.0190742
         307000        4.97956      0.0190131
         308000        4.97835        0.01899
         309000        4.97911      0.0189436
         310000        4.97732      0.0189665
         311000        4.97662      0.0189184
         312000        4.97771      0.0188891
         313000        4.97777      0.0188287
         314000        4.97784      0.0187688
         315000        4.97667      0.0187462
         316000         4.9779      0.0187275
         317000         4.9768      0.0187007
         318000        4.97582      0.0186674
         319000        4.97593      0.0186091
         320000        4.97662      0.0185638
         321000         4.9773      0.0185182
         322000        4.97871      0.0185144
         323000        4.97841      0.0184594
         324000        4.97847      0.0184024
         325000        4.97866      0.0183466
         326000        4.97943      0.0183068
         327000        4.97919      0.0182523
         328000        4.97788      0.0182441
         329000        4.97714      0.0182035
         330000        4.97716      0.0181483
         331000        4.97736      0.0180945
         332000        4.97762      0.0180418
         333000        4.97735      0.0179895
         334000        4.97711      0.0179373
         335000        4.97699       0.017884
         336000        4.97869      0.0179122
         337000        4.97816       0.017867
         338000        4.98008      0.0179175
         339000        4.98034      0.0178664
         340000         4.9808      0.0178197
         341000        4.98208      0.0178137
         342000        4.98295      0.0177829
         343000        4.98261      0.0177343
         344000        4.98534      0.0178918
         345000        4.98404      0.0178868
         346000        4.98547      0.0178919
         347000        4.98666      0.0178804
         348000        4.98673      0.0178291
         349000        4.98692      0.0177789
         350000        4.98801      0.0177619
         351000        4.98798      0.0177113
         352000        4.98766      0.0176638
         353000        4.98759      0.0176138
         354000        4.98684      0.0175798
         355000        4.98717      0.0175332
         356000        4.98748      0.0174866
         357000        4.98674      0.0174532
         358000        4.98558      0.0174428
         359000         4.9853      0.0173964
         360000        4.98534      0.0173481
         361000        4.98676      0.0173582
         362000        4.98628      0.0173169
         363000        4.98659      0.0172719
         364000        4.98706      0.0172307
         365000        4.98685      0.0171847
         366000        4.98885      0.0172537
         367000        4.98886      0.0172066
         368000        4.98875      0.0171602
         369000        4.99009      0.0171657
         370000        4.98992        0.01712
         371000        4.98954      0.0170781
         372000        4.98908      0.0170383
         373000        4.99067      0.0170667
         374000        4.98974      0.0170462
         375000        4.99043      0.0170145
         376000        4.99107      0.0169811
         377000        4.99095      0.0169364
         378000        4.99104      0.0168918
         379000        4.99036      0.0168607
         380000        4.99074      0.0168205
         381000        4.99124      0.0167837
         382000         4.9909      0.0167432
         383000        4.99124      0.0167028
         384000        4.99124      0.0166593
         385000         4.9905      0.0166323
         386000        4.99131      0.0166087
         387000        4.99093      0.0165701
         388000        4.99262      0.0166137
         389000        4.99442      0.0166679
         390000        4.99402      0.0166298
         391000        4.99375      0.0165895
         392000        4.99341      0.0165505
         393000         4.9926      0.0165282
         394000        4.99233      0.0164883
         395000        4.99281      0.0164533
         396000        4.99309      0.0164143
         397000        4.99328      0.0163739
         398000        4.99223      0.0163663
         399000        4.99314      0.0163505
         400000        4.99352       0.016314
         401000        4.99504      0.0163441
         402000         4.9952      0.0163042
         403000         4.9957      0.0162713
         404000         4.9954      0.0162338
         405000        4.99596      0.0162033
         406000        4.99627      0.0161663
         407000        4.99615       0.016127
         408000        4.99535      0.0161077
         409000        4.99531      0.0160683
         410000        4.99542      0.0160294
         411000        4.99487      0.0159997
         412000        4.99407       0.015981
         413000        4.99488      0.0159626
         414000        4.99489       0.015924
         415000        4.99379      0.0159238
         416000        4.99478      0.0159166
         417000        4.99457      0.0158798
         418000        4.99378      0.0158613
         419000        4.99364      0.0158241
         420000        4.99288      0.0158045
         421000        4.99297      0.0157672
         422000        4.99375      0.0157492
         423000        4.99394      0.0157131
         424000        4.99422      0.0156786
         425000        4.99341      0.0156626
         426000        4.99344      0.0156258
         427000        4.99357      0.0155897
         428000        4.99298      0.0155645
         429000        4.99293      0.0155283
         430000        4.99277      0.0154929
         431000        4.99328      0.0154653
         432000        4.99308      0.0154307
         433000        4.99243      0.0154087
         434000        4.99204      0.0153782
         435000        4.99225      0.0153442
         436000        4.99279      0.0153183
         437000        4.99219      0.0152949
         438000        4.99178      0.0152653
         439000        4.99068      0.0152704
         440000        4.99071      0.0152356
         441000        4.99081      0.0152014
         442000        4.98994      0.0151918
         443000        4.98866      0.0152112
         444000        4.98754      0.0152181
         445000        4.98932      0.0152874
         446000        4.98971      0.0152581
         447000        4.98939      0.0152273
         448000        4.98854      0.0152174
         449000        4.98862      0.0151837
         450000        4.98799      0.0151632
         451000        4.98759      0.0151348
         452000        4.98705       0.015111
         453000        4.98671      0.0150812
         454000        4.98673       0.015048
         455000        4.98746      0.0150327
         456000        4.98647      0.0150328
         457000        4.98646      0.0149998
         458000        4.98561      0.0149912
         459000        4.98563      0.0149585
         460000        4.98629      0.0149409
         461000        4.98685      0.0149187
         462000        4.98733      0.0148943
         463000        4.98892      0.0149465
         464000        4.99001      0.0149545
         465000        4.98978      0.0149242
         466000        4.99107      0.0149487
         467000        4.99098      0.0149169
         468000        4.99167       0.014901
         469000        4.99144      0.0148711
         470000        4.99013      0.0148966
         471000        4.98944      0.0148812
         472000        4.98967      0.0148515
         473000        4.99073      0.0148575
         474000        4.99136      0.0148396
         475000        4.99081      0.0148184
         476000         4.9914      0.0147989
         477000        4.99193      0.0147773
         478000        4.99211      0.0147475
         479000        4.99345      0.0147782
         480000        4.99386      0.0147529
         481000        4.99298      0.0147481
         482000        4.99229      0.0147339
         483000        4.99368      0.0147691
         484000        4.99354      0.0147393
         485000        4.99343      0.0147093
         486000         4.9926      0.0147023
         487000        4.99272      0.0146727
         488000        4.99231      0.0146485
         489000        4.99243      0.0146191
         490000        4.99228      0.0145899
         491000         4.9939      0.0146491
         492000        4.99479      0.0146468
         493000        4.99473      0.0146172
         494000        4.99428      0.0145947
         495000        4.99571      0.0146354
         496000        4.99641      0.0146225
         497000        4.99563      0.0146135
         498000        4.99539      0.0145861
         499000         4.9951      0.0145598
         500000        4.99552      0.0145367
         501000        4.99518      0.0145118
         502000        4.99591      0.0145012
         503000        4.99625      0.0144764
         504000        4.99581      0.0144543
         505000        4.99684      0.0144626
         506000        4.99744      0.0144463
         507000        4.99857      0.0144623
         508000        4.99789        0.01445
         509000        4.99834      0.0144288
         510000        4.99852      0.0144016
         511000         4.9988      0.0143761
         512000        4.99842       0.014353
         513000        4.99806      0.0143296
         514000        4.99733      0.0143205
         515000        4.99696      0.0142974
         516000        4.99702      0.0142698
         517000        4.99651      0.0142513
         518000        4.99649      0.0142238
         519000         4.9953      0.0142463
         520000        4.99521      0.0142192
         521000        4.99635      0.0142377
         522000        4.99712      0.0142316
         523000        4.99716      0.0142044
         524000        4.99806      0.0142057
         525000        4.99754      0.0141883
         526000        4.99679      0.0141811
         527000        4.99618      0.0141672
         528000        4.99623      0.0141404
         529000        4.99685      0.0141273
         530000         4.9975      0.0141155
         531000        4.99774      0.0140909
         532000        4.99678      0.0140975
         533000        4.99733      0.0140818
         534000        4.99786      0.0140655
         535000        4.99732      0.0140497
         536000        4.99763      0.0140269
         537000        4.99717      0.0140085
         538000        4.99705      0.0139829
         539000        4.99758      0.0139669
         540000        4.99783      0.0139433
         541000        4.99733      0.0139266
         542000        4.99699       0.013905
         543000         4.9976      0.0138928
         544000        4.99802      0.0138735
         545000        4.99766      0.0138525
         546000         4.9979      0.0138292
         547000        4.99714      0.0138252
         548000        4.99678      0.0138045
         549000        4.99688      0.0137798
         550000        4.99673      0.0137555
         551000        4.99719      0.0137382
         552000        4.99622      0.0137476
         553000        4.99684       0.013737
         554000        4.99758      0.0137321
         555000        4.99676      0.0137323
         556000        4.99718      0.0137142
         557000        4.99701      0.0136907
         558000        4.99739      0.0136714
         559000        4.99738      0.0136469
         560000         4.9972      0.0136237
         561000        4.99827      0.0136411
         562000         4.9974      0.0136441
         563000        4.99794      0.0136304
         564000        4.99757      0.0136112
         565000         4.9969      0.0136035
         566000        4.99624      0.0135955
         567000        4.99457       0.013674
         568000        4.99392      0.0136657
         569000        4.99252      0.0137134
         570000        4.99202      0.0136981
         571000         4.9916      0.0136806
         572000        4.99187      0.0136592
         573000        4.99172      0.0136361
         574000         4.9921      0.0136174
         575000        4.99124      0.0136208
         576000        4.99046      0.0136194
         577000        4.99039       0.013596
         578000        4.99057      0.0135737
         579000        4.99055      0.0135503
         580000        4.99086      0.0135304
         581000        4.99106      0.0135086
         582000        4.99204      0.0135213
         583000        4.99218      0.0134988
         584000        4.99252        0.01348
         585000        4.99262      0.0134573
         586000        4.99328      0.0134508
         587000        4.99292      0.0134329
         588000        4.99207      0.0134364
         589000         4.9933      0.0134692
         590000        4.99256      0.0134665
         591000        4.99324      0.0134608
         592000        4.99355      0.0134416
         593000        4.99353      0.0134189
         594000        4.99332      0.0133981
         595000        4.99356      0.0133777
         596000        4.99465      0.0133994
         597000        4.99442      0.0133788
         598000        4.99435      0.0133566
         599000        4.99434      0.0133343
         600000        4.99489      0.0133236
         601000        4.99475      0.0133022
         602000        4.99418      0.0132923
         603000        4.99459      0.0132764
         604000        4.99394      0.0132701
         605000        4.99326       0.013266
         606000        4.99317      0.0132444
         607000        4.99322      0.0132226
         608000        4.99252       0.013219
         609000        4.99225      0.0132002
         610000        4.99185      0.0131846
         611000        4.99186       0.013163
         612000        4.99208      0.0131434
         613000         4.9921       0.013122
         614000        4.99405      0.0132444
         615000        4.99516      0.0132697
         616000        4.99412      0.0132894
         617000        4.99375      0.0132729
         618000        4.99338      0.0132566
         619000        4.99326      0.0132357
         620000        4.99333      0.0132145
         621000         4.9939      0.0132058
         622000        4.99407      0.0131856
         623000        4.99386      0.0131662
         624000        4.99399      0.0131457
         625000        4.99398      0.0131247
         626000        4.99349      0.0131129
         627000        4.99308      0.0130985
         628000         4.9937      0.0130926
         629000        4.99436      0.0130884
         630000        4.99395      0.0130742
         631000        4.99356      0.0130593
         632000        4.99307      0.0130478
         633000        4.99249      0.0130397
         634000        4.99346      0.0130548
         635000        4.99455      0.0130798
         636000        4.99425      0.0130628
         637000        4.99365       0.013056
         638000         4.9941      0.0130434
         639000        4.99474      0.0130384
         640000        4.99458       0.013019
         641000        4.99573      0.0130494
         642000        4.99593      0.0130306
         643000        4.99601      0.0130105
         644000        4.99618      0.0129915
         645000        4.99687      0.0129897
         646000        4.99609      0.0129931
         647000        4.99557      0.0129836
         648000        4.99515      0.0129702
         649000        4.99517      0.0129502
         650000        4.99561      0.0129377
         651000        4.99515      0.0129258
         652000         4.9956      0.0129135
         653000        4.99493      0.0129106
         654000        4.99463      0.0128945
         655000        4.99485      0.0128767
         656000        4.99463      0.0128589
         657000        4.99463      0.0128394
         658000        4.99444      0.0128212
         659000        4.99511      0.0128191
         660000        4.99498      0.0128003
         661000        4.99509      0.0127814
         662000        4.99523      0.0127629
         663000        4.99612      0.0127744
         664000        4.99536      0.0127778
         665000        4.99538      0.0127586
         666000        4.99529      0.0127397
         667000        4.99491      0.0127265
         668000        4.99445      0.0127157
         669000        4.99436       0.012697
         670000        4.99543       0.012723
         671000        4.99488      0.0127157
         672000        4.99443      0.0127049
         673000        4.99542      0.0127248
         674000        4.99486      0.0127184
         675000        4.99542      0.0127118
         676000         4.9957       0.012696
         677000         4.9956      0.0126776
         678000        4.99546      0.0126597
         679000        4.99606      0.0126554
         680000        4.99744      0.0127123
         681000        4.99786      0.0127005
         682000        4.99782      0.0126819
         683000        4.99783      0.0126634
         684000        4.99857      0.0126665
         685000        4.99877      0.0126497
         686000        4.99877      0.0126312
         687000        4.99869      0.0126131
         688000        4.99897      0.0125978
         689000        4.99878       0.012581
         690000        4.99978      0.0126026
         691000        4.99962      0.0125854
         692000        5.00025      0.0125828
         693000        5.00102      0.0125886
         694000        5.00139      0.0125757
         695000        5.00135      0.0125576
         696000        5.00126      0.0125399
         697000        5.00178      0.0125328
         698000        5.00089      0.0125461
         699000        5.00087      0.0125282
         700000        5.00084      0.0125103
         701000         5.0007      0.0124932
         702000        5.00046      0.0124777
         703000        5.00058      0.0124605
         704000        5.00036      0.0124446
         705000        5.00072      0.0124321
         706000        5.00053       0.012416
         707000        5.00099      0.0124071
         708000        5.00167      0.0124081
         709000        5.00142      0.0123931
         710000         5.0017      0.0123788
         711000        5.00182       0.012362
         712000        5.00154      0.0123479
         713000        5.00091      0.0123464
         714000        5.00127      0.0123342
         715000         5.0011      0.0123182
         716000        5.00111      0.0123009
         717000        5.00119      0.0122841
         718000        5.00145      0.0122696
         719000        5.00097      0.0122617
         720000        5.00111      0.0122455
         721000        5.00093      0.0122298
         722000        5.00179      0.0122431
         723000        5.00128      0.0122369
         724000        5.00181      0.0122313
         725000        5.00208      0.0122175
         726000        5.00295      0.0122315
         727000        5.00342      0.0122238
         728000        5.00355      0.0122077
         729000        5.00413      0.0122045
         730000        5.00423      0.0121882
         731000        5.00507      0.0122005
         732000        5.00519      0.0121844
         733000         5.0053      0.0121683
         734000        5.00487      0.0121595
         735000        5.00502      0.0121438
         736000        5.00457      0.0121355
         737000        5.00467      0.0121194
         738000         5.0045      0.0121043
         739000        5.00555      0.0121339
         740000        5.00586      0.0121214
         741000        5.00575      0.0121055
         742000        5.00676      0.0121315
         743000        5.00586      0.0121484
         744000        5.00607       0.012134
         745000        5.00707      0.0121585
         746000        5.00769      0.0121581
         747000        5.00748      0.0121436
         748000        5.00764      0.0121284
         749000        5.00746      0.0121134
         750000        5.00823      0.0121214
         751000        5.00725      0.0121449
         752000        5.00791      0.0121467
         753000        5.00809       0.012132
         754000        5.00819      0.0121163
         755000        5.00797      0.0121022
         756000        5.00845      0.0120957
         757000        5.00824      0.0120815
         758000        5.00771      0.0120772
         759000        5.00738      0.0120659
         760000         5.0082      0.0120782
         761000         5.0085      0.0120659
         762000        5.00837      0.0120506
         763000        5.00817      0.0120366
         764000        5.00809      0.0120211
         765000        5.00867      0.0120198
         766000        5.00849      0.0120055
         767000        5.00906      0.0120033
         768000        5.00883      0.0119898
         769000        5.00936      0.0119857
         770000        5.00931      0.0119702
         771000        5.00852       0.011981
         772000        5.00893      0.0119724
         773000         5.0093      0.0119626
         774000        5.00829      0.0119892
         775000        5.00846      0.0119749
         776000        5.00858      0.0119601
         777000         5.0086      0.0119447
         778000        5.00884      0.0119317
         779000        5.00853      0.0119205
         780000        5.00957      0.0119508
         781000        5.00888      0.0119552
         782000         5.0105      0.0120495
         783000        5.01078      0.0120372
         784000         5.0104      0.0120276
         785000        5.01072      0.0120163
         786000        5.00999      0.0120227
         787000         5.0101      0.0120079
         788000         5.0105      0.0119994
         789000        5.01038      0.0119847
         790000        5.01054      0.0119706
         791000        5.01105      0.0119663
         792000        5.01108      0.0119512
         793000        5.01132      0.0119388
         794000        5.01089      0.0119316
         795000        5.01081      0.0119169
         796000        5.01075      0.0119021
         797000        5.01056      0.0118886
         798000        5.01041      0.0118746
         799000        5.01072      0.0118638
         800000        5.01073       0.011849
         801000           5.01      0.0118563
         802000        5.01107       0.011889
         803000        5.01125      0.0118756
         804000        5.01145      0.0118626
         805000        5.01149       0.011848
         806000        5.01132      0.0118346
         807000        5.01053      0.0118463
         808000        5.01044       0.011832
         809000        5.01009      0.0118224
         810000         5.0102      0.0118082
         811000        5.01082      0.0118101
         812000        5.01095      0.0117962
         813000        5.01056      0.0117879
         814000        5.01001      0.0117863
         815000        5.01068      0.0117905
         816000        5.01038      0.0117796
         817000        5.01094      0.0117783
         818000        5.01091      0.0117639
         819000        5.01108      0.0117508
         820000         5.0106      0.0117462
         821000        5.01023      0.0117377
         822000        5.01008      0.0117244
         823000        5.00963      0.0117187
         824000        5.00995      0.0117087
         825000        5.00987      0.0116947
         826000        5.00977      0.0116809
         827000        5.00953      0.0116693
         828000        5.01004      0.0116664
         829000        5.00948      0.0116658
         830000        5.00964      0.0116528
         831000        5.00945      0.0116405
         832000        5.00953      0.0116268
         833000        5.00938      0.0116138
         834000        5.00938      0.0115999
         835000           5.01      0.0116029
         836000        5.00987      0.0115898
         837000        5.00896      0.0116123
         838000        5.00882      0.0115992
         839000        5.00899      0.0115866
         840000         5.0095       0.011584
         841000        5.00931      0.0115718
         842000        5.00874      0.0115723
         843000        5.01011      0.0116393
         844000        5.01035      0.0116281
         845000        5.00994      0.0116216
         846000        5.01024      0.0116117
         847000        5.00979      0.0116065
         848000        5.01003      0.0115952
         849000        5.01016      0.0115822
         850000        5.01008      0.0115688
         851000         5.0104      0.0115597
         852000        5.01037      0.0115461
         853000        5.01051      0.0115335
         854000        5.01103      0.0115317
         855000        5.01034      0.0115388
         856000        5.01097      0.0115426
         857000        5.01086      0.0115296
         858000        5.01052      0.0115211
         859000        5.01069      0.0115089
         860000        5.01061      0.0114958
         861000        5.01057      0.0114825
         862000         5.0113      0.0114927
         863000        5.01162      0.0114837
         864000        5.01143      0.0114719
         865000        5.01159      0.0114598
         866000        5.01176      0.0114478
         867000        5.01187      0.0114351
         868000        5.01161      0.0114248
         869000        5.01169      0.0114119
         870000        5.01116      0.0114111
         871000        5.01133      0.0113993
         872000        5.01105      0.0113896
         873000        5.01051      0.0113896
         874000        5.01038      0.0113773
         875000         5.0102      0.0113656
         876000        5.01028      0.0113528
         877000        5.01051      0.0113424
         878000        5.01026      0.0113323
         879000        5.01056      0.0113234
         880000         5.0106      0.0113106
         881000        5.01009      0.0113091
         882000        5.00968       0.011304
         883000        5.00996      0.0112947
         884000        5.01022       0.011285
         885000         5.0104      0.0112735
         886000        5.01004      0.0112664
         887000        5.01008      0.0112538
         888000        5.00938       0.011263
         889000        5.00981      0.0112588
         890000        5.00972      0.0112464
         891000        5.01011      0.0112406
         892000        5.01031      0.0112297
         893000        5.01027      0.0112172
         894000        5.00999      0.0112081
         895000        5.01001      0.0111956
         896000        5.00976      0.0111859
         897000         5.0101      0.0111786
         898000        5.01028      0.0111677
         899000        5.01025      0.0111553
         900000        5.00997      0.0111465
         901000        5.00994      0.0111342
         902000        5.01013      0.0111234
         903000        5.01003      0.0111115
         904000        5.00965      0.0111058
         905000        5.00948      0.0110948
         906000        5.00923      0.0110852
         907000        5.00904      0.0110747
         908000        5.00945        0.01107
         909000        5.00913      0.0110623
         910000        5.00917      0.0110502
         911000        5.00919      0.0110381
         912000        5.00929      0.0110264
         913000        5.00887      0.0110223
         914000        5.00841        0.01102
         915000        5.00863      0.0110102
         916000        5.00888       0.011001
         917000        5.00945      0.0110037
         918000        5.00892      0.0110041
         919000         5.0089      0.0109921
         920000        5.00912      0.0109824
         921000        5.00918      0.0109706
         922000        5.00867      0.0109705
         923000        5.00924       0.010973
         924000        5.00877       0.010971
         925000        5.00831      0.0109689
         926000        5.00853      0.0109592
         927000        5.00825      0.0109508
         928000        5.00856      0.0109432
         929000        5.00861      0.0109316
         930000        5.00873      0.0109204
         931000        5.00888      0.0109097
         932000        5.00863      0.0109009
         933000        5.00814         0.0109
         934000         5.0083      0.0108896
         935000        5.00811      0.0108797
         936000        5.00782      0.0108718
         937000        5.00867      0.0108933
         938000         5.0086      0.0108819
         939000        5.00827      0.0108753
         940000        5.00814      0.0108644
         941000        5.00801      0.0108537
         942000        5.00764      0.0108485
         943000        5.00747      0.0108383
         944000        5.00755      0.0108272
         945000        5.00785      0.0108198
         946000        5.00822      0.0108148
         947000         5.0078      0.0108116
         948000        5.00756      0.0108029
         949000        5.00771      0.0107925
         950000        5.00765      0.0107813
         951000        5.00698      0.0107909
         952000        5.00762      0.0107987
         953000        5.00729      0.0107924
         954000        5.00686      0.0107898
         955000        5.00679      0.0107787
         956000        5.00619      0.0107841
         957000        5.00607      0.0107735
         958000        5.00586      0.0107642
         959000        5.00623      0.0107594
         960000        5.00636      0.0107489
         961000        5.00628       0.010738
         962000        5.00624      0.0107269
         963000        5.00624      0.0107158
         964000        5.00644      0.0107066
         965000        5.00648      0.0106956
         966000        5.00623      0.0106876
         967000        5.00607      0.0106777
         968000        5.00617      0.0106672
         969000        5.00609      0.0106565
         970000        5.00598       0.010646
         971000        5.00604      0.0106351
         972000        5.00591       0.010625
         973000        5.00565      0.0106174
         974000         5.0053      0.0106123
         975000        5.00539      0.0106018
         976000        5.00527      0.0105917
         977000         5.0056       0.010586
         978000        5.00618       0.010591
         979000        5.00608      0.0105807
         980000        5.00599      0.0105703
         981000        5.00577      0.0105617
         982000        5.00559      0.0105525
         983000        5.00571      0.0105425
         984000        5.00519      0.0105445
         985000         5.0056      0.0105415
         986000          5.005       0.010548
         987000        5.00488       0.010538
         988000        5.00503      0.0105284
         989000        5.00525        0.01052
         990000        5.00506      0.0105112
         991000         5.0051      0.0105007
         992000        5.00505      0.0104902
         993000        5.00544       0.010487
         994000        5.00538      0.0104766
         995000        5.00564      0.0104693
         996000        5.00538      0.0104622
         997000        5.00522      0.0104528
         998000        5.00483      0.0104495
         999000         5.0051      0.0104425
        1000000        5.00511       0.010432
