           1000        1.42978              0
           2000        1.48852      0.0587354
           3000        1.51989      0.0461974
           4000        1.52374      0.0328931
           5000        1.50575      0.0311897
           6000        1.47781      0.0378049
           7000        1.47318      0.0322848
           8000        1.47735      0.0282682
           9000        1.47348      0.0252291
          10000        1.49189      0.0291241
          11000        1.50146      0.0280301
          12000        1.49108      0.0276142
          13000        1.50012      0.0269606
          14000        1.49057       0.026726
          15000        1.48126      0.0265628
          16000        1.47482      0.0256696
          17000        1.47042      0.0245101
          18000        1.47677      0.0239651
          19000        1.47384      0.0228573
          20000        1.46902      0.0222141
          21000        1.46313      0.0219359
          22000        1.46293       0.020916
          23000        1.45922      0.0203265
          24000        1.45836      0.0194802
          25000        1.45451      0.0190785
          26000         1.4505      0.0187624
          27000        1.46175      0.0212728
          28000        1.47005      0.0221145
          29000        1.48331      0.0251216
          30000        1.49757      0.0281506
          31000        1.49968      0.0273089
          32000         1.4974      0.0265395
          33000        1.49454      0.0258817
          34000        1.49286      0.0251647
          35000        1.49514      0.0245409
          36000        1.49421      0.0238677
          37000         1.4916      0.0233596
          38000        1.49417      0.0228812
          39000        1.49079      0.0225416
          40000        1.49092      0.0219713
          41000         1.4976      0.0224438
          42000        1.49352      0.0222793
          43000        1.49506      0.0218096
          44000        1.49395      0.0213369
          45000        1.49384      0.0208577
          46000        1.49598      0.0205113
          47000        1.49965      0.0204029
          48000        1.50269      0.0202042
          49000        1.50068      0.0198897
          50000        1.49984      0.0195057
          51000        1.49949      0.0191228
          52000        1.50209      0.0189319
          53000        1.49848       0.018919
          54000        1.49788      0.0185752
          55000        1.50009       0.018368
          56000        1.50181      0.0181184
          57000        1.50192       0.017798
          58000        1.49951      0.0176537
          59000        1.50054      0.0173829
          60000         1.5031      0.0172813
          61000        1.50223       0.017018
          62000        1.50191      0.0167443
          63000        1.50725       0.017321
          64000        1.50592      0.0171003
          65000        1.51086      0.0175457
          66000        1.51395      0.0175508
          67000        1.51349      0.0172929
          68000        1.51522      0.0171246
          69000        1.51577      0.0168833
          70000        1.51618      0.0166455
          71000        1.51418       0.016531
          72000        1.51051      0.0167064
          73000        1.50746      0.0167557
          74000        1.50572      0.0166189
          75000        1.50463      0.0164323
          76000        1.50391      0.0162308
          77000        1.50283      0.0160545
          78000        1.50139      0.0159131
          79000         1.5012      0.0157115
          80000         1.5001      0.0155527
          81000        1.49976      0.0153632
          82000        1.49985       0.015175
          83000        1.50047      0.0150038
          84000        1.50102      0.0148343
          85000        1.50138      0.0146632
          86000        1.50057      0.0145144
          87000        1.49983      0.0143658
          88000        1.49631      0.0146326
          89000          1.498      0.0145659
          90000        1.49779      0.0144046
          91000        1.49615      0.0143396
          92000        1.49623      0.0141831
          93000        1.49626      0.0140297
          94000        1.49683      0.0138913
          95000        1.49619      0.0137591
          96000        1.49813      0.0137531
          97000        1.49848       0.013615
          98000        1.49736      0.0135215
          99000        1.49946      0.0135473
         100000        1.49875      0.0134297
         101000        1.49994      0.0133494
         102000        1.50384       0.013782
         103000        1.50626      0.0138589
         104000        1.50755      0.0137855
         105000        1.51025       0.013918
         106000        1.50964      0.0137993
         107000        1.51025      0.0136831
         108000        1.51002      0.0135577
         109000        1.50936      0.0134494
         110000        1.50987      0.0133363
         111000        1.51078      0.0132474
         112000        1.50939       0.013202
         113000        1.50985      0.0130926
         114000        1.51014      0.0129804
         115000        1.50985      0.0128704
         116000        1.50984       0.012759
         117000        1.50929      0.0126615
         118000        1.50773      0.0126499
         119000        1.50822      0.0125525
         120000        1.50783      0.0124533
         121000         1.5086      0.0123737
         122000        1.50891      0.0122758
         123000        1.50922      0.0121795
         124000        1.50983      0.0120964
         125000        1.50923      0.0120145
         126000        1.50854      0.0119386
         127000        1.50917      0.0118611
         128000        1.50953      0.0117735
         129000        1.51008      0.0116949
         130000         1.5118      0.0117315
         131000        1.51169      0.0116422
         132000        1.51129      0.0115603
         133000        1.51294      0.0115903
         134000        1.51202        0.01154
         135000        1.51081       0.011518
         136000        1.51022      0.0114485
         137000        1.51062      0.0113716
         138000        1.51085      0.0112913
         139000        1.51246      0.0113256
         140000        1.51053      0.0114086
         141000        1.51025      0.0113309
         142000        1.51025      0.0112509
         143000        1.50925      0.0112167
         144000        1.50865      0.0111544
         145000        1.50747      0.0111403
         146000        1.50581      0.0111866
         147000        1.50697      0.0111706
         148000        1.50656      0.0111027
         149000        1.50695      0.0110348
         150000        1.50698       0.010961
         151000        1.50667      0.0108927
         152000        1.50667      0.0108208
         153000        1.50614       0.010763
         154000        1.50611      0.0106929
         155000        1.50806      0.0108004
         156000        1.50827      0.0107329
         157000        1.50875      0.0106754
         158000        1.50806      0.0106302
         159000        1.50782      0.0105657
         160000        1.50699      0.0105328
         161000        1.50878      0.0106193
         162000        1.50739      0.0106443
         163000          1.509      0.0107005
         164000        1.50943      0.0106436
         165000        1.50876      0.0105997
         166000        1.50796      0.0105663
         167000        1.50744      0.0105156
         168000        1.50745      0.0104528
         169000         1.5064      0.0104432
         170000        1.50581      0.0103983
         171000        1.50607      0.0103405
         172000        1.50457      0.0103892
         173000        1.50433      0.0103318
         174000        1.50383      0.0102845
         175000        1.50457      0.0102525
         176000        1.50321       0.010284
         177000        1.50313      0.0102261
         178000        1.50264      0.0101804
         179000        1.50286      0.0101258
         180000        1.50307      0.0100716
         181000        1.50223      0.0100509
         182000        1.50155      0.0100189
         183000        1.50073     0.00999773
         184000        1.50071     0.00994327
         185000        1.50091     0.00989142
         186000        1.50103     0.00983886
         187000        1.50176     0.00981352
         188000        1.50229     0.00977523
         189000         1.5013     0.00977347
         190000        1.50082     0.00973367
         191000        1.50011     0.00970869
         192000        1.49997     0.00965893
         193000        1.49873     0.00968868
         194000        1.49905     0.00964375
         195000        1.49787     0.00966598
         196000        1.49926     0.00971599
         197000        1.49915      0.0096671
         198000        1.49859     0.00963461
         199000        1.49787     0.00961285
         200000        1.49799     0.00956538
         201000        1.49858     0.00953607
         202000        1.49844     0.00948974
         203000        1.49797       0.009455
         204000        1.49923     0.00949285
         205000         1.5003     0.00950702
         206000        1.49948     0.00949627
         207000        1.49883     0.00947278
         208000            1.5     0.00950026
         209000        1.49949     0.00946877
         210000         1.5013     0.00959643
         211000        1.50113      0.0095524
         212000        1.50127     0.00950833
         213000        1.50064     0.00948496
         214000         1.5002     0.00945062
         215000        1.49932     0.00944783
         216000        1.49863      0.0094291
         217000        1.49854     0.00938601
         218000        1.49926     0.00937079
         219000        1.49913      0.0093288
         220000        1.49835     0.00931869
         221000        1.49717     0.00935191
         222000        1.49785      0.0093348
         223000         1.4988     0.00934107
         224000        1.49842     0.00930686
         225000        1.49807     0.00927198
         226000        1.49797     0.00923144
         227000        1.49858     0.00921075
         228000         1.4981     0.00918286
         229000         1.4982     0.00914324
         230000        1.49753     0.00912815
         231000        1.49777     0.00909183
         232000        1.49753     0.00905588
         233000         1.4983     0.00905005
         234000        1.49816     0.00901236
         235000        1.49836     0.00897606
         236000        1.49851     0.00893924
         237000        1.49864      0.0089024
         238000        1.49791     0.00889529
         239000        1.49734     0.00887604
         240000        1.49799     0.00886273
         241000        1.49816     0.00882746
         242000        1.49791     0.00879425
         243000        1.49725     0.00878343
         244000        1.49766     0.00875698
         245000         1.4971     0.00873888
         246000         1.4977     0.00872427
         247000        1.49812     0.00869877
         248000        1.49833     0.00866626
         249000         1.4977     0.00865468
         250000        1.49912     0.00873653
         251000        1.49859     0.00871754
         252000        1.49789     0.00871115
         253000        1.49839     0.00869114
         254000        1.49821     0.00865887
         255000        1.49882     0.00864676
         256000        1.49967     0.00865395
         257000        1.49912     0.00863775
         258000        1.49923     0.00860503
         259000        1.50091     0.00873328
         260000        1.49999     0.00874773
         261000        1.50091      0.0087623
         262000        1.50055     0.00873608
         263000        1.50144     0.00874783
         264000        1.50092      0.0087299
         265000        1.50093      0.0086969
         266000        1.50064     0.00866879
         267000        1.50099      0.0086433
         268000        1.50126      0.0086152
         269000        1.50097     0.00858808
         270000        1.50066     0.00856173
         271000        1.50071     0.00853021
         272000        1.49986     0.00854073
         273000        1.49994     0.00850969
         274000        1.49999     0.00847876
         275000        1.49934     0.00847272
         276000        1.49994       0.008463
         277000        1.49953     0.00844226
         278000        1.50024     0.00844181
         279000        1.50001     0.00841482
         280000        1.49976      0.0083884
         281000         1.4996     0.00835994
         282000        1.49917     0.00834139
         283000         1.4995     0.00831843
         284000        1.49912     0.00829794
         285000        1.49895     0.00827041
         286000        1.49895     0.00824144
         287000        1.50057     0.00837039
         288000        1.50082     0.00834515
         289000        1.50009     0.00834868
         290000        1.49958     0.00833507
         291000        1.49916     0.00831697
         292000        1.49907     0.00828897
         293000        1.49867     0.00827027
         294000        1.49819     0.00825592
         295000        1.49955     0.00833831
         296000        1.49841     0.00838782
         297000        1.49792     0.00837386
         298000        1.49815     0.00834908
         299000        1.49809     0.00832138
         300000        1.49782     0.00829801
         301000        1.49782      0.0082704
         302000        1.49722     0.00826434
         303000         1.4967      0.0082536
         304000        1.49667     0.00822645
         305000        1.49606      0.0082222
         306000        1.49582     0.00819877
         307000        1.49635      0.0081892
         308000        1.49562     0.00819525
         309000        1.49546     0.00817031
         310000          1.496     0.00816181
         311000         1.4957     0.00814086
         312000        1.49597       0.008119
         313000        1.49534     0.00811737
         314000        1.49459      0.0081264
         315000        1.49499     0.00811077
         316000        1.49471     0.00809003
         317000        1.49443     0.00806919
         318000        1.49429     0.00804513
         319000        1.49513     0.00806406
         320000        1.49645     0.00814694
         321000        1.49674     0.00812665
         322000        1.49601     0.00813431
         323000        1.49601     0.00810908
         324000        1.49657     0.00810305
         325000          1.497     0.00808972
         326000        1.49716     0.00806638
         327000        1.49711     0.00804179
         328000        1.49731      0.0080196
         329000        1.49727     0.00799527
         330000        1.49746     0.00797322
         331000        1.49809     0.00797385
         332000        1.49805     0.00794986
         333000        1.49838     0.00793264
         334000        1.49889     0.00792553
         335000        1.49865      0.0079056
         336000        1.49848     0.00788378
         337000        1.49782     0.00788805
         338000        1.49807     0.00786868
         339000         1.4982     0.00784653
         340000        1.49839     0.00782564
         341000        1.49874     0.00781056
         342000         1.4985     0.00779153
         343000        1.49794     0.00778902
         344000        1.49784     0.00776698
         345000        1.49792     0.00774489
         346000        1.49759     0.00772955
         347000        1.49793     0.00771458
         348000         1.4989     0.00775383
         349000        1.49895     0.00773175
         350000        1.49874     0.00771255
         351000        1.49862     0.00769138
         352000        1.49797     0.00769726
         353000        1.49733     0.00770238
         354000        1.49762     0.00768614
         355000         1.4987     0.00774096
         356000        1.49913     0.00773102
         357000        1.49848     0.00773715
         358000        1.49906     0.00773761
         359000        1.49856     0.00773248
         360000        1.49942     0.00775959
         361000        1.49899     0.00775034
         362000        1.49838     0.00775245
         363000        1.49846     0.00773142
         364000        1.49866     0.00771284
         365000         1.4992     0.00771017
         366000        1.49891      0.0076944
         367000        1.49858     0.00768059
         368000        1.49799     0.00768186
         369000        1.49762        0.00767
         370000        1.49741     0.00765216
         371000        1.49742     0.00763151
         372000        1.49671     0.00764453
         373000        1.49665     0.00762419
         374000        1.49687     0.00760678
         375000        1.49723     0.00759536
         376000        1.49721     0.00757517
         377000        1.49681     0.00756575
         378000        1.49692     0.00754646
         379000        1.49707     0.00752818
         380000         1.4971     0.00750839
         381000        1.49725     0.00749008
         382000        1.49707     0.00747243
         383000         1.4972      0.0074539
         384000        1.49706     0.00743564
         385000        1.49712     0.00741653
         386000        1.49719     0.00739758
         387000         1.4974     0.00738156
         388000        1.49792     0.00738052
         389000        1.49857     0.00739041
         390000         1.4989     0.00737871
         391000         1.4984     0.00737667
         392000        1.49775      0.0073868
         393000          1.498     0.00737231
         394000        1.49772     0.00735896
         395000        1.49824     0.00735919
         396000        1.49835     0.00734143
         397000          1.498      0.0073314
         398000          1.498     0.00731296
         399000        1.49756     0.00730771
         400000        1.49737     0.00729179
         401000        1.49716     0.00727669
         402000        1.49706     0.00725925
         403000        1.49678     0.00724676
         404000        1.49673     0.00722895
         405000        1.49629     0.00722435
         406000        1.49632     0.00720656
         407000        1.49665     0.00719682
         408000        1.49662     0.00717925
         409000        1.49663     0.00716168
         410000        1.49692     0.00715029
         411000        1.49667     0.00713746
         412000        1.49647     0.00712287
         413000        1.49624      0.0071093
         414000        1.49661     0.00710199
         415000        1.49702     0.00709628
         416000        1.49733       0.007086
         417000        1.49724     0.00706954
         418000        1.49706     0.00705486
         419000        1.49784     0.00708104
         420000        1.49828     0.00707763
         421000        1.49796     0.00706769
         422000        1.49764     0.00705825
         423000        1.49892     0.00715602
         424000        1.49901      0.0071398
         425000        1.49972     0.00715819
         426000        1.50002     0.00714763
         427000        1.49952     0.00714892
         428000        1.49981     0.00713824
         429000        1.50007     0.00712631
         430000        1.50034     0.00711493
         431000         1.5003     0.00709852
         432000        1.50038     0.00708254
         433000         1.5002     0.00706855
         434000        1.49984     0.00706151
         435000        1.49974     0.00704597
         436000        1.49925     0.00704631
         437000        1.49944     0.00703252
         438000        1.49931     0.00701752
         439000         1.4989     0.00701399
         440000          1.499     0.00699886
         441000        1.49889     0.00698384
         442000        1.49871     0.00697034
         443000        1.49879     0.00695498
         444000        1.49886     0.00693971
         445000         1.4995      0.0069538
         446000        1.49926     0.00694253
         447000        1.49928     0.00692702
         448000        1.49884     0.00692557
         449000         1.4984     0.00692443
         450000        1.49855     0.00691082
         451000        1.49856     0.00689549
         452000        1.49811     0.00689499
         453000        1.49821     0.00688049
         454000        1.49792     0.00687172
         455000        1.49776     0.00685839
         456000        1.49745     0.00685016
         457000        1.49733     0.00683622
         458000        1.49761     0.00682677
         459000        1.49751     0.00681262
         460000        1.49815     0.00682829
         461000        1.49837     0.00681711
         462000         1.4979     0.00681891
         463000        1.49804      0.0068056
         464000        1.49806     0.00679095
         465000        1.49805     0.00677634
         466000        1.49781     0.00676576
         467000         1.4982     0.00676256
         468000        1.49809     0.00674909
         469000        1.49822     0.00673593
         470000        1.49806     0.00672337
         471000        1.49873     0.00674182
         472000        1.49887     0.00672901
         473000        1.49845      0.0067277
         474000        1.49855     0.00671429
         475000        1.49851      0.0067003
         476000        1.49879     0.00669236
         477000        1.49898      0.0066809
         478000        1.49857     0.00667966
         479000        1.49814     0.00667917
         480000        1.49809     0.00666549
         481000        1.49855     0.00666773
         482000        1.49928     0.00669421
         483000        1.49896     0.00668819
         484000        1.49881     0.00667594
         485000        1.49882     0.00666217
         486000        1.49931     0.00666619
         487000        1.49905     0.00665727
         488000        1.49905     0.00664362
         489000        1.49937     0.00663771
         490000        1.49925     0.00662512
         491000        1.49973     0.00662864
         492000        1.49986     0.00661643
         493000        1.50021     0.00661249
         494000        1.50036     0.00660069
         495000        1.50029     0.00658766
         496000        1.50031      0.0065744
         497000        1.50015     0.00656326
         498000        1.50075     0.00657828
         499000        1.50075     0.00656508
         500000        1.50065     0.00655271
         501000        1.50026     0.00655136
         502000        1.49982     0.00655331
         503000        1.50029     0.00655762
         504000        1.50005     0.00654921
         505000        1.50002     0.00653631
         506000        1.49998     0.00652347
         507000        1.49954     0.00652566
         508000        1.49938     0.00651467
         509000        1.49922     0.00650389
         510000        1.49889     0.00649952
         511000        1.49887     0.00648682
         512000        1.49913     0.00647937
         513000        1.49886     0.00647218
         514000        1.49876     0.00646032
         515000        1.49876     0.00644777
         516000        1.49928     0.00645604
         517000        1.49962     0.00645247
         518000        1.49935     0.00644552
         519000        1.49948      0.0064343
         520000        1.49935     0.00642316
         521000        1.49912     0.00641496
         522000        1.49873     0.00641476
         523000        1.49881     0.00640301
         524000        1.49846     0.00640048
         525000        1.49826     0.00639145
         526000         1.4987      0.0063947
         527000        1.49903      0.0063913
         528000        1.49874     0.00638606
         529000        1.49875       0.006374
         530000        1.49855     0.00636507
         531000        1.49881     0.00635804
         532000        1.49913     0.00635462
         533000        1.49973     0.00637072
         534000        1.49991     0.00636118
         535000        1.50013     0.00635323
         536000        1.49996     0.00634365
         537000        1.49999     0.00633191
         538000        1.50039     0.00633233
         539000        1.50062     0.00632506
         540000         1.5005     0.00631448
         541000        1.50109      0.0063304
         542000        1.50096      0.0063201
         543000        1.50092      0.0063086
         544000        1.50069     0.00630118
         545000         1.5009     0.00629306
         546000        1.50136     0.00629878
         547000        1.50119      0.0062895
         548000        1.50128     0.00627866
         549000        1.50126     0.00626728
         550000        1.50116     0.00625667
         551000        1.50095     0.00624883
         552000        1.50082     0.00623871
         553000        1.50073     0.00622817
         554000        1.50101     0.00622348
         555000        1.50093     0.00621278
         556000        1.50078     0.00620352
         557000        1.50063     0.00619407
         558000        1.50044     0.00618597
         559000        1.50064     0.00617818
         560000        1.50072     0.00616761
         561000        1.50078      0.0061569
         562000        1.50055     0.00615001
         563000        1.50047      0.0061397
         564000         1.5005     0.00612889
         565000        1.50062      0.0061193
         566000        1.50048     0.00611003
         567000        1.50044     0.00609943
         568000        1.50008      0.0060989
         569000        1.50018     0.00608887
         570000        1.50044     0.00608391
         571000        1.50039     0.00607349
         572000        1.50057     0.00606559
         573000        1.50061     0.00605515
         574000        1.50098     0.00605608
         575000        1.50082     0.00604772
         576000        1.50095     0.00603865
         577000        1.50111     0.00603029
         578000        1.50152     0.00603345
         579000        1.50127     0.00602813
         580000        1.50147      0.0060211
         581000         1.5016     0.00601221
         582000        1.50208     0.00602099
         583000        1.50217     0.00601136
         584000        1.50232     0.00600276
         585000        1.50222     0.00599325
         586000        1.50194     0.00598972
         587000        1.50183     0.00598042
         588000        1.50197      0.0059717
         589000        1.50203     0.00596194
         590000        1.50186     0.00595432
         591000        1.50184     0.00594429
         592000        1.50192     0.00593481
         593000        1.50214     0.00592907
         594000        1.50193     0.00592282
         595000        1.50209     0.00591485
         596000        1.50222     0.00590632
         597000        1.50172     0.00591744
         598000        1.50179     0.00590801
         599000         1.5019     0.00589903
         600000        1.50167     0.00589335
         601000        1.50151     0.00588596
         602000        1.50161     0.00587713
         603000         1.5016     0.00586739
         604000        1.50124     0.00586897
         605000        1.50091     0.00586833
         606000         1.5006      0.0058668
         607000        1.50091     0.00586505
         608000        1.50148     0.00588378
         609000        1.50143     0.00587436
         610000        1.50136     0.00586515
         611000        1.50084     0.00587887
         612000        1.50093     0.00587003
         613000        1.50111     0.00586306
         614000        1.50111      0.0058535
         615000        1.50134     0.00584865
         616000        1.50156     0.00584323
         617000         1.5014     0.00583604
         618000         1.5013     0.00582743
         619000        1.50149     0.00582123
         620000        1.50114     0.00582252
         621000         1.5008     0.00582329
         622000        1.50122     0.00582947
         623000        1.50121     0.00582011
         624000        1.50099     0.00581516
         625000         1.5011     0.00580695
         626000        1.50108     0.00579771
         627000        1.50091      0.0057908
         628000        1.50077     0.00578334
         629000        1.50093     0.00577622
         630000        1.50064     0.00577422
         631000        1.50098     0.00577498
         632000        1.50117     0.00576917
         633000        1.50123     0.00576033
         634000        1.50164     0.00576605
         635000        1.50161     0.00575705
         636000        1.50159     0.00574804
         637000        1.50116     0.00575508
         638000        1.50129     0.00574748
         639000        1.50119     0.00573922
         640000         1.5013     0.00573123
         641000        1.50159     0.00572937
         642000        1.50164     0.00572071
         643000        1.50181     0.00571416
         644000        1.50204     0.00570994
         645000        1.50202      0.0057011
         646000        1.50173     0.00569938
         647000        1.50141     0.00569978
         648000        1.50167     0.00569686
         649000        1.50124     0.00570414
         650000         1.5012     0.00569551
         651000         1.5013     0.00568771
         652000        1.50108     0.00568327
         653000        1.50116     0.00567505
         654000        1.50098     0.00566917
         655000         1.5011     0.00566187
         656000        1.50156     0.00567151
         657000        1.50156     0.00566287
         658000        1.50154     0.00565428
         659000        1.50155      0.0056457
         660000        1.50115     0.00565114
         661000        1.50083     0.00565139
         662000        1.50078     0.00564308
         663000        1.50105     0.00564102
         664000        1.50118     0.00563399
         665000        1.50179     0.00565854
         666000        1.50175     0.00565016
         667000        1.50156     0.00564495
         668000        1.50177     0.00564046
         669000        1.50169     0.00563266
         670000        1.50175     0.00562461
         671000        1.50151     0.00562128
         672000        1.50145     0.00561331
         673000        1.50143       0.005605
         674000        1.50121     0.00560094
         675000        1.50106     0.00559455
         676000        1.50122     0.00558861
         677000        1.50129     0.00558074
         678000        1.50111     0.00557537
         679000        1.50107     0.00556729
         680000        1.50092     0.00556119
         681000        1.50084      0.0055536
         682000        1.50101     0.00554825
         683000        1.50094     0.00554057
         684000        1.50054     0.00554722
         685000        1.50063     0.00553993
         686000        1.50075     0.00553304
         687000        1.50055     0.00552841
         688000        1.50064       0.005521
         689000        1.50071      0.0055135
         690000        1.50078     0.00550588
         691000         1.5006     0.00550083
         692000        1.50047     0.00549447
         693000        1.50024     0.00549124
         694000        1.50024     0.00548332
         695000        1.50024     0.00547543
         696000        1.50025     0.00546757
         697000        1.50006     0.00546314
         698000        1.50005     0.00545531
         699000        1.49992     0.00544898
         700000        1.49967     0.00544693
         701000        1.49953     0.00544086
         702000        1.49956     0.00543316
         703000        1.49949     0.00542585
         704000        1.49932     0.00542068
         705000        1.49928     0.00541314
         706000        1.49897     0.00541433
         707000         1.4987     0.00541379
         708000        1.49922     0.00543166
         709000          1.499      0.0054287
         710000        1.49907     0.00542152
         711000        1.49922     0.00541602
         712000        1.49924     0.00540846
         713000        1.49933      0.0054016
         714000        1.49918     0.00539618
         715000        1.49941     0.00539371
         716000        1.49951       0.005387
         717000        1.49949     0.00537952
         718000        1.49933     0.00537427
         719000        1.49953     0.00537057
         720000         1.4996      0.0053635
         721000        1.49956     0.00535618
         722000        1.49943     0.00535037
         723000        1.49932     0.00534419
         724000        1.49918      0.0053385
         725000        1.49909      0.0053319
         726000        1.49881     0.00533213
         727000        1.49861     0.00532826
         728000        1.49866      0.0053211
         729000        1.49895     0.00532164
         730000        1.49891     0.00531446
         731000        1.49885     0.00530757
         732000         1.4986     0.00530604
         733000        1.49844     0.00530113
         734000        1.49839     0.00529416
         735000        1.49834     0.00528715
         736000        1.49822     0.00528142
         737000        1.49802     0.00527805
         738000        1.49809     0.00527138
         739000        1.49846     0.00527704
         740000        1.49837     0.00527073
         741000        1.49827     0.00526447
         742000        1.49828     0.00525737
         743000        1.49782      0.0052699
         744000        1.49802     0.00526648
         745000        1.49822     0.00526332
         746000        1.49816     0.00525665
         747000        1.49833     0.00525232
         748000        1.49824     0.00524602
         749000         1.4984     0.00524146
         750000        1.49832     0.00523515
         751000        1.49824     0.00522874
         752000        1.49818     0.00522216
         753000        1.49861     0.00523289
         754000        1.49869      0.0052267
         755000        1.49851     0.00522301
         756000        1.49851     0.00521609
         757000        1.49849     0.00520922
         758000        1.49864     0.00520435
         759000        1.49856     0.00519812
         760000        1.49861     0.00519154
         761000        1.49911     0.00520838
         762000          1.499      0.0052027
         763000        1.49899     0.00519588
         764000        1.49888     0.00519023
         765000        1.49868     0.00518708
         766000        1.49863     0.00518061
         767000        1.49845     0.00517691
         768000         1.4984      0.0051704
         769000        1.49834     0.00516406
         770000        1.49835     0.00515736
         771000        1.49834     0.00515068
         772000        1.49832     0.00514403
         773000        1.49818     0.00513925
         774000        1.49843     0.00513854
         775000        1.49836     0.00513236
         776000        1.49834     0.00512578
         777000        1.49848     0.00512106
         778000        1.49844     0.00511466
         779000        1.49857     0.00510978
         780000        1.49857     0.00510322
         781000        1.49843     0.00509861
         782000        1.49855     0.00509353
         783000        1.49838     0.00508997
         784000        1.49841     0.00508357
         785000        1.49841     0.00507709
         786000         1.4984     0.00507065
         787000        1.49827     0.00506585
         788000        1.49853      0.0050663
         789000        1.49852     0.00505991
         790000        1.49849     0.00505355
         791000        1.49857     0.00504771
         792000         1.4985      0.0050418
         793000        1.49864     0.00503729
         794000        1.49855     0.00503171
         795000         1.4984     0.00502756
         796000        1.49841     0.00502124
         797000        1.49831     0.00501594
         798000        1.49813     0.00501271
         799000        1.49833     0.00501043
         800000        1.49825     0.00500491
         801000        1.49819     0.00499893
         802000        1.49802     0.00499573
         803000        1.49778     0.00499521
         804000        1.49764      0.0049911
         805000        1.49755     0.00498562
         806000        1.49772     0.00498229
         807000        1.49789     0.00497906
         808000        1.49782     0.00497347
         809000         1.4977     0.00496871
         810000        1.49749     0.00496715
         811000        1.49736     0.00496271
         812000        1.49748     0.00495807
         813000        1.49748     0.00495197
         814000        1.49758     0.00494676
         815000         1.4976     0.00494073
         816000        1.49757     0.00493472
         817000        1.49755     0.00492873
         818000        1.49755     0.00492271
         819000        1.49731     0.00492242
         820000        1.49712     0.00491994
         821000        1.49697     0.00491644
         822000        1.49675     0.00491505
         823000        1.49652     0.00491442
         824000         1.4963     0.00491367
         825000        1.49662     0.00491846
         826000        1.49651     0.00491373
         827000        1.49689     0.00492251
         828000        1.49692     0.00491661
         829000        1.49706     0.00491269
         830000        1.49695     0.00490786
         831000        1.49681     0.00490401
         832000        1.49688     0.00489868
         833000         1.4968     0.00489354
         834000        1.49673      0.0048882
         835000         1.4966     0.00488389
         836000        1.49662     0.00487808
         837000        1.49663     0.00487225
         838000        1.49657     0.00486677
         839000        1.49666     0.00486182
         840000        1.49642     0.00486209
         841000        1.49634       0.004857
         842000         1.4964      0.0048516
         843000        1.49623     0.00484894
         844000         1.4962     0.00484326
         845000        1.49644     0.00484322
         846000        1.49638     0.00483781
         847000        1.49641     0.00483216
         848000         1.4962     0.00483078
         849000        1.49625     0.00482531
         850000        1.49611     0.00482171
         851000        1.49592     0.00481952
         852000        1.49575     0.00481704
         853000        1.49586     0.00481265
         854000        1.49577     0.00480787
         855000        1.49602     0.00480881
         856000        1.49603      0.0048032
         857000        1.49595     0.00479832
         858000        1.49588     0.00479313
         859000        1.49591     0.00478762
         860000        1.49595     0.00478218
         861000        1.49587     0.00477728
         862000        1.49593      0.0047722
         863000        1.49632     0.00478261
         864000        1.49632     0.00477707
         865000        1.49641      0.0047724
         866000        1.49648     0.00476734
         867000        1.49644     0.00476201
         868000        1.49644     0.00475652
         869000        1.49657     0.00475285
         870000        1.49633     0.00475335
         871000        1.49633     0.00474789
         872000        1.49619     0.00474447
         873000        1.49604     0.00474133
         874000        1.49617     0.00473771
         875000         1.4961     0.00473279
         876000        1.49585     0.00473414
         877000        1.49592     0.00472925
         878000        1.49575     0.00472707
         879000        1.49576     0.00472172
         880000        1.49568     0.00471706
         881000        1.49581     0.00471332
         882000        1.49579     0.00470801
         883000        1.49628     0.00472808
         884000        1.49615     0.00472442
         885000        1.49607     0.00471979
         886000        1.49605     0.00471451
         887000        1.49601     0.00470936
         888000         1.4959     0.00470542
         889000        1.49579      0.0047014
         890000        1.49564     0.00469832
         891000         1.4957     0.00469336
         892000        1.49576     0.00468856
         893000        1.49578     0.00468334
         894000        1.49549     0.00468695
         895000        1.49548     0.00468172
         896000        1.49548     0.00467649
         897000        1.49562     0.00467327
         898000        1.49554     0.00466874
         899000        1.49541     0.00466527
         900000        1.49544     0.00466015
         901000        1.49547     0.00465506
         902000        1.49543        0.00465
         903000        1.49528     0.00464747
         904000        1.49523     0.00464259
         905000        1.49507     0.00464026
         906000          1.495     0.00463569
         907000        1.49489     0.00463174
         908000        1.49522     0.00463815
         909000        1.49539     0.00463621
         910000        1.49532     0.00463169
         911000        1.49551     0.00463078
         912000        1.49573     0.00463053
         913000        1.49578     0.00462573
         914000        1.49572     0.00462095
         915000        1.49577     0.00461612
         916000        1.49557      0.0046152
         917000         1.4954     0.00461336
         918000        1.49527     0.00461029
         919000        1.49542     0.00460763
         920000        1.49603     0.00464408
         921000        1.49601     0.00463908
         922000        1.49625     0.00464029
         923000         1.4961     0.00463791
         924000        1.49621     0.00463418
         925000        1.49616     0.00462943
         926000        1.49607     0.00462523
         927000        1.49613     0.00462057
         928000        1.49625     0.00461731
         929000        1.49614     0.00461366
         930000        1.49619     0.00460893
         931000        1.49613     0.00460438
         932000        1.49625     0.00460107
         933000        1.49624     0.00459614
         934000        1.49628     0.00459133
         935000        1.49609     0.00459011
         936000          1.496     0.00458612
         937000          1.496     0.00458122
         938000         1.4959     0.00457749
         939000        1.49579     0.00457381
         940000        1.49565     0.00457111
         941000        1.49553     0.00456791
         942000        1.49561     0.00456387
         943000        1.49564     0.00455909
         944000         1.4956     0.00455443
         945000        1.49544     0.00455226
         946000        1.49522     0.00455303
         947000        1.49514     0.00454894
         948000        1.49506     0.00454473
         949000        1.49496     0.00454118
         950000        1.49478     0.00453976
         951000        1.49485     0.00453548
         952000        1.49477     0.00453144
         953000        1.49479     0.00452672
         954000        1.49465      0.0045242
         955000        1.49512     0.00454478
         956000        1.49514     0.00454007
         957000        1.49504     0.00453654
         958000        1.49499     0.00453209
         959000         1.4951     0.00452878
         960000        1.49524     0.00452614
         961000        1.49512     0.00452301
         962000        1.49494     0.00452203
         963000        1.49496     0.00451738
         964000        1.49482      0.0045147
         965000        1.49493     0.00451141
         966000        1.49508     0.00450926
         967000        1.49491     0.00450802
         968000        1.49467     0.00450947
         969000        1.49481     0.00450693
         970000         1.4947     0.00450376
         971000        1.49465     0.00449936
         972000        1.49458     0.00449521
         973000        1.49467     0.00449135
         974000        1.49476     0.00448764
         975000        1.49466     0.00448404
         976000        1.49436     0.00448961
         977000        1.49448     0.00448676
         978000        1.49441     0.00448274
         979000         1.4944     0.00447817
         980000        1.49452     0.00447514
         981000        1.49436     0.00447332
         982000        1.49436     0.00446877
         983000         1.4944     0.00446439
         984000        1.49429     0.00446125
         985000        1.49448     0.00446103
         986000        1.49462     0.00445855
         987000         1.4946     0.00445405
         988000        1.49455     0.00444987
         989000        1.49452     0.00444547
         990000         1.4945     0.00444102
         991000        1.49469     0.00444059
         992000        1.49497     0.00444518
         993000        1.49481     0.00444385
         994000        1.49482     0.00443941
         995000        1.49502     0.00443939
         996000        1.49494     0.00443567
         997000        1.49469     0.00443815
         998000        1.49452     0.00443701
         999000        1.49437      0.0044351
        1000000        1.49416     0.00443589
