1.09696
1.08912
1.07741
1.0635
1.04956
1.03793
1.03046
1.02795
1.02996
1.03502
1.04119
1.04663
1.04997
1.05041
1.04789
1.0431
1.03738
1.03229
1.02908
1.02818
1.02918
1.0311
1.03294
1.03405
1.03441
1.03456
1.03542
1.03779
1.04164
1.04575
1.0479
1.04591
1.03851
1.02589
1.00953
0.991774
0.975118
0.96162
0.952514
0.948141
0.948199
0.952081
0.959082
0.968458
0.979365
0.991009
1.00276
1.01414
1.02483
1.0344
1.0425
1.04897
1.05394
1.05779
1.06076
1.06275
1.06349
1.06304
1.06216
1.06209
1.06377
1.06713
1.07094
1.07324
1.07202
1.06592
1.05468
1.03942
1.02249
1.00693
0.995455
0.989371
0.988117
0.989758
0.992007
0.993059
0.991907
0.988163
0.981793
0.97318
0.963436
0.954586
0.949029
0.948594
0.953851
0.963991
0.977242
0.991444
1.00461
1.01529
1.02267
1.02659
1.02756
1.02671
1.02556
1.02565
1.02805
1.03311
1.0406
1.04992
1.06036
1.07114
1.08155
1.09097
1.09902
1.10547
1.11012
1.1127
1.11294
1.11075
1.10637
1.10042
1.09362
1.08663
1.0798
1.07314
1.06647
1.0595
1.05206
1.04427
1.03661
1.02992
1.02518
1.02331
1.02482
1.02954
1.03666
1.04504
1.05361
1.06153
1.06824
1.07348
1.07718
1.07955
1.08083
1.08121
1.08088
1.08031
1.08018
1.0811
1.08331
1.08665
1.09089
1.09593
1.10164
1.10764
1.11307
1.11676
1.11761
1.11496
1.1088
1.09965
1.08845
1.07638
1.06485
1.05539
1.04956
1.0487
1.05377
1.06508
1.08189
1.10229
1.12352
1.14262
1.15697
1.16473
1.16495
1.15773
1.1441
1.12581
1.10488
1.08322
1.06225
1.04281
1.0255
1.01105
1.00051
0.99501
0.99521
1.00084
1.0108
1.02367
1.03815
1.05327
1.06836
1.08283
1.096
1.10713
1.11553
1.12084
1.12305
1.12232
1.11887
1.11287
1.10446
1.09384
1.08145
1.06811
1.05521
1.04467
1.0385
1.03818
1.04402
1.05489
1.06858
1.08244
1.09398
1.10131
1.10334
1.09996
1.09223
1.08229
1.07284
1.06621
1.0633
1.06333
1.0643
1.06391
1.06036
1.05266
1.04081
1.02589
1.01017
0.997056
0.989988
0.990739
0.998385
1.01003
1.02236
1.03275
1.03944
1.04152
1.03882
1.032
1.02259
1.01286
1.00523
1.00148
1.00228
1.00726
1.01534
1.02483
1.03374
1.04035
1.04367
1.04325
1.03904
1.03133
1.02084
1.00883
0.99701
0.987297
0.981511
0.981083
0.986753
0.9983
1.01441
1.03291
1.05137
1.0676
1.07993
1.08731
1.08931
1.08619
1.07901
1.0698
1.06164
1.05831
1.06296
1.07599
1.09397
1.11109
1.12207
1.12415
1.11743
1.10416
1.08779
1.0721
1.06041
1.05487
1.05587
1.06209
1.07133
1.08148
1.09101
1.09884
1.10413
1.10658
1.10671
1.10563
1.10422
1.10253
1.10009
1.09656
1.09202
1.08657
1.08
1.07182
1.06184
1.05072
1.0401
1.03196
1.02789
1.0284
1.03279
1.0394
1.04603
1.05065
1.05199
1.04991
1.04538
1.04034
1.03717
1.03803
1.04415
1.05543
1.07062
1.08783
1.10507
1.12062
1.13325
1.14229
1.14761
1.14958
1.1489
1.14629
1.1423
1.1372
1.131
1.12364
1.11513
1.10578
1.09638
1.08811
1.08227
1.07968
1.08008
1.08218
1.08415
1.08424
1.08125
1.07471
1.06481
1.05251
1.03955
1.02837
1.0217
1.02163
1.02873
1.04175
1.05813
1.07488
1.08945
1.10019
1.10631
1.10765
1.10445
1.0972
1.08692
1.07528
1.06456
1.05704
1.05387
1.05444
1.05697
1.0601
1.06372
1.06819
1.0735
1.07924
1.08494
1.09026
1.09474
1.09794
1.09954
1.09947
1.09795
1.09535
1.09202
1.08818
1.08383
1.07883
1.07289
1.06568
1.05702
1.04697
1.036
1.02491
1.01482
1.00692
1.00236
1.00173
1.00474
1.01013
1.01597
1.02031
1.02183
1.02012
1.01574
1.00988
1.00408
0.999858
0.998556
1.00105
1.00764
1.01787
1.03061
1.04422
1.05677
1.06639
1.07158
1.07146
1.06584
1.05534
1.04124
1.02546
1.01052
0.999308
0.994105
0.995043
0.999377
1.00303
1.00313
0.999082
0.991818
0.982713
0.973068
0.964023
0.956692
0.952168
0.951271
0.954059
0.95976
0.967161
0.975227
0.983512
0.992035
1.00095
1.01008
1.01869
1.02546
1.02913
1.02925
1.02665
1.02301
1.0201
1.01881
1.01901
1.01994
1.02074
1.02061
1.01876
1.01452
1.00756
0.998269
0.987894
0.978242
0.971054
0.967507
0.96803
0.972391
0.979913
0.989586
1.00018
1.01041
1.01915
1.02567
1.02977
1.03166
1.03171
1.0303
1.02775
1.02435
1.02043
1.01635
1.01245
1.00889
1.00552
1.00198
0.997761
0.992629
0.987059
0.982401
0.980583
0.983319
0.991186
1.00312
1.0167
1.02926
1.03905
1.04562
1.04944
1.05125
1.05173
1.05142
1.05081
1.05056
1.05132
1.05361
1.05779
1.06431
1.07387
1.08708
1.10362
1.12172
1.1386
1.15156
1.15892
1.15999
1.1549
1.14438
1.12973
1.11249
1.09402
1.07514
1.05632
1.03841
1.02311
1.01311
1.01123
1.01916
1.03611
1.05876
1.08264
1.10392
1.12037
1.13127
1.13694
1.13819
1.13599
1.13136
1.12521
1.11844
1.11194
1.10651
1.10266
1.10025
1.09844
1.09608
1.0923
1.08686
1.0802
1.07314
1.06671
1.06201
1.06011
1.06217
1.06924
1.08119
1.09539
1.10731
1.11278
1.10995
1.09941
1.0836
1.06625
1.05138
1.04197
1.03891
1.04134
1.04782
1.05726
1.06917
1.08346
1.1
1.11819
1.13674
1.15382
1.16747
1.17595
1.17793
1.17251
1.15922
1.13822
1.11097
1.08118
1.05517
1.04009
1.04005
1.05345
1.07411
1.09482
1.11034
1.1183
1.11862
1.11271
1.1029
1.09207
1.08337
1.07956
1.08183
1.08903
1.09847
1.10742
1.11367
1.11531
1.11064
1.09885
1.08084
1.05994
1.04195
1.03296
1.03518
1.04512
1.05661
1.06507
1.06888
1.06868
1.06616
1.06308
1.06068
1.05947
1.05952
1.06081
1.0635
1.06791
1.07416
1.08199
1.09065
1.09914
1.1065
1.11221
1.11636
1.11955
1.12255
1.12589
1.12941
1.13218
1.133
1.13098
1.12587
1.11797
1.10795
1.09678
1.08568
1.07599
1.06879
1.0646
1.06319
1.06388
1.06579
1.06808
1.06997
1.07078
1.07009
1.06794
1.06492
1.06187
1.05952
1.05817
1.05753
1.05697
1.05582
1.05357
1.05008
1.04582
1.04209
1.04078
1.04369
1.05147
1.06316
1.07663
1.08951
1.1
1.10706
1.10994
1.10781
1.09985
1.086
1.0678
1.04854
1.03211
1.02125
1.01685
1.01845
1.02506
1.03531
1.04756
1.06011
1.07148
1.08058
1.08655
1.08869
1.0866
1.0806
1.07215
1.06383
1.05888
1.06022
1.06917
1.08484
1.10453
1.12492
1.14338
1.15842
1.16944
1.17627
1.17877
1.17686
1.17057
1.16028
1.14678
1.13118
1.11461
1.09786
1.08144
1.066
1.05271
1.04312
1.03846
1.03887
1.04345
1.05069
1.05891
1.06662
1.07259
1.0759
1.07603
1.07287
1.06674
1.05839
1.04896
1.0399
1.03273
1.02843
1.02687
1.02651
1.02513
1.02091
1.01324
1.00294
0.991778
0.981822
0.974985
0.972605
0.974821
0.980353
0.987018
0.992917
0.997347
1.00075
1.00408
1.00797
1.0122
1.01573
1.01717
1.01544
1.01035
1.00283
0.99479
0.988634
0.986453
0.989244
0.996581
1.00687
1.01809
1.02848
1.03685
1.04236
1.04433
1.04225
1.03644
1.02849
1.02089
1.01552
1.01252
1.01044
1.00752
1.00263
0.995747
0.987977
0.9808
0.975006
0.970302
0.965864
0.961358
0.957385
0.955311
0.956744
0.963194
0.975603
0.993832
1.01635
1.04024
1.06206
1.07876
1.08857
1.09127
1.08813
1.08141
1.07365
1.06711
1.06324
1.06244
1.06402
1.06635
1.06748
1.06592
1.06112
1.05347
1.04406
1.03444
1.02638
1.02159
1.02113
1.02496
1.03183
1.03973
1.0468
1.05189
1.05482
1.05615
1.05681
1.05758
1.05883
1.06036
1.06154
1.06171
1.06065
1.05895
1.05801
1.05971
1.06548
1.07557
1.08872
1.10272
1.1152
1.12435
1.1292
1.12954
1.12569
1.11828
1.10795
1.09538
1.0812
1.06615
1.0513
1.03812
1.02834
1.02336
1.02357
1.02813
1.03533
1.04339
1.05092
1.05716
1.06181
1.06469
1.06554
1.06396
1.05978
1.05332
1.04556
1.0377
1.03063
1.02491
1.02094
1.01929
1.02081
1.02624
1.03576
1.0486
1.06318
1.07764
1.09043
1.10078
1.1086
1.11427
1.11812
1.12007
1.11969
1.11646
1.11013
1.10106
1.09039
1.07989
1.07186
1.06854
1.07124
1.07983
1.09296
1.10866
1.12491
1.13996
1.15241
1.16108
1.16504
1.16385
1.15779
1.14787
1.13553
1.12219
1.10884
1.09597
1.08355
1.07135
1.05931
1.04776
1.03745
1.02928
1.02403
1.0222
1.02391
1.02894
1.03677
1.04672
1.05809
1.07002
1.08149
1.09126
1.09806
1.10087
1.09929
1.09383
1.08579
1.07687
1.06862
1.06211
1.0579
1.05603
1.05606
1.05711
1.05832
1.05959
1.06212
1.0683
1.08033
1.09852
1.12075
1.14361
1.16395
1.17978
1.1902
1.19513
1.19502
1.19075
1.18352
1.17466
1.1653
1.15598
1.14657
1.13652
1.12523
1.11242
1.09835
1.0839
1.07052
1.0599
1.05343
1.05192
1.05526
1.0625
1.07205
1.08201
1.09048
1.09584
1.09693
1.09331
1.08531
1.074
1.06097
1.04784
1.03585
1.02575
1.01773
1.01172
1.00762
1.00546
1.00528
1.00699
1.01023
1.01438
1.01867
1.02236
1.02511
1.02705
1.02863
1.0303
1.03217
1.03392
1.03512
1.03559
1.03585
1.03713
1.04102
1.04863
1.05973
1.07234
1.0836
1.09096
1.09321
1.0907
1.08513
1.07867
1.07299
1.06866
1.06523
1.06171
1.05712
1.05098
