1.09292
1.0864
1.08328
1.08429
1.08821
1.09346
1.09936
1.10568
1.11217
1.11853
1.12456
1.1302
1.13543
1.14017
1.14439
1.14822
1.15199
1.15611
1.16087
1.16625
1.17191
1.17717
1.18131
1.18379
1.18461
1.18436
1.18401
1.18432
1.18511
1.18491
1.18136
1.17216
1.15594
1.13276
1.1041
1.07256
1.04151
1.01444
0.994228
0.982556
0.979548
0.98392
0.993439
1.00569
1.01878
1.03185
1.04521
1.05986
1.07647
1.09439
1.11162
1.12578
1.13525
1.1399
1.14084
1.13955
1.13701
1.13345
1.12851
1.12182
1.11341
1.10376
1.09356
1.08337
1.07331
1.06306
1.05218
1.04057
1.02914
1.01996
1.01571
1.01809
1.02627
1.03707
1.04731
1.05587
1.06405
1.07424
1.08805
1.105
1.12266
1.13777
1.14739
1.14957
1.14354
1.12981
1.11023
1.08789
1.06658
1.0499
1.04001
1.03697
1.03873
1.0422
1.04476
1.04529
1.04422
1.04305
1.04348
1.04675
1.05297
1.06109
1.06935
1.07607
1.08036
1.08223
1.08223
1.08094
1.07868
1.07567
1.07251
1.07032
1.07038
1.07338
1.07916
1.0871
1.09661
1.10729
1.11879
1.13055
1.14168
1.151
1.15721
1.15903
1.15543
1.14573
1.12987
1.10841
1.08264
1.05456
1.02709
1.00392
0.988736
0.983673
0.98809
0.998923
1.01228
1.02498
1.03516
1.04202
1.0454
1.04534
1.04214
1.0365
1.0297
1.02344
1.0194
1.01873
1.02202
1.0294
1.04085
1.05639
1.07588
1.09873
1.12362
1.1485
1.17096
1.18878
1.20045
1.20539
1.20382
1.19661
1.18502
1.17051
1.15478
1.13998
1.12874
1.1236
1.12588
1.13461
1.14694
1.15934
1.16893
1.17402
1.17403
1.16915
1.15997
1.14718
1.1315
1.11386
1.09556
1.07849
1.06494
1.05709
1.05633
1.06266
1.0747
1.08988
1.10516
1.1175
1.12445
1.12474
1.1188
1.10872
1.09747
1.08774
1.08085
1.0764
1.07269
1.06752
1.05909
1.04669
1.03108
1.01429
0.998889
0.986959
0.979445
0.976111
0.976214
0.979215
0.98515
0.994524
1.00789
1.02533
1.04614
1.06872
1.09081
1.11
1.12431
1.1327
1.13538
1.13372
1.12978
1.12539
1.12132
1.11724
1.11254
1.10715
1.10202
1.09876
1.09892
1.10303
1.11019
1.11838
1.12534
1.12937
1.12963
1.12622
1.12011
1.11299
1.10697
1.10399
1.10518
1.11048
1.11875
1.12814
1.13662
1.14232
1.14396
1.14099
1.13366
1.12295
1.11042
1.09777
1.08654
1.07812
1.07389
1.07494
1.08142
1.09176
1.10283
1.1115
1.11634
1.11801
1.11849
1.11963
1.12217
1.12535
1.12734
1.1261
1.12038
1.11052
1.09839
1.08669
1.07785
1.0735
1.07454
1.08128
1.09328
1.10925
1.12709
1.14431
1.15846
1.16756
1.17051
1.16744
1.15995
1.15051
1.14113
1.1322
1.12257
1.111
1.09748
1.08359
1.07192
1.06493
1.06409
1.06936
1.07938
1.09227
1.10639
1.12069
1.13451
1.14698
1.15661
1.1613
1.15887
1.1479
1.1285
1.10307
1.07671
1.05633
1.04782
1.05281
1.06848
1.08995
1.11271
1.1333
1.14925
1.15882
1.16098
1.15532
1.14227
1.12321
1.10062
1.07774
1.05773
1.04295
1.03452
1.03263
1.03697
1.04721
1.06271
1.08232
1.10418
1.12615
1.1462
1.16285
1.17519
1.18282
1.18559
1.18353
1.17672
1.1652
1.14912
1.12884
1.10512
1.07937
1.05377
1.03119
1.01446
1.00557
1.00511
1.01226
1.02539
1.04265
1.06241
1.08319
1.10371
1.12278
1.1394
1.15275
1.1623
1.16772
1.16878
1.16531
1.15731
1.14539
1.1312
1.11755
1.10801
1.10581
1.11225
1.12572
1.14232
1.15775
1.16893
1.17449
1.17433
1.16918
1.16025
1.1489
1.13628
1.12305
1.10951
1.09604
1.08334
1.07243
1.06429
1.05955
1.05836
1.06038
1.06483
1.07066
1.07659
1.08139
1.08424
1.08522
1.08561
1.08744
1.09226
1.10016
1.11004
1.12064
1.1313
1.14196
1.15273
1.16366
1.17463
1.18504
1.19358
1.19836
1.19766
1.19075
1.17831
1.16241
1.14581
1.13111
1.1199
1.11245
1.10793
1.10524
1.10349
1.10212
1.10063
1.09835
1.09451
1.08857
1.08052
1.0709
1.06066
1.05068
1.04159
1.03374
1.02741
1.02288
1.02029
1.01955
1.02041
1.02261
1.026
1.0306
1.03652
1.04363
1.05137
1.05867
1.0644
1.06789
1.06939
1.06988
1.07022
1.07052
1.07041
1.06968
1.06865
1.06797
1.06833
1.07008
1.07322
1.07752
1.08277
1.08867
1.09462
1.09957
1.10244
1.10272
1.10124
1.1003
1.10274
1.11016
1.12167
1.13415
1.14383
1.14782
1.14492
1.13576
1.12262
1.10869
1.09698
1.08912
1.08524
1.08502
1.08883
1.0978
1.11257
1.1322
1.1541
1.17516
1.19285
1.20554
1.2122
1.21217
1.20554
1.19377
1.1796
1.16594
1.15428
1.14423
1.13456
1.12426
1.11291
1.10051
1.08735
1.07403
1.06139
1.05029
1.04138
1.03503
1.03168
1.03188
1.03597
1.04361
1.05391
1.06573
1.07813
1.09031
1.10158
1.11134
1.11912
1.12461
1.12776
1.12867
1.12755
1.12467
1.12032
1.11487
1.1087
1.10214
1.09537
1.08833
1.08081
1.07262
1.06389
1.05515
1.04733
1.04162
1.0392
1.04089
1.04676
1.05582
1.06613
1.07533
1.0814
1.08323
1.08082
1.07503
1.06713
1.05848
1.0504
1.04422
1.04139
1.0433
1.05077
1.06355
1.08017
1.09846
1.11649
1.1331
1.14783
1.16053
1.17094
1.17849
1.18246
1.18232
1.17792
1.16965
1.1583
1.14493
1.1308
1.11751
1.10682
1.10029
1.09867
1.10144
1.10702
1.11344
1.11896
1.12253
1.1239
1.12378
1.12382
1.12601
1.13164
1.14054
1.15112
1.16115
1.16859
1.1721
1.17128
1.16664
1.15919
1.14996
1.13977
1.12948
1.12018
1.11292
1.10809
1.1052
1.1032
1.10124
1.09897
1.09651
1.09427
1.093
1.0937
1.0973
1.10416
1.11373
1.12455
1.13456
1.14153
1.14383
1.14117
1.13515
1.12912
1.12718
1.13235
1.14514
1.16321
1.18264
1.19971
1.21183
1.21777
1.21728
1.21088
1.19976
1.18569
1.17069
1.15659
1.14469
1.13574
1.13001
1.12721
1.12657
1.12706
1.12769
1.12769
1.12658
1.12412
1.12022
1.11481
1.10782
1.09929
1.08947
1.07913
1.06986
1.06365
1.06155
1.06249
1.06347
1.06133
1.05442
1.04326
1.03004
1.01746
1.0078
1.00257
1.00277
1.00919
1.0221
1.04074
1.06306
1.08623
1.10755
1.12517
1.13843
1.14765
1.15389
1.15841
1.162
1.16458
1.1653
1.16305
1.15705
1.14721
1.13437
1.12022
1.10723
1.09807
1.09472
1.0976
1.10525
1.11497
1.12389
1.12979
1.13137
1.12804
1.11976
1.10696
1.0905
1.07185
1.05314
1.03702
1.02615
1.02231
1.02563
1.03473
1.04784
1.06368
1.08149
1.10036
1.11892
1.13555
1.14881
1.15771
1.16182
1.1614
1.15745
1.15153
1.14528
1.13994
1.13595
1.13298
1.13015
1.12656
1.12167
1.11549
1.10848
1.10154
1.09616
1.09431
1.09756
1.10603
1.11805
1.13112
1.14308
1.15258
1.15881
1.16142
1.1604
1.15613
1.14933
1.14099
1.13216
1.12369
1.11604
1.1093
1.10334
1.09806
1.09335
1.08908
1.08498
1.08065
1.07581
1.07051
1.06523
1.06068
1.05745
1.05581
1.05568
1.05671
1.05837
1.06033
1.06281
1.06639
1.0713
1.07702
1.08226
1.08525
1.08432
1.07857
1.06844
1.05583
1.04371
1.03545
1.03392
1.04065
1.05511
1.07492
1.09673
1.11733
1.13451
1.14712
1.15474
1.15703
1.15342
1.14319
1.12593
1.10206
1.07314
1.04164
1.0103
0.981365
0.956184
0.935511
0.920078
0.910838
0.908753
0.914067
0.925937
0.942725
0.962662
0.984209
1.00588
1.02573
1.04125
1.04983
1.0496
1.04017
1.02314
1.00206
0.981865
0.967717
0.963462
0.970505
0.987513
1.01115
1.03726
1.06199
1.08266
1.09792
1.10757
1.11215
1.11274
1.1108
1.10751
1.10308
1.09683
1.0881
1.07719
1.06545
1.05481
1.04703
1.04309
1.04304
1.04619
1.05155
1.05803
1.06454
1.06997
1.07328
1.07365
1.07074
1.06478
1.05648
1.04698
1.03769
1.03023
1.02636
1.02766
1.03504
1.0481
1.06509
1.0833
1.09976
1.11198
1.11831
1.11803
1.11129
1.09939
1.085
1.07205
1.06465
1.0654
1.07418
1.08844
1.10469
1.11991
1.1319
1.13916
1.14047
1.13501
1.12316
1.10744
1.09281
1.08429
1.08344
1.08763
1.09293
1.09678
1.09856
1.0988
1.09844
1.0982
1.09832
1.09867
1.09902
1.0994
1.10011
1.10157
1.10409
1.10781
1.1126
1.11813
1.12388
1.12938
1.13425
1.13829
1.14133
1.14304
1.14272
1.13938
1.13203
1.12015
1.10436
1.08753
1.07501
1.07193
1.07825
1.08825
1.09565
1.09782
1.09563
1.09155
1.08773
1.08506
1.08313
1.08077
1.07695
1.07145
1.06509
1.05961
1.057
1.05883
1.06573
1.07714
1.09148
1.10671
1.12084
1.13239
1.14056
1.14519
1.14673
1.14614
1.14474
1.14382
1.14406
1.14534
1.14684
1.14747
1.14624
1.14231
1.13492
1.12332
1.10721
1.08726
1.06557
1.0456
1.03122
1.02542
1.02906
1.04041
1.05588
1.07144
1.08395
1.09184
1.09521
1.09541
1.09439
1.09407
1.09578
1.10006
1.10664
1.11482
1.12378
1.13267
1.14065
1.14689
1.15083
1.15262
1.15314
1.1535
1.15412
1.15428
1.15241
1.14709
1.13782
1.12534
1.11125
1.09752
1.08588
1.07718
1.07116
1.06678
1.06292
1.05897
1.05509
1.05209
1.05103
1.05271
1.05735
1.06458
1.0736
1.08346
1.09327
1.10249
1.1111
1.11945
1.12777
1.13564
1.14171
1.14405
1.14104
1.13234
1.11969
1.10664
1.09707
1.09319
1.09469
1.09974
