1.01
1.01001
1.01002
1.01003
1.01004
1.01006
1.01008
1.01011
1.01014
1.01017
1.01021
1.01025
1.0103
1.01034
1.01039
1.01045
1.01051
1.01057
1.01064
1.01071
1.01078
1.01086
1.01095
1.01103
1.01112
1.01122
1.01132
1.01142
1.01153
1.01165
1.01177
1.01189
1.01202
1.01215
1.01229
1.01243
1.01258
1.01273
1.01289
1.01306
1.01323
1.01341
1.01359
1.01378
1.01397
1.01417
1.01438
1.0146
1.01482
1.01505
1.01529
1.01553
1.01579
1.01605
1.01632
1.0166
1.01689
1.01718
1.01749
1.01781
1.01814
1.01848
1.01883
1.0192
1.01957
1.01996
1.02037
1.02078
1.02122
1.02166
1.02213
1.02261
1.02311
1.02362
1.02416
1.02472
1.0253
1.0259
1.02652
1.02717
1.02785
1.02855
1.02928
1.03005
1.03084
1.03167
1.03253
1.03343
1.03437
1.03536
1.03638
1.03746
1.03858
1.03975
1.04098
1.04226
1.0436
1.045
1.04646
1.04799
1.04958
1.05125
1.05297
1.05477
1.05662
1.05853
1.06049
1.06249
1.0645
1.06651
1.06848
1.07037
1.07213
1.07368
1.07495
1.07583
1.07622
1.07603
1.07516
1.07359
1.07138
1.06872
1.06594
1.06348
1.06185
1.06145
1.06253
1.06506
1.06882
1.07338
1.07826
1.08298
1.08712
1.09039
1.09267
1.09405
1.09485
1.09555
1.09671
1.09881
1.1021
1.10647
1.11155
1.11679
1.12165
1.12571
1.12871
1.13057
1.13134
1.13118
1.13032
1.12904
1.12758
1.12614
1.12483
1.12365
1.12257
1.12153
1.12049
1.11942
1.1183
1.11712
1.11589
1.11476
1.11392
1.11369
1.11435
1.11605
1.11882
1.12254
1.12698
1.13188
1.13694
1.14189
1.14644
1.15036
1.15347
1.15566
1.15691
1.15728
1.1569
1.15597
1.15474
1.15347
1.15244
1.15186
1.15187
1.15256
1.15387
1.1557
1.15788
1.16022
1.16253
1.16466
1.16649
1.16796
1.16908
1.1699
1.17049
1.17096
1.17138
1.1718
1.17223
1.17266
1.17304
1.17335
1.17359
1.17376
1.17391
1.17408
1.17432
1.17464
1.17504
1.1755
1.176
1.1765
1.17699
1.17748
1.178
1.17858
1.17926
1.18006
1.18101
1.18211
1.18335
1.18468
1.18606
1.18744
1.18875
1.18994
1.19094
1.19172
1.19223
1.19243
1.1923
1.19184
1.19106
1.19
1.18875
1.18745
1.18624
1.1853
1.18477
1.18473
1.18517
1.186
1.18704
1.18807
1.18887
1.18926
1.18909
1.18828
1.18683
1.18482
1.18243
1.17997
1.17784
1.17648
1.17629
1.1775
1.18013
1.18392
1.18845
1.19315
1.1975
1.201
1.20325
1.20393
1.20282
1.19987
1.19532
1.18984
1.18453
1.1808
1.17981
1.18194
1.18666
1.19276
1.19892
1.20412
1.20772
1.20944
1.20921
1.20711
1.20332
1.19813
1.19193
1.18526
1.17876
1.17308
1.16878
1.16628
1.16576
1.16722
1.17041
1.17486
1.18001
1.18526
1.19016
1.1944
1.19789
1.20063
1.20275
1.20437
1.2056
1.20655
1.2073
1.20789
1.20839
1.20883
1.20925
1.20967
1.21012
1.2106
1.21111
1.21165
1.21221
1.21274
1.21323
1.21362
1.21386
1.21389
1.21365
1.21304
1.21199
1.21038
1.20814
1.20516
1.20139
1.19685
1.19168
1.18623
1.18106
1.17685
1.17427
1.17366
1.17494
1.1776
1.18094
1.1843
1.18723
1.18948
1.19101
1.19188
1.19226
1.19229
1.19215
1.19199
1.1919
1.19194
1.19211
1.19237
1.19263
1.1928
1.1928
1.19262
1.19229
1.19194
1.19173
1.19183
1.19235
1.19329
1.19458
1.19607
1.19757
1.19895
1.20011
1.20101
1.20164
1.20202
1.20217
1.20211
1.20185
1.2014
1.20079
1.20002
1.19914
1.19819
1.19723
1.19633
1.19553
1.19489
1.19444
1.19419
1.19411
1.19415
1.19424
1.19428
1.19418
1.1938
1.19303
1.19171
1.18971
1.18685
1.18302
1.17813
1.17218
1.16536
1.15804
1.15089
1.14472
1.14038
1.13849
1.13926
1.14242
1.14743
1.15362
1.16035
1.16708
1.17336
1.17891
1.18354
1.18723
1.19004
1.19212
1.19361
1.19465
1.19533
1.19567
1.19566
1.19527
1.19442
1.19307
1.19117
1.18872
1.18576
1.18242
1.17889
1.17546
1.17241
1.17003
1.16843
1.1676
1.16736
1.16751
1.16787
1.16837
1.16902
1.16988
1.17093
1.17213
1.1733
1.17427
1.17485
1.17493
1.17444
1.17343
1.17199
1.17031
1.16862
1.16716
1.16613
1.1657
1.1659
1.16668
1.16793
1.16948
1.17116
1.17284
1.17444
1.17589
1.17718
1.1783
1.17926
1.1801
1.18083
1.18148
1.18205
1.18257
1.18305
1.18349
1.1839
1.18427
1.1846
1.18489
1.18512
1.1853
1.18542
1.18546
1.18542
1.1853
1.1851
1.18483
1.18451
1.18415
1.18377
1.18343
1.18313
1.18292
1.18282
1.18282
1.18293
1.18311
1.18331
1.18349
1.18361
1.1836
1.18346
1.18315
1.1827
1.18212
1.18145
1.18075
1.18007
1.17947
1.17903
1.17882
1.17894
1.17948
1.1805
1.18202
1.18399
1.18631
1.18882
1.19132
1.19364
1.19564
1.1972
1.19827
1.19884
1.19894
1.19865
1.19804
1.19722
1.19631
1.1954
1.19459
1.19392
1.19343
1.19313
1.19301
1.19304
1.19317
1.19336
1.19354
1.19369
1.1938
1.19388
1.19401
1.19428
1.19478
1.19559
1.19673
1.19817
1.19979
1.20146
1.20305
1.20442
1.20551
1.20631
1.20686
1.20722
1.2075
1.2078
1.20823
1.20883
1.20963
1.21059
1.2116
1.21255
1.21325
1.21355
1.21328
1.21229
1.21054
1.20807
1.20507
1.2019
1.19906
1.19707
1.19629
1.19679
1.19832
1.20043
1.20263
1.20445
1.20558
1.20581
1.20507
1.20338
1.20087
1.19774
1.19433
1.19103
1.18827
1.18646
1.18593
1.18681
1.18906
1.19242
1.19653
1.20093
1.20522
1.209
1.21198
1.21395
1.21476
1.21436
1.21278
1.21012
1.2066
1.20252
1.19824
1.19411
1.19035
1.18707
1.18422
1.18173
1.17964
1.1782
1.1778
1.17883
1.18142
1.18536
1.1901
1.195
1.19951
1.20325
1.20603
1.2078
1.20856
1.20837
1.20733
1.20561
1.20346
1.2012
1.19919
1.19771
1.1969
1.19672
1.19692
1.19719
1.19719
1.19666
1.19542
1.19339
1.19061
1.18725
1.18361
1.18017
1.17743
1.17582
1.17552
1.17638
1.17801
1.17991
1.18165
1.18296
1.18373
1.18395
1.18373
1.18318
1.18243
1.1816
1.18075
1.17995
1.17917
1.17842
1.17763
1.17675
1.17576
1.17465
1.17344
1.17221
1.17107
1.17014
1.16956
1.16942
1.16979
1.17066
1.17199
1.17366
1.17556
1.17757
1.17956
1.18146
1.18319
1.18474
1.18609
1.18726
1.18828
1.18917
1.18997
1.19068
1.1913
1.19177
1.19202
1.19191
1.19126
1.18984
1.18744
1.18387
1.17914
1.17357
1.1679
1.16323
1.16062
1.16053
1.16244
1.16507
1.16691
1.16683
1.16439
1.15998
1.15473
1.15025
1.14811
1.14933
1.15399
1.16133
1.17012
1.17907
1.18722
1.19399
1.19912
1.2026
1.20452
1.20506
1.20438
1.20268
1.2001
1.19683
1.19303
1.18891
1.18474
1.18086
1.17767
1.17555
1.17469
1.17502
1.17624
1.17796
1.1799
1.1819
1.18394
1.18601
1.18805
1.18996
1.19161
1.19288
1.19375
1.19424
1.19444
1.1945
1.19455
1.19472
1.19511
1.19575
1.19662
1.19766
1.19879
1.19994
1.20103
1.202
1.20282
1.20344
1.20387
1.20409
1.20411
1.20393
1.20356
1.20302
1.20233
1.20153
1.20067
1.19979
1.19897
1.19828
1.19777
1.19752
1.19757
1.19794
1.19864
1.19966
1.20096
1.20249
1.2042
1.20604
1.20794
1.20986
1.21172
1.21346
1.215
1.21627
1.21718
1.21764
1.21758
1.21695
1.21577
1.2141
1.21205
1.20979
1.2075
1.20531
1.20333
1.2016
1.20014
1.19899
1.19822
1.19795
1.19833
1.19951
1.20153
1.20435
1.20779
1.21156
1.21534
1.21882
1.22177
1.22405
1.22561
1.22651
1.22687
1.22685
1.22662
1.22635
1.22617
1.22616
1.22634
1.22667
1.22708
1.22751
1.22784
1.22799
1.22784
1.22725
1.22605
1.22402
1.22096
1.2167
1.2113
1.20511
1.19896
1.19407
1.19165
1.19233
1.19583
1.20111
1.20692
1.2123
1.21674
1.2201
1.22247
1.22404
1.22499
1.22546
1.22554
1.2253
1.22477
1.22397
1.22294
1.22173
1.22039
1.21898
1.21756
1.21616
1.21481
1.21354
1.21236
1.21125
1.21023
1.20929
1.20842
1.20764
1.20692
1.20628
1.20572
1.20524
1.20487
1.20461
1.20448
1.20449
1.20466
1.20497
1.20542
1.20597
1.20661
1.2073
1.20802
1.20874
1.20944
1.21011
1.21075
1.21135
1.21192
1.21247
1.21298
1.21347
1.21394
1.21439
1.21482
1.21523
1.21561
1.21597
1.21629
1.21658
1.21681
1.21697
1.21704
1.217
1.21679
1.21639
1.21574
1.21477
1.21343
1.21165
1.2094
1.20665
1.20346
1.19993
1.19628
1.19278
1.18975
1.18748
1.18619
1.18588
1.18643
1.18753
1.18884
1.19003
1.19084
1.19111
1.19082
1.19002
1.18883
1.18744
1.18604
1.18483
1.18399
1.18363
1.18377
1.18435
1.18525
1.18633
1.18748
1.18866
1.18991
1.19129
1.19287
1.19467
1.19661
1.19856
1.20031
1.20166
1.20241
1.20239
1.20148
1.19962
1.19685
1.19335
1.18952
1.18594
1.18324
1.18193
1.18215
1.18362
1.18582
1.18814
1.19014
1.19161
1.1925
1.19293
1.19305
1.19302
1.19294
1.19286
1.19278
1.19265
1.19238
1.19192
1.19122
1.1903
1.18921
1.18806
1.187
1.18622
1.18587
1.18606
1.18684
1.18814
1.18985
1.19182
1.19389
1.19593
1.19781
1.19949
1.20092
1.20208
1.20298
1.20362
1.20402
1.20418
1.20412
1.20386
1.20344
1.20289
1.20228
1.20168
1.20116
1.20081
