1.19992
1.20014
1.20074
1.20176
1.20321
1.20507
1.20726
1.20965
1.21208
1.21431
1.21612
1.21724
1.21741
1.2164
1.214
1.21014
1.20502
1.19916
1.19347
1.18893
1.1862
1.18522
1.18527
1.18551
1.18544
1.18521
1.18545
1.18687
1.18983
1.19417
1.1993
1.20453
1.20934
1.21343
1.21673
1.21928
1.22117
1.22249
1.22331
1.22371
1.22375
1.2235
1.22302
1.22236
1.22166
1.22111
1.22094
1.22131
1.22214
1.22298
1.22314
1.2219
1.21871
1.21344
1.20639
1.19833
1.19037
1.18367
1.17916
1.17729
1.17794
1.18056
1.18442
1.18884
1.19336
1.1978
1.20221
1.2067
1.21124
1.21559
1.21934
1.22212
1.22367
1.22397
1.22318
1.22163
1.2197
1.2178
1.21621
1.21511
1.21454
1.21442
1.21461
1.21499
1.21545
1.21592
1.21637
1.2168
1.2172
1.21758
1.21792
1.2182
1.21842
1.21856
1.21862
1.21861
1.21855
1.21846
1.21836
1.21827
1.2182
1.21812
1.21802
1.21783
1.21749
1.21696
1.21623
1.21532
1.21433
1.2134
1.21266
1.21222
1.21205
1.21205
1.21202
1.21184
1.21147
1.21104
1.21082
1.21109
1.21204
1.21365
1.2157
1.21784
1.21976
1.2212
1.22202
1.22218
1.22173
1.22076
1.21942
1.21788
1.21633
1.21495
1.2139
1.21324
1.21295
1.21288
1.2128
1.21243
1.2115
1.20983
1.20736
1.20423
1.20079
1.19752
1.19499
1.19366
1.19379
1.19532
1.19797
1.20131
1.20488
1.20832
1.2114
1.21402
1.21615
1.21786
1.2192
1.22023
1.22097
1.22141
1.2215
1.22119
1.22038
1.21903
1.21715
1.21485
1.2124
1.2102
1.2087
1.20827
1.20905
1.21086
1.21334
1.21604
1.21858
1.22071
1.22235
1.2235
1.22424
1.22467
1.22488
1.22494
1.22491
1.22484
1.22475
1.22465
1.22457
1.22451
1.22449
1.22452
1.22463
1.22482
1.2251
1.22548
1.22594
1.22644
1.22695
1.22738
1.22766
1.22769
1.22735
1.22653
1.22509
1.22294
1.22004
1.21643
1.21228
1.20791
1.2037
1.20006
1.19725
1.1954
1.19451
1.19451
1.19537
1.19698
1.19919
1.20174
1.20436
1.20676
1.20879
1.21037
1.2115
1.21224
1.21264
1.21275
1.21259
1.2122
1.2116
1.21086
1.21008
1.20938
1.2089
1.20876
1.20901
1.20964
1.21054
1.21161
1.21268
1.21365
1.21442
1.21494
1.2152
1.21518
1.2149
1.21436
1.21356
1.21249
1.21112
1.20941
1.20735
1.20492
1.2022
1.19934
1.1966
1.19436
1.19302
1.1929
1.19409
1.19645
1.19961
1.20314
1.20662
1.20978
1.21247
1.21463
1.21631
1.21756
1.21847
1.21911
1.21955
1.21982
1.21993
1.2199
1.2197
1.21932
1.21877
1.21807
1.21728
1.21646
1.21574
1.21521
1.21495
1.21502
1.21539
1.21602
1.2168
1.21765
1.21844
1.2191
1.21955
1.21975
1.21965
1.21924
1.21852
1.21753
1.21632
1.21498
1.21364
1.21242
1.21149
1.21098
1.21098
1.21156
1.2127
1.21433
1.21632
1.21849
1.22061
1.22242
1.22363
1.22395
1.22316
1.22118
1.21823
1.21493
1.21227
1.21136
1.21286
1.21664
1.22179
1.22712
1.23154
1.23433
1.23504
1.23339
1.22925
1.22267
1.21405
1.20439
1.19533
1.18874
1.18601
1.18738
1.19202
1.19855
1.20569
1.2125
1.21841
1.22317
1.22673
1.22913
1.23051
1.231
1.23075
1.2299
1.22858
1.22693
1.22507
1.22311
1.2212
1.21943
1.21788
1.21661
1.2156
1.2148
1.21409
1.21335
1.2124
1.21109
1.20928
1.20693
1.2041
1.20103
1.19811
1.19584
1.1947
1.19491
1.19642
1.19889
1.20186
1.20489
1.2077
1.21015
1.21221
1.21391
1.21534
1.21656
1.21762
1.21857
1.21942
1.2202
1.2209
1.22153
1.22209
1.22255
1.22292
1.22316
1.22326
1.22318
1.2229
1.22237
1.22158
1.22051
1.21917
1.21762
1.21594
1.21426
1.21269
1.21133
1.21018
1.20917
1.20809
1.20667
1.20469
1.202
1.19869
1.1951
1.19182
1.18951
1.18868
1.18941
1.19139
1.19403
1.19672
1.19906
1.20088
1.20218
1.20315
1.20397
1.20486
1.20594
1.20728
1.20883
1.21053
1.21226
1.21396
1.21555
1.21701
1.21835
1.21958
1.22072
1.2218
1.22283
1.2238
1.2247
1.2255
1.22615
1.22659
1.22678
1.22664
1.22608
1.22505
1.22348
1.22133
1.21859
1.21535
1.21174
1.20805
1.20461
1.20178
1.19984
1.19888
1.1988
1.19929
1.19993
1.20034
1.20028
1.19967
1.19866
1.19758
1.19685
1.19685
1.19775
1.19952
1.20187
1.20444
1.20682
1.2087
1.20986
1.21023
1.20987
1.20897
1.2078
1.20671
1.20601
1.2059
1.20645
1.20752
1.20886
1.21015
1.21106
1.21135
1.21084
1.20951
1.20749
1.20505
1.20259
1.20055
1.19932
1.19912
1.19998
1.20173
1.2041
1.20679
1.20957
1.21227
1.21479
1.21701
1.21883
1.22014
1.22087
1.22098
1.2205
1.21955
1.21824
1.2167
1.21501
1.21321
1.21129
1.20923
1.20706
1.20486
1.20279
1.20109
1.20004
1.19988
1.20077
1.20262
1.20519
1.20805
1.21074
1.21291
1.2143
1.21488
1.21477
1.21425
1.21368
1.21343
1.21379
1.21492
1.21675
1.21905
1.22149
1.22375
1.22557
1.22683
1.22753
1.22778
1.22775
1.22764
1.22763
1.22783
1.22823
1.22878
1.22935
1.22981
1.23005
1.22999
1.2296
1.22889
1.22792
1.2268
1.22564
1.22458
1.22375
1.22323
1.2231
1.22335
1.22396
1.22485
1.22596
1.22722
1.22856
1.2299
1.23115
1.23223
1.23301
1.2334
1.23331
1.23272
1.23163
1.23014
1.22841
1.22668
1.22521
1.22423
1.22391
1.22425
1.22516
1.22643
1.22782
1.22912
1.2302
1.23101
1.23161
1.23209
1.23259
1.2332
1.23394
1.23478
1.23559
1.23623
1.23657
1.23652
1.23605
1.2352
1.23408
1.23281
1.23151
1.23026
1.22908
1.22787
1.22642
1.22445
1.22165
1.21792
1.21354
1.20937
1.20667
1.20663
1.20967
1.21512
1.22171
1.22814
1.2336
1.23777
1.24069
1.24256
1.24362
1.24408
1.24409
1.24378
1.24318
1.24232
1.24116
1.23964
1.2377
1.23525
1.23222
1.22858
1.22432
1.21956
1.2145
1.20945
1.20482
1.20103
1.1984
1.19709
1.19699
1.19778
1.19902
1.20027
1.20125
1.20192
1.2025
1.20341
1.2051
1.20785
1.21157
1.21584
1.22003
1.22352
1.22583
1.22664
1.22583
1.22344
1.21973
1.21525
1.21076
1.20716
1.20519
1.20512
1.20666
1.20914
1.21178
1.21392
1.2151
1.21502
1.21346
1.21025
1.20522
1.19831
1.18972
1.18017
1.17106
1.1642
1.16108
1.16198
1.16587
1.1711
1.17626
1.18056
1.18378
1.186
1.1874
1.18814
1.18834
1.18804
1.18728
1.18612
1.18467
1.18312
1.18172
1.18074
1.18038
1.18071
1.18166
1.18303
1.18456
1.18598
1.1871
1.18777
1.18793
1.18758
1.18675
1.1855
1.18392
1.18213
1.18025
1.17842
1.17675
1.17536
1.17431
1.17363
1.17334
1.17342
1.17388
1.17469
1.17585
1.17729
1.17896
1.18075
1.18255
1.18425
1.18576
1.187
1.18792
1.18852
1.1888
1.18882
1.18864
1.18834
1.18802
1.18777
1.18764
1.18765
1.18777
1.18793
1.18802
1.18791
1.18746
1.18655
1.18509
1.18303
1.18044
1.17746
1.17437
1.17152
1.16924
1.16772
1.16699
1.1669
1.16723
1.16779
1.16845
1.16914
1.16987
1.17063
1.17151
1.17258
1.17394
1.17565
1.1777
1.18002
1.18247
1.18492
1.18724
1.18937
1.19128
1.19297
1.1945
1.19589
1.19718
1.1984
1.19956
1.20066
1.20168
1.2026
1.20338
1.20398
1.20435
1.20444
1.20417
1.20346
1.20223
1.20039
1.19791
1.19483
1.19131
1.18764
1.18425
1.18161
1.18006
1.17974
1.18052
1.18211
1.18419
1.18647
1.18875
1.19086
1.19262
1.19387
1.19443
1.19421
1.19323
1.19165
1.18982
1.18818
1.18721
1.18725
1.1884
1.19046
1.19307
1.19585
1.1985
1.20085
1.20287
1.20459
1.20612
1.20753
1.20886
1.21015
1.21138
1.21252
1.2135
1.21429
1.21482
1.21506
1.21496
1.21447
1.21358
1.21224
1.21042
1.2081
1.20529
1.20202
1.19835
1.19439
1.19031
1.18634
1.18275
1.17987
1.17804
1.17755
1.17854
1.18096
1.18456
1.18892
1.1936
1.19823
1.20255
1.20645
1.20986
1.21276
1.21512
1.2168
1.21755
1.21694
1.21433
1.20889
1.19986
1.18733
1.17334
1.16253
1.15994
1.16681
1.17938
1.19244
1.2028
1.20973
1.21383
1.21603
1.21716
1.21779
1.2183
1.21888
1.21959
1.22045
1.2214
1.2224
1.2234
1.22435
1.22523
1.226
1.22666
1.22717
1.22751
1.22765
1.22754
1.22713
1.22636
1.22517
1.22354
1.22147
1.21904
1.21641
1.21386
1.2117
1.21026
1.20974
1.21019
1.21145
1.21324
1.21525
1.21724
1.21904
1.22057
1.22185
1.2229
1.2238
1.22461
1.22537
1.22611
1.22683
1.22752
1.22817
1.22874
1.22922
1.2296
1.22988
1.23006
1.23019
1.23031
1.23046
1.23069
1.23107
1.23163
1.23241
1.23341
1.23462
1.236
1.2375
1.23905
1.24056
1.24194
1.24309
1.2439
1.24425
1.24403
1.2431
1.24136
1.23876
1.23534
1.23134
1.2272
1.22356
1.22107
1.22018
1.22093
1.22297
1.22572
1.22862
1.23126
1.23341
1.23503
1.23613
1.23678
1.23705
1.237
1.2367
1.23619
1.2355
1.23468
1.23376
1.23277
1.23172
1.23061
1.22944
1.22823
1.22702
1.22588
1.22492
1.22427
1.22398
1.22407
1.22445
1.22495
1.22535
1.22541
1.22495
1.22386
1.22218
1.22014
1.21811
1.21657
1.21596
1.21656
1.21835
1.22105
1.22421
1.22734
1.23003
1.23201
1.23314
1.23339
1.23281
1.23149
