1.10634
1.11294
1.11832
1.12157
1.12221
1.12049
1.11757
1.11522
1.11497
1.11714
1.12042
1.12237
1.12037
1.11269
1.09906
1.08083
1.06074
1.04205
1.02757
1.01905
1.01713
1.02189
1.0331
1.0501
1.07172
1.09637
1.1222
1.14714
1.16903
1.18581
1.19591
1.19853
1.19379
1.18262
1.16649
1.14716
1.12639
1.10587
1.087
1.071
1.05892
1.05162
1.04958
1.05247
1.05883
1.06638
1.07279
1.07637
1.0763
1.07243
1.06508
1.05468
1.04174
1.0268
1.01072
0.994894
0.981436
0.972733
0.970478
0.974798
0.984227
0.996741
1.01092
1.02641
1.04363
1.06289
1.08389
1.10556
1.12647
1.14516
1.16046
1.17152
1.17767
1.17838
1.17308
1.16137
1.14346
1.12075
1.0964
1.07507
1.06158
1.05893
1.0669
1.08227
1.1004
1.1172
1.13013
1.13839
1.14235
1.14304
1.14181
1.14011
1.13907
1.13912
1.13975
1.13975
1.13789
1.13372
1.12812
1.12277
1.11898
1.11672
1.11514
1.11344
1.11124
1.10831
1.1045
1.09964
1.09377
1.08724
1.08092
1.07594
1.07331
1.07351
1.07632
1.08066
1.08463
1.08615
1.08378
1.0773
1.06749
1.05569
1.04318
1.03101
1.01998
1.01073
1.00386
0.99981
0.998973
1.002
1.00984
1.02328
1.04198
1.06424
1.08771
1.11016
1.12995
1.14597
1.15763
1.16476
1.1677
1.16712
1.16395
1.15915
1.15356
1.14779
1.14227
1.13726
1.13302
1.12978
1.12767
1.12654
1.12561
1.12338
1.11796
1.10762
1.09159
1.07074
1.04787
1.02723
1.013
1.0075
1.01036
1.01913
1.03086
1.04325
1.05496
1.06509
1.07279
1.07734
1.07862
1.07758
1.07598
1.07545
1.07654
1.07867
1.08072
1.0817
1.08087
1.0777
1.07194
1.06404
1.05524
1.04727
1.04168
1.03923
1.03978
1.04244
1.04598
1.0492
1.05123
1.05168
1.05073
1.0493
1.04888
1.05106
1.05705
1.06719
1.08069
1.09556
1.10909
1.1184
1.1213
1.11686
1.10586
1.09092
1.07583
1.0642
1.05803
1.05723
1.06028
1.06516
1.07016
1.0742
1.07695
1.07866
1.08
1.08201
1.08619
1.09427
1.10708
1.12346
1.14048
1.15484
1.16419
1.16746
1.16456
1.15606
1.1428
1.12577
1.10596
1.08434
1.06213
1.04108
1.02371
1.01302
1.0114
1.01928
1.03441
1.05278
1.07046
1.08524
1.09695
1.10643
1.1143
1.12016
1.12275
1.12076
1.11351
1.10143
1.0862
1.07043
1.05712
1.04892
1.04744
1.0531
1.06508
1.08171
1.1006
1.11877
1.1329
1.13976
1.13697
1.12382
1.10226
1.07711
1.05454
1.03931
1.03307
1.035
1.04321
1.0556
1.07008
1.08462
1.09737
1.10672
1.11151
1.11123
1.10624
1.09769
1.08732
1.07715
1.06928
1.06577
1.06845
1.07829
1.09482
1.11597
1.13868
1.15964
1.17593
1.18525
1.1863
1.17902
1.16473
1.14601
1.12635
1.10969
1.09954
1.09803
1.10498
1.11776
1.1324
1.145
1.15269
1.15372
1.14726
1.13318
1.11213
1.0858
1.05714
1.03017
1.00952
0.999431
1.00244
1.01818
1.04297
1.07089
1.09575
1.1131
1.12115
1.1206
1.11377
1.10352
1.09235
1.08221
1.07433
1.06936
1.06732
1.06771
1.06971
1.07247
1.07536
1.07807
1.08043
1.08208
1.08255
1.08158
1.07942
1.07684
1.07489
1.07447
1.07585
1.07851
1.08135
1.08316
1.08316
1.08128
1.078
1.07412
1.07036
1.06728
1.0653
1.06464
1.06548
1.06808
1.07293
1.0806
1.0913
1.1044
1.11842
1.13134
1.14126
1.14692
1.14792
1.14454
1.13754
1.12785
1.11655
1.10485
1.09414
1.08574
1.08078
1.07982
1.08273
1.08868
1.09623
1.1032
1.10689
1.10478
1.09544
1.07915
1.05781
1.03416
1.01104
0.990867
0.975698
0.967359
0.967164
0.975036
0.989053
1.00619
1.02356
1.03879
1.04982
1.05497
1.05345
1.04563
1.03272
1.01656
1.0001
0.988151
0.986568
0.998821
1.02305
1.05361
1.08495
1.11354
1.13752
1.15592
1.16825
1.17452
1.17541
1.17229
1.16697
1.16115
1.15616
1.15313
1.15324
1.15727
1.16456
1.17292
1.17972
1.18318
1.1828
1.17916
1.17359
1.16771
1.16298
1.16026
1.15967
1.16069
1.16263
1.16484
1.16686
1.16823
1.1685
1.16718
1.16387
1.15838
1.15086
1.14189
1.13243
1.12365
1.11653
1.1116
1.10868
1.10699
1.10545
1.1033
1.10062
1.09836
1.09793
1.10042
1.10612
1.11443
1.12421
1.13415
1.14319
1.15063
1.15619
1.15986
1.16166
1.16135
1.15841
1.15234
1.14287
1.13015
1.11466
1.09721
1.07917
1.06261
1.04981
1.04234
1.04018
1.04159
1.04416
1.04596
1.04612
1.04474
1.04261
1.04111
1.04209
1.04742
1.05815
1.07406
1.09372
1.11496
1.13538
1.15276
1.16531
1.1721
1.1734
1.17073
1.16643
1.16269
1.16055
1.15952
1.15828
1.15565
1.15106
1.14471
1.13728
1.12954
1.12213
1.11524
1.10851
1.10105
1.09184
1.08024
1.06632
1.05091
1.03538
1.02145
1.01093
1.00532
1.00541
1.01076
1.01953
1.02901
1.03651
1.04021
1.03973
1.03614
1.03157
1.02836
1.02815
1.03115
1.03608
1.04068
1.04293
1.04217
1.03947
1.037
1.03685
1.03997
1.04611
1.05436
1.06384
1.07416
1.08544
1.09812
1.11249
1.12838
1.14484
1.1602
1.17252
1.18015
1.18212
1.17829
1.16931
1.15643
1.14131
1.1257
1.11135
1.09964
1.09135
1.08643
1.08406
1.08291
1.08167
1.07979
1.07785
1.07748
1.08059
1.08807
1.09875
1.10953
1.11672
1.11761
1.11129
1.09855
1.08147
1.0632
1.04766
1.03892
1.03982
1.05048
1.068
1.08779
1.10547
1.1183
1.12567
1.12866
1.12895
1.12802
1.12698
1.12699
1.12938
1.13528
1.14495
1.15733
1.17025
1.18118
1.18815
1.1902
1.18712
1.17907
1.16637
1.14962
1.12992
1.10887
1.08803
1.0683
1.04984
1.03266
1.01728
1.00484
0.996756
0.994034
0.996709
1.00381
1.01359
1.02414
1.03393
1.04237
1.04987
1.05731
1.06536
1.07394
1.08237
1.08988
1.09591
1.10011
1.1021
1.10143
1.09774
1.09095
1.08133
1.06944
1.05619
1.04294
1.03175
1.02497
1.02429
1.02951
1.0385
1.04854
1.05761
1.0648
1.07004
1.07369
1.0764
1.07897
1.08233
1.0872
1.09389
1.1021
1.11091
1.11892
1.12462
1.12675
1.12454
1.11788
1.10737
1.09411
1.07944
1.06476
1.05143
1.0406
1.03307
1.02917
1.0287
1.03106
1.03547
1.04115
1.04757
1.05457
1.06223
1.07069
1.0798
1.08904
1.09773
1.10537
1.11176
1.11694
1.12077
1.12273
1.12216
1.1186
1.11242
1.10491
1.09783
1.09258
1.08975
1.08924
1.09068
1.09358
1.09705
1.09976
1.09998
1.0962
1.08768
1.07475
1.0586
1.04073
1.02254
1.00528
0.990317
0.979463
0.975027
0.979012
0.991811
1.01129
1.03313
1.05238
1.06508
1.06923
1.06495
1.0541
1.0397
1.02503
1.01274
1.0043
0.999889
0.998747
0.999838
1.00247
1.00661
1.01262
1.02063
1.03013
1.03991
1.04847
1.05448
1.05735
1.05768
1.05719
1.05831
1.06297
1.07165
1.0832
1.09563
1.1072
1.11695
1.1247
1.13064
1.13505
1.13827
1.14065
1.14249
1.14387
1.1445
1.14381
1.14127
1.13692
1.13153
1.12623
1.12179
1.11783
1.11291
1.10534
1.09411
1.07938
1.0625
1.04566
1.03132
1.02141
1.01688
1.01741
1.02166
1.02775
1.03378
1.03809
1.03946
1.037
1.03031
1.0196
1.00587
0.991278
0.979308
0.974269
0.979749
0.996671
1.02256
1.05277
1.08269
1.10902
1.12988
1.14439
1.15251
1.15501
1.15349
1.15004
1.14645
1.14339
1.14035
1.13622
1.13013
1.12172
1.11108
1.09851
1.08453
1.07005
1.05661
1.04624
1.04094
1.04185
1.04896
1.06134
1.07753
1.09591
1.11487
1.13304
1.14937
1.16277
1.17171
1.1742
1.16853
1.1542
1.13305
1.10969
1.09057
1.08097
1.08205
1.0912
1.10504
1.12125
1.13807
1.15315
1.16372
1.16746
1.16328
1.15152
1.13378
1.11272
1.09145
1.0727
1.05789
1.04711
1.03987
1.03571
1.03455
1.03642
1.0412
1.04863
1.05839
1.07015
1.08341
1.09728
1.11053
1.12189
1.13046
1.1361
1.13924
1.14029
1.13925
1.13589
1.13025
1.12313
1.1161
1.11091
1.10851
1.10856
1.1097
1.11032
1.10925
1.10616
1.10166
1.09703
1.09355
1.09192
1.09223
1.09427
1.09791
1.10315
1.11006
1.11871
1.12909
1.14093
1.15356
1.16595
1.17714
1.1865
1.19393
1.19975
1.20428
1.20764
1.20958
1.20978
1.20799
1.20435
1.19912
1.19244
1.18416
1.17407
1.16254
1.15087
1.14129
1.13628
1.13739
1.14429
1.15475
1.16566
1.17413
1.17823
1.17704
1.17072
1.16032
1.14744
1.13361
1.11977
1.10614
1.09244
1.07838
1.06418
1.05087
1.04026
1.03428
1.03426
1.04035
1.05153
1.06609
1.08213
1.09798
1.11236
1.12436
1.13337
1.13905
1.1413
1.14016
1.13571
1.12802
1.11724
1.10383
1.08861
1.07284
1.05811
1.0462
1.03888
1.03755
1.04274
1.05373
1.06864
1.08512
1.10113
1.1151
1.12566
1.13157
1.13192
1.1267
1.11713
1.10571
1.0954
1.08857
1.08612
1.08763
1.09206
1.09815
1.10447
1.10957
1.11211
1.11126
1.10679
1.09917
1.08956
1.0796
1.07102
1.06497
1.06158
1.05977
1.05777
1.0542
1.04938
1.04582
1.0469
1.05409
1.06569
1.07842
1.08966
1.09831
1.10428
1.10788
1.10949
1.10966
1.10911
1.10872
1.10913
1.11047
1.11218
1.11331
1.11308
1.11163
1.1103
1.11132
1.11678
1.12751
1.14253
1.15911
1.17335
1.18117
1.17936
1.16626
1.1424
1.11092
1.07768
1.05007
1.03418
1.0321
1.04135
