1.20099
1.20173
1.20226
1.20267
1.20301
1.20331
1.20356
1.20372
1.20366
1.20321
1.20217
1.20035
1.19768
1.19422
1.19027
1.18637
1.18315
1.18121
1.18084
1.18206
1.18459
1.18807
1.19218
1.19658
1.20103
1.20528
1.20915
1.21249
1.21518
1.21718
1.21843
1.21893
1.21865
1.21758
1.21572
1.21307
1.20967
1.20559
1.20096
1.19596
1.19086
1.186
1.18178
1.17861
1.1768
1.17649
1.17761
1.17988
1.18286
1.18612
1.18925
1.19199
1.19419
1.19583
1.19698
1.19776
1.19827
1.19863
1.1989
1.19908
1.19916
1.1991
1.19888
1.19848
1.1979
1.19719
1.1964
1.1956
1.19489
1.19433
1.19399
1.19391
1.19412
1.19459
1.19531
1.19622
1.19727
1.19839
1.19951
1.20059
1.20158
1.20244
1.20315
1.20369
1.20406
1.20425
1.20426
1.2041
1.20376
1.20326
1.20261
1.20184
1.20098
1.2001
1.19926
1.19856
1.19808
1.19793
1.19817
1.19884
1.19991
1.2013
1.20287
1.2044
1.20565
1.20635
1.20625
1.20516
1.20302
1.19997
1.19633
1.19265
1.18948
1.18728
1.1863
1.18658
1.18805
1.19061
1.19412
1.19838
1.20309
1.20794
1.21263
1.21694
1.22074
1.22393
1.22649
1.22841
1.22969
1.23033
1.23032
1.22961
1.22813
1.22581
1.22257
1.2184
1.21341
1.20781
1.20183
1.19564
1.18925
1.18272
1.17662
1.1723
1.17143
1.17489
1.18189
1.19043
1.19852
1.20492
1.20924
1.21164
1.21248
1.2122
1.21122
1.20996
1.20879
1.20801
1.2078
1.20816
1.209
1.21009
1.21121
1.21215
1.21279
1.21304
1.21287
1.21228
1.21131
1.20997
1.2083
1.20633
1.2041
1.20165
1.19903
1.19631
1.19359
1.19098
1.18859
1.18655
1.18497
1.18396
1.18357
1.18382
1.18467
1.18606
1.18788
1.19001
1.19237
1.19483
1.19734
1.19983
1.20225
1.20458
1.20677
1.2088
1.21064
1.21225
1.21359
1.2146
1.21519
1.21527
1.2147
1.21332
1.21094
1.20742
1.20269
1.19689
1.19044
1.18412
1.17886
1.17548
1.17433
1.17522
1.17759
1.18085
1.1845
1.18817
1.19161
1.1946
1.19697
1.1986
1.19942
1.19938
1.19853
1.19693
1.19473
1.19214
1.18943
1.18692
1.18492
1.18368
1.18334
1.18388
1.18515
1.18688
1.18877
1.19054
1.19199
1.19301
1.19356
1.19368
1.19346
1.19303
1.19257
1.19225
1.19223
1.19267
1.19361
1.19505
1.19691
1.19902
1.2012
1.20329
1.20514
1.20664
1.20771
1.20835
1.20856
1.20838
1.20792
1.20726
1.20655
1.20595
1.20558
1.20556
1.20596
1.20676
1.20794
1.2094
1.21105
1.21279
1.21453
1.21618
1.21766
1.2189
1.21981
1.22034
1.22042
1.22006
1.21928
1.21817
1.21689
1.21565
1.21471
1.21435
1.21482
1.21628
1.21876
1.22213
1.22615
1.23047
1.2348
1.23886
1.24243
1.24538
1.24759
1.24897
1.24943
1.24891
1.24736
1.24482
1.24143
1.23755
1.23371
1.23057
1.2287
1.22837
1.22946
1.23153
1.23404
1.23656
1.23883
1.24076
1.24236
1.24363
1.24459
1.24522
1.24549
1.24542
1.24508
1.24458
1.24403
1.24349
1.24296
1.24233
1.24148
1.24032
1.23889
1.23743
1.23636
1.23611
1.2369
1.23863
1.24084
1.2429
1.24422
1.2444
1.24333
1.24124
1.23868
1.23641
1.23517
1.23546
1.23727
1.24021
1.24367
1.24716
1.25039
1.25332
1.25605
1.25872
1.26142
1.26414
1.26682
1.26937
1.27171
1.2738
1.27566
1.27731
1.27881
1.28024
1.28165
1.28306
1.28449
1.28593
1.28734
1.28867
1.28987
1.29085
1.29155
1.2919
1.29182
1.29123
1.29009
1.28838
1.28612
1.28342
1.28049
1.27763
1.27522
1.27356
1.27285
1.27301
1.27373
1.27445
1.27446
1.27291
1.26896
1.26203
1.25238
1.24178
1.23361
1.23135
1.23617
1.24607
1.25765
1.26825
1.27661
1.28253
1.28639
1.28878
1.29032
1.2916
1.29313
1.29523
1.29803
1.30141
1.30508
1.30862
1.31163
1.31376
1.31481
1.31475
1.31371
1.31195
1.30978
1.30748
1.30517
1.30283
1.30029
1.29739
1.29401
1.2902
1.28615
1.28218
1.27863
1.27579
1.27385
1.27284
1.27266
1.27314
1.27406
1.27526
1.27662
1.27809
1.27968
1.28142
1.28331
1.28535
1.28751
1.28971
1.29185
1.29384
1.29557
1.29697
1.29796
1.29849
1.29853
1.29806
1.29709
1.29564
1.29373
1.2914
1.28872
1.28575
1.2826
1.27936
1.27614
1.27303
1.27012
1.26742
1.26495
1.26265
1.2605
1.25847
1.25664
1.25516
1.25426
1.25417
1.25505
1.25691
1.25959
1.26279
1.26614
1.2693
1.27202
1.27413
1.27554
1.27626
1.27631
1.27574
1.27463
1.27305
1.27106
1.26873
1.26615
1.26339
1.26056
1.25778
1.25516
1.25284
1.25096
1.24961
1.24886
1.2487
1.24906
1.24981
1.25076
1.25173
1.25253
1.25303
1.25316
1.25294
1.25242
1.25168
1.25085
1.25
1.24917
1.2484
1.24768
1.24696
1.24623
1.24545
1.24462
1.24375
1.24286
1.24199
1.24116
1.24037
1.23962
1.23886
1.23805
1.23715
1.23617
1.23513
1.23407
1.23301
1.23195
1.23083
1.22954
1.22798
1.22606
1.22374
1.22106
1.21813
1.21513
1.21226
1.20972
1.20768
1.20627
1.20555
1.20549
1.20602
1.207
1.20826
1.20959
1.2108
1.21174
1.21227
1.21232
1.21185
1.21087
1.20944
1.20765
1.20571
1.20389
1.20258
1.20217
1.20292
1.20488
1.2078
1.21125
1.21472
1.21769
1.2197
1.22033
1.21915
1.21574
1.20972
1.20096
1.18981
1.17751
1.16628
1.15891
1.1575
1.16221
1.1711
1.18142
1.19094
1.1986
1.20424
1.20821
1.21093
1.21273
1.21383
1.2143
1.21418
1.21346
1.21212
1.21018
1.2076
1.20437
1.20045
1.19584
1.19062
1.18503
1.17959
1.17509
1.17234
1.17193
1.17382
1.17743
1.18186
1.18628
1.19018
1.1933
1.19562
1.19725
1.19831
1.19894
1.19928
1.19943
1.19947
1.19943
1.19931
1.199
1.19834
1.19707
1.19486
1.19142
1.18662
1.18081
1.17504
1.17104
1.17053
1.1742
1.18116
1.18957
1.19765
1.20435
1.20932
1.21267
1.21468
1.21568
1.21591
1.21558
1.21481
1.21372
1.21237
1.21083
1.20913
1.20734
1.20547
1.20357
1.20166
1.19975
1.19789
1.19617
1.19472
1.1937
1.1933
1.19368
1.19495
1.19709
1.19999
1.20347
1.2073
1.21127
1.2152
1.21895
1.22244
1.22562
1.22849
1.23107
1.23339
1.23548
1.23739
1.23916
1.24083
1.24243
1.244
1.24556
1.2471
1.24862
1.25009
1.25147
1.25269
1.25368
1.25432
1.25455
1.25429
1.25351
1.25225
1.25064
1.24886
1.24711
1.24556
1.24428
1.24324
1.24232
1.24133
1.24015
1.23868
1.23693
1.23498
1.23299
1.23115
1.22968
1.2288
1.22866
1.22934
1.23084
1.23308
1.23593
1.23925
1.24288
1.2467
1.2506
1.25448
1.25826
1.26188
1.26525
1.26833
1.27103
1.27329
1.27501
1.27605
1.27627
1.27547
1.27352
1.27038
1.26624
1.26159
1.25722
1.25402
1.25263
1.25318
1.25526
1.25814
1.26108
1.26356
1.26524
1.26599
1.26582
1.26484
1.26326
1.2614
1.25963
1.25832
1.25771
1.25786
1.25862
1.25975
1.261
1.26214
1.26304
1.26363
1.2639
1.26385
1.26352
1.26293
1.2621
1.26108
1.25989
1.25856
1.25713
1.25562
1.25411
1.25269
1.25153
1.25084
1.25088
1.25187
1.25389
1.25682
1.26031
1.26389
1.26703
1.26924
1.27012
1.26942
1.26702
1.26309
1.25807
1.25275
1.24804
1.24464
1.24263
1.24146
1.24028
1.2384
1.23569
1.23259
1.22992
1.22836
1.22808
1.22862
1.22921
1.22919
1.22832
1.22688
1.2255
1.22494
1.22581
1.2284
1.23262
1.23803
1.24402
1.24996
1.25532
1.25976
1.26311
1.26532
1.26646
1.26661
1.26587
1.26432
1.26201
1.25895
1.25511
1.25046
1.24502
1.23889
1.23231
1.22574
1.21985
1.2154
1.21307
1.21317
1.21554
1.21964
1.2247
1.23005
1.23523
1.23998
1.24419
1.24782
1.25084
1.25321
1.25493
1.25597
1.25635
1.2561
1.25525
1.25385
1.25194
1.24956
1.24679
1.24371
1.24041
1.23704
1.23374
1.23069
1.22802
1.22585
1.22422
1.22307
1.22232
1.22176
1.22121
1.22043
1.21926
1.21763
1.21558
1.21333
1.21125
1.20977
1.20924
1.20981
1.21135
1.21348
1.21568
1.21744
1.21831
1.218
1.2164
1.21357
1.20978
1.20548
1.20125
1.19768
1.19521
1.19401
1.19389
1.19446
1.19526
1.1959
1.19614
1.19589
1.19517
1.19407
1.19271
1.19119
1.18965
1.18818
1.18689
1.18588
1.18523
1.18501
1.18525
1.18595
1.18704
1.18843
1.18999
1.19159
1.19309
1.19439
1.19541
1.19611
1.19646
1.19646
1.19613
1.19547
1.19449
1.19322
1.19166
1.18985
1.18783
1.18569
1.18354
1.1815
1.1797
1.17819
1.17692
1.17566
1.17409
1.17182
1.16857
1.16437
1.15969
1.15552
1.15302
1.15294
1.15516
1.15878
1.16256
1.16552
1.1671
1.16716
1.16584
1.16353
1.16078
1.15828
1.15674
1.15663
1.158
1.16044
1.16326
1.16576
1.16743
1.16806
1.16771
1.16665
1.1653
1.16406
1.16324
1.16299
1.16326
1.1639
1.16471
1.16551
1.16622
1.16678
1.16724
1.16762
1.168
1.1684
1.16888
1.16943
1.17008
1.17083
1.17166
1.17258
1.17358
1.17465
1.17577
1.17691
1.17807
1.17921
1.1803
1.18133
1.18226
1.18307
1.18373
1.18424
1.18457
1.18472
1.18467
1.18442
1.18398
1.18337
1.18261
1.18173
1.18079
1.17986
1.17902
1.17839
1.17809
1.17822
1.17888
1.18012
1.18191
1.18418
1.18677
1.18952
1.19223
1.19475
1.19691
1.19862
