1.20099
1.20174
1.2023
1.20276
1.20323
1.20376
1.20441
1.20517
1.20601
1.20686
1.2076
1.20811
1.20823
1.20784
1.20682
1.20514
1.20286
1.20015
1.19728
1.19457
1.19231
1.19069
1.18982
1.18975
1.1905
1.19207
1.19433
1.19703
1.19983
1.20238
1.20446
1.20598
1.207
1.20765
1.20809
1.20846
1.20887
1.2094
1.21014
1.21117
1.21254
1.21427
1.21634
1.21866
1.22113
1.22359
1.22592
1.22796
1.22959
1.23066
1.23107
1.23069
1.22946
1.22735
1.22443
1.2209
1.21712
1.21357
1.21078
1.2092
1.20898
1.20996
1.21168
1.21361
1.21528
1.21649
1.21729
1.21789
1.21858
1.21958
1.22096
1.22268
1.22459
1.22651
1.22829
1.22984
1.23109
1.23201
1.2326
1.23286
1.23283
1.23253
1.23204
1.23143
1.23081
1.23024
1.22978
1.22942
1.22911
1.22875
1.22824
1.22746
1.22632
1.22479
1.22289
1.22069
1.21833
1.21599
1.2139
1.21226
1.21127
1.21103
1.21158
1.21285
1.21471
1.21699
1.21948
1.222
1.22439
1.22654
1.22837
1.22982
1.23089
1.23157
1.23189
1.23187
1.23155
1.23096
1.23014
1.22914
1.22801
1.22679
1.22554
1.22428
1.22307
1.22193
1.22087
1.2199
1.21903
1.21828
1.21767
1.21727
1.21712
1.21728
1.21781
1.21869
1.21988
1.22129
1.2228
1.22429
1.22566
1.22684
1.22781
1.22856
1.22911
1.22947
1.22967
1.22969
1.22947
1.22893
1.22794
1.22634
1.22396
1.22062
1.21622
1.21077
1.20451
1.19801
1.19219
1.18822
1.18712
1.18923
1.19402
1.20029
1.20674
1.21241
1.21686
1.22009
1.22241
1.2243
1.22616
1.22821
1.23042
1.23249
1.23395
1.2343
1.23305
1.2298
1.22431
1.21664
1.20746
1.1982
1.19099
1.18785
1.18959
1.19534
1.20319
1.21128
1.21843
1.2241
1.22823
1.23094
1.23246
1.23301
1.23287
1.23226
1.23145
1.23065
1.23005
1.22977
1.22987
1.23033
1.23108
1.232
1.23296
1.23386
1.23461
1.23519
1.23562
1.23591
1.23613
1.23629
1.23641
1.23642
1.23619
1.23555
1.23423
1.23194
1.22836
1.22329
1.21669
1.2089
1.20068
1.19319
1.18761
1.18477
1.18488
1.18756
1.19219
1.1981
1.20463
1.21117
1.21716
1.22219
1.22599
1.22852
1.22986
1.2302
1.22977
1.22884
1.22763
1.22634
1.2251
1.22402
1.22318
1.22265
1.22247
1.22265
1.22306
1.22352
1.22375
1.22353
1.22269
1.22119
1.21914
1.21678
1.21445
1.21257
1.21153
1.21161
1.21292
1.21527
1.21831
1.22156
1.22456
1.22694
1.22845
1.22901
1.22863
1.22741
1.22547
1.22297
1.22002
1.21676
1.21334
1.20997
1.20699
1.20481
1.20383
1.20436
1.20642
1.20977
1.21394
1.21839
1.22261
1.22623
1.22902
1.23083
1.23155
1.23112
1.22951
1.22679
1.22321
1.21923
1.21544
1.21244
1.21052
1.20955
1.20909
1.20864
1.20789
1.20684
1.20566
1.20463
1.20394
1.20372
1.20404
1.20488
1.20613
1.20757
1.2089
1.20984
1.21024
1.21022
1.2101
1.21037
1.21145
1.21349
1.21632
1.21952
1.2226
1.22518
1.22704
1.22813
1.22853
1.22841
1.22798
1.22746
1.22708
1.22697
1.22717
1.2276
1.22805
1.22822
1.22773
1.22624
1.22346
1.21936
1.21426
1.20898
1.20475
1.20278
1.20365
1.20699
1.21174
1.21671
1.22108
1.22449
1.22694
1.2286
1.22967
1.23037
1.23084
1.23119
1.23147
1.23171
1.23193
1.2321
1.23223
1.23229
1.23227
1.23215
1.2319
1.23149
1.23091
1.23011
1.22908
1.22779
1.22624
1.22444
1.22247
1.22039
1.21835
1.21648
1.2149
1.21369
1.21287
1.21242
1.21226
1.21232
1.21254
1.21289
1.21332
1.21378
1.21421
1.2145
1.21458
1.21438
1.21392
1.21329
1.2127
1.21239
1.21262
1.21354
1.21513
1.21724
1.21958
1.22188
1.22391
1.22553
1.22671
1.22747
1.22791
1.22815
1.22832
1.22854
1.22888
1.2294
1.23009
1.2309
1.23175
1.23252
1.2331
1.23338
1.23331
1.23285
1.23207
1.23111
1.23018
1.22954
1.22942
1.22994
1.23107
1.23265
1.23442
1.23614
1.2376
1.23871
1.23945
1.23988
1.2401
1.24022
1.24033
1.2405
1.24074
1.24101
1.24123
1.24131
1.24114
1.24066
1.23985
1.23873
1.23742
1.23604
1.23478
1.23382
1.23331
1.23336
1.23403
1.2353
1.23711
1.23936
1.24197
1.24482
1.24786
1.25104
1.25429
1.25757
1.26079
1.26388
1.26673
1.26925
1.27136
1.273
1.27416
1.27483
1.27506
1.2749
1.27443
1.2737
1.27278
1.27165
1.27028
1.26855
1.2663
1.26338
1.25966
1.25518
1.25019
1.24522
1.24093
1.23795
1.23669
1.23721
1.23931
1.24262
1.24668
1.25095
1.25492
1.25818
1.26044
1.26162
1.26175
1.26096
1.25944
1.2574
1.25502
1.25246
1.24993
1.24761
1.24577
1.2447
1.24464
1.24568
1.24773
1.2505
1.25363
1.25677
1.25964
1.26211
1.26411
1.26567
1.26682
1.2676
1.26806
1.26824
1.26815
1.26782
1.26726
1.26647
1.26544
1.26417
1.26264
1.26086
1.25882
1.25653
1.254
1.25129
1.24844
1.24552
1.24261
1.23979
1.23713
1.23471
1.23255
1.23067
1.22907
1.22769
1.22644
1.22524
1.22397
1.22254
1.22092
1.21911
1.21723
1.21544
1.21394
1.21291
1.21251
1.21278
1.21369
1.21511
1.21689
1.21883
1.22079
1.22261
1.22419
1.22547
1.22642
1.22702
1.22731
1.22732
1.22711
1.22672
1.22622
1.22565
1.22506
1.22449
1.22397
1.2235
1.22312
1.22281
1.2226
1.22248
1.22246
1.22252
1.22267
1.22289
1.22316
1.22346
1.22375
1.224
1.22416
1.2242
1.22405
1.22368
1.22302
1.22205
1.22073
1.21909
1.21723
1.21532
1.21362
1.21245
1.21212
1.2128
1.21448
1.21697
1.21992
1.22299
1.22584
1.22828
1.23017
1.23146
1.23217
1.23233
1.23199
1.23119
1.23
1.22846
1.22662
1.22452
1.2222
1.21968
1.21701
1.21425
1.21148
1.20885
1.20654
1.20478
1.20379
1.20372
1.20465
1.20651
1.20915
1.21232
1.21577
1.2193
1.22273
1.22597
1.22898
1.23177
1.23436
1.23679
1.2391
1.2413
1.24341
1.24543
1.24737
1.24919
1.25088
1.25241
1.25374
1.25481
1.25557
1.25592
1.25576
1.25496
1.25333
1.2507
1.24685
1.24162
1.23495
1.22701
1.21833
1.20987
1.20284
1.19834
1.19694
1.19844
1.20217
1.20739
1.2136
1.22056
1.22811
1.236
1.24385
1.25125
1.25783
1.26335
1.2677
1.27086
1.27289
1.27385
1.27378
1.2727
1.27059
1.26743
1.2632
1.25803
1.25221
1.24631
1.24112
1.23752
1.23608
1.23684
1.23928
1.24251
1.24563
1.24795
1.2491
1.24904
1.24802
1.24654
1.24518
1.24434
1.24404
1.24392
1.24345
1.24239
1.24106
1.24034
1.24124
1.24423
1.24895
1.25444
1.25966
1.26397
1.26715
1.26931
1.27067
1.27148
1.27191
1.27207
1.27204
1.27187
1.27163
1.27139
1.27124
1.27122
1.27136
1.27166
1.27205
1.27244
1.27272
1.27279
1.27256
1.27199
1.27112
1.27
1.26877
1.26759
1.26667
1.26618
1.26628
1.26703
1.26841
1.27028
1.27241
1.27454
1.2764
1.27777
1.27848
1.27844
1.27764
1.27613
1.27405
1.27155
1.26886
1.26618
1.2637
1.26153
1.25968
1.25806
1.25648
1.25479
1.25296
1.25119
1.25002
1.25013
1.25206
1.25584
1.26092
1.26639
1.27134
1.2751
1.27727
1.27773
1.27646
1.2736
1.26935
1.26413
1.25857
1.25348
1.24973
1.24794
1.24824
1.25026
1.25337
1.2569
1.26033
1.26337
1.26584
1.26766
1.26878
1.26919
1.26885
1.26779
1.26607
1.26378
1.2611
1.2582
1.25534
1.25274
1.25058
1.24902
1.2481
1.24782
1.24815
1.24902
1.25033
1.252
1.25393
1.25599
1.25805
1.25997
1.26159
1.26275
1.26327
1.26297
1.26168
1.25925
1.25562
1.25084
1.24522
1.23932
1.23395
1.22997
1.22806
1.22842
1.23085
1.23486
1.23988
1.24537
1.25083
1.25582
1.2599
1.26264
1.2636
1.26233
1.25852
1.25227
1.24453
1.23737
1.23345
1.23451
1.24007
1.24781
1.25515
1.26047
1.26322
1.26358
1.26202
1.25906
1.25524
1.25104
1.24686
1.24301
1.23958
1.23649
1.23347
1.23021
1.22656
1.22272
1.21922
1.21677
1.21583
1.21634
1.21788
1.21992
1.2222
1.22469
1.22755
1.23092
1.23484
1.23923
1.24392
1.24868
1.25324
1.25739
1.26094
1.26378
1.26588
1.26725
1.26796
1.26809
1.26775
1.26704
1.26609
1.26496
1.26375
1.26246
1.2611
1.2596
1.2579
1.25588
1.25347
1.25062
1.2474
1.24397
1.24059
1.23763
1.23541
1.23412
1.23378
1.23421
1.23514
1.23626
1.2373
1.23805
1.23837
1.23822
1.23766
1.23685
1.23598
1.23521
1.23463
1.23417
1.23369
1.23302
1.23205
1.23078
1.22935
1.22804
1.22714
1.22693
1.22762
1.2293
1.23194
1.23533
1.2391
1.24284
1.24612
1.24861
1.2501
1.2505
1.24981
1.24809
1.24548
1.24212
1.23819
1.23391
1.22955
1.22549
1.22219
1.22012
1.21965
1.22088
1.2236
1.22734
1.23149
1.23552
1.23901
1.24171
1.24346
1.2442
1.24391
1.24261
1.24037
1.2373
1.23362
1.22965
1.22582
1.22262
1.22047
1.21959
1.21997
1.22132
1.22323
1.22531
1.22721
1.22873
1.22979
1.23043
1.23072
1.23083
1.23089
1.23102
1.23128
1.23165
1.23208
1.23249
1.23276
1.23284
1.23264
1.23212
1.23121
1.22988
1.22806
1.22574
1.22296
1.21982
1.21658
1.21358
1.2113
1.21019
1.21058
1.21257
1.21599
1.22048
1.22554
1.23072
1.23565
1.24007
1.24384
1.2469
1.24926
1.25096
1.25208
1.25268
