1.20012
1.19992
1.19941
1.19863
1.19757
1.19623
1.19455
1.19247
1.18991
1.18681
1.18314
1.17897
1.17449
1.17006
1.16617
1.1633
1.16175
1.16152
1.1623
1.16356
1.16479
1.16563
1.1659
1.16567
1.16518
1.16475
1.1647
1.16527
1.16648
1.16822
1.17022
1.17219
1.17388
1.17512
1.17582
1.17599
1.17566
1.17494
1.17394
1.17279
1.17163
1.17057
1.16971
1.16912
1.16882
1.16879
1.16899
1.16937
1.16986
1.17042
1.171
1.17158
1.17213
1.17262
1.17306
1.17342
1.17368
1.17383
1.17385
1.17372
1.17342
1.17295
1.17229
1.17147
1.17052
1.16948
1.16841
1.16737
1.16642
1.16557
1.16479
1.16404
1.16323
1.16224
1.16099
1.15944
1.15763
1.15575
1.15415
1.15328
1.15363
1.15549
1.15882
1.16323
1.16814
1.17295
1.17721
1.18068
1.18325
1.18492
1.18577
1.18587
1.18528
1.18408
1.18231
1.18
1.17722
1.17406
1.17071
1.16749
1.16486
1.1633
1.16315
1.16446
1.16689
1.1699
1.17289
1.17541
1.17727
1.17845
1.17911
1.17942
1.17958
1.17976
1.18007
1.18062
1.18146
1.18258
1.18393
1.18541
1.18692
1.18835
1.18964
1.19069
1.19139
1.19158
1.19107
1.18969
1.18729
1.18392
1.17978
1.17536
1.17126
1.16806
1.16607
1.16515
1.16483
1.16451
1.16378
1.16267
1.16164
1.16142
1.16263
1.16552
1.16987
1.17514
1.18072
1.18604
1.19074
1.19463
1.19766
1.19988
1.20141
1.20235
1.20282
1.20294
1.20276
1.20234
1.20167
1.20075
1.19954
1.19797
1.196
1.19359
1.19079
1.18773
1.18467
1.182
1.18011
1.17933
1.17975
1.1812
1.18331
1.18562
1.18776
1.18944
1.19054
1.19105
1.19102
1.19058
1.18987
1.18906
1.18833
1.18781
1.18764
1.18787
1.18851
1.1895
1.19074
1.19209
1.19343
1.19463
1.1956
1.19628
1.19667
1.19676
1.1966
1.19625
1.19577
1.19522
1.19466
1.19411
1.1936
1.19312
1.19265
1.19214
1.19158
1.19095
1.1903
1.18973
1.18944
1.18964
1.19055
1.19223
1.19462
1.19748
1.20053
1.20349
1.20625
1.20881
1.21131
1.21392
1.21674
1.21979
1.22298
1.22613
1.22908
1.23168
1.23385
1.23555
1.23679
1.23761
1.23808
1.23827
1.23827
1.23815
1.23798
1.23781
1.23767
1.23758
1.23751
1.23742
1.23726
1.23696
1.23645
1.23568
1.23461
1.23329
1.23184
1.23044
1.22935
1.22879
1.2289
1.22964
1.23083
1.23224
1.23361
1.23475
1.23553
1.23582
1.23551
1.23443
1.23239
1.22924
1.22494
1.2197
1.21402
1.2087
1.20466
1.20258
1.20268
1.20467
1.20795
1.2119
1.21601
1.22
1.22373
1.22714
1.23022
1.23299
1.23547
1.23766
1.23954
1.24108
1.24222
1.24286
1.2429
1.24217
1.24053
1.23778
1.23378
1.22848
1.22208
1.21509
1.20844
1.20325
1.20043
1.20026
1.20225
1.20553
1.20924
1.21288
1.21626
1.21941
1.22237
1.22512
1.22752
1.22936
1.23047
1.23078
1.23035
1.22941
1.22828
1.22725
1.2265
1.22601
1.2256
1.22502
1.22397
1.22223
1.2196
1.21594
1.21113
1.20518
1.19824
1.19077
1.18357
1.17776
1.17446
1.17441
1.17768
1.18365
1.19124
1.19931
1.20691
1.21333
1.2182
1.22134
1.22274
1.22247
1.22065
1.21742
1.21299
1.20772
1.20219
1.19716
1.19347
1.19174
1.19206
1.19397
1.19671
1.1995
1.20179
1.20326
1.20384
1.20357
1.20256
1.20094
1.19887
1.19651
1.19403
1.19158
1.18935
1.18747
1.18607
1.18523
1.18497
1.18525
1.18598
1.18705
1.18828
1.18952
1.19061
1.19138
1.19172
1.19151
1.1907
1.1893
1.18742
1.18527
1.18313
1.18137
1.18029
1.18008
1.18073
1.18205
1.1838
1.1857
1.18754
1.18921
1.19064
1.19181
1.19272
1.19338
1.19377
1.19387
1.19366
1.1931
1.19216
1.19079
1.18894
1.18657
1.18364
1.18012
1.17608
1.17165
1.16717
1.16318
1.16037
1.15941
1.16065
1.16399
1.16884
1.17442
1.17999
1.18504
1.18927
1.19258
1.19496
1.19645
1.19709
1.19697
1.1962
1.19498
1.19357
1.19227
1.19138
1.19108
1.19139
1.19217
1.19312
1.19391
1.19424
1.19385
1.1926
1.19037
1.18715
1.18301
1.17811
1.17279
1.16757
1.16312
1.16019
1.15935
1.16086
1.16452
1.16977
1.17589
1.18217
1.18807
1.19326
1.19756
1.20097
1.20354
1.20537
1.20661
1.20735
1.20771
1.20777
1.2076
1.20723
1.20668
1.20594
1.20499
1.20377
1.20219
1.20019
1.1977
1.19468
1.19121
1.18747
1.1838
1.18066
1.17853
1.17777
1.17851
1.18053
1.1834
1.18658
1.18954
1.19189
1.19341
1.19402
1.19379
1.19288
1.19153
1.18995
1.18838
1.18697
1.18582
1.18497
1.18444
1.18425
1.18444
1.18503
1.18597
1.18717
1.18845
1.18964
1.19057
1.19116
1.19139
1.19136
1.19116
1.19094
1.1908
1.19082
1.19105
1.19149
1.19213
1.19292
1.19383
1.19479
1.19573
1.1966
1.19736
1.19795
1.19838
1.19862
1.19868
1.19858
1.19832
1.19791
1.19736
1.19667
1.19582
1.19481
1.19363
1.1923
1.19084
1.1893
1.18779
1.18641
1.1853
1.18457
1.1843
1.18448
1.18504
1.18585
1.18678
1.18768
1.18844
1.18895
1.18915
1.18893
1.18817
1.18664
1.184
1.17982
1.17363
1.16509
1.15441
1.14289
1.13312
1.12817
1.12971
1.13682
1.14683
1.15709
1.16611
1.17345
1.17923
1.18378
1.18741
1.19034
1.19273
1.19467
1.19619
1.19729
1.19791
1.198
1.19745
1.19617
1.19408
1.19116
1.18757
1.18363
1.17988
1.17691
1.17523
1.17493
1.17573
1.17704
1.17821
1.17877
1.17847
1.17727
1.17529
1.17274
1.16987
1.16699
1.16444
1.16262
1.16191
1.1626
1.16469
1.1679
1.17168
1.17541
1.17861
1.18096
1.1824
1.18303
1.18305
1.18273
1.18236
1.18217
1.1823
1.18281
1.18365
1.1847
1.18579
1.18677
1.18754
1.18806
1.18836
1.18854
1.18873
1.18908
1.18969
1.19061
1.19183
1.19325
1.19475
1.19618
1.19739
1.19831
1.19887
1.19909
1.19901
1.19872
1.19832
1.19794
1.19769
1.19767
1.19795
1.19856
1.1995
1.20075
1.20224
1.2039
1.20568
1.20751
1.20933
1.2111
1.21277
1.21431
1.21569
1.21688
1.21784
1.21856
1.21904
1.21928
1.21931
1.21916
1.21889
1.21855
1.21821
1.21792
1.2177
1.21755
1.21744
1.21731
1.2171
1.21676
1.21629
1.21572
1.21517
1.21476
1.21465
1.21501
1.21598
1.21767
1.22012
1.22324
1.22684
1.23064
1.23431
1.23756
1.24016
1.24195
1.24288
1.24301
1.2425
1.24161
1.24071
1.24016
1.24027
1.2412
1.24293
1.24528
1.24798
1.25078
1.25349
1.25599
1.25824
1.26024
1.26201
1.26354
1.26483
1.26584
1.26651
1.26678
1.26657
1.26583
1.2645
1.26254
1.25994
1.2567
1.25289
1.24861
1.24406
1.23952
1.23533
1.2319
1.22957
1.22855
1.22886
1.23034
1.23271
1.2357
1.23907
1.24269
1.24647
1.25037
1.25429
1.25813
1.26173
1.26492
1.26755
1.26949
1.27066
1.27099
1.27047
1.26911
1.26696
1.26407
1.26055
1.25652
1.25213
1.24756
1.24299
1.2386
1.23455
1.23095
1.22788
1.22539
1.22349
1.22218
1.22148
1.22141
1.22198
1.2232
1.225
1.22727
1.22984
1.23254
1.23519
1.23763
1.23975
1.24148
1.24281
1.24376
1.24439
1.24477
1.24495
1.24495
1.24472
1.24413
1.24303
1.24124
1.23873
1.23563
1.2324
1.22973
1.2284
1.22893
1.23127
1.23487
1.23892
1.2427
1.24574
1.24783
1.249
1.24935
1.24904
1.24823
1.24708
1.24572
1.24429
1.24288
1.24158
1.24044
1.23948
1.2387
1.23807
1.23754
1.23706
1.23656
1.23601
1.23536
1.2346
1.23375
1.23283
1.23188
1.23095
1.23008
1.2293
1.22864
1.22813
1.22776
1.22753
1.22739
1.22729
1.22714
1.22683
1.22626
1.22532
1.22393
1.22205
1.21974
1.21712
1.21442
1.21194
1.21002
1.20893
1.20884
1.20973
1.21144
1.21375
1.21641
1.21918
1.22192
1.2245
1.22684
1.22893
1.23075
1.23232
1.23366
1.2348
1.23578
1.23661
1.23729
1.23783
1.23818
1.23834
1.23824
1.23785
1.23715
1.23612
1.23479
1.23325
1.23162
1.23003
1.22865
1.22757
1.22682
1.22638
1.22616
1.22607
1.22604
1.22603
1.22605
1.2261
1.22617
1.22624
1.22627
1.22622
1.22601
1.22556
1.22473
1.22337
1.22127
1.21827
1.21427
1.20941
1.20406
1.19889
1.19467
1.19208
1.19148
1.1929
1.19609
1.20066
1.2061
1.21182
1.21719
1.22166
1.2248
1.2264
1.22641
1.22492
1.22214
1.21839
1.21415
1.21005
1.20685
1.2053
1.20584
1.2084
1.21249
1.2174
1.22249
1.22732
1.23173
1.23567
1.23919
1.24235
1.24519
1.24772
1.24991
1.2517
1.25297
1.25357
1.25334
1.2521
1.24971
1.24622
1.24191
1.2374
1.2336
1.23135
1.23108
1.23251
1.23485
1.23719
1.23888
1.23961
1.23938
1.23836
1.23676
1.23471
1.23232
1.2296
1.2266
1.22338
1.22008
1.21696
1.21432
1.21249
1.21171
1.212
1.21316
1.2148
1.21644
1.21767
1.21826
1.21825
1.21793
1.21782
1.21848
1.22029
1.22329
1.22718
1.23145
1.23564
1.23938
1.24249
1.24494
1.24676
1.248
1.24873
1.24901
1.24884
1.24823
1.24718
1.24568
1.24371
1.24132
1.23862
1.23579
1.23314
1.23104
1.22986
1.22981
1.23087
1.23277
1.23505
1.23723
1.2389
1.23976
1.23969
1.23871
1.23696
1.23473
1.23236
1.23024
1.22869
1.22788
1.22783
1.22837
1.22928
1.23033
1.23133
1.2322
1.23291
1.2335
1.23403
1.23455
1.23514
