1.19813
1.19571
1.19297
1.19005
1.18712
1.18437
1.18203
1.18029
1.17931
1.17918
1.17983
1.18111
1.18276
1.18453
1.18619
1.18758
1.18861
1.18923
1.18947
1.18935
1.18893
1.18829
1.18749
1.18661
1.18572
1.18489
1.18417
1.18363
1.18327
1.18311
1.18313
1.18332
1.18364
1.18404
1.18448
1.18493
1.18536
1.18574
1.18604
1.18627
1.18641
1.18648
1.18647
1.1864
1.18626
1.18605
1.18574
1.18529
1.18462
1.18364
1.18226
1.18039
1.17799
1.17512
1.17197
1.16887
1.16623
1.16448
1.16384
1.16431
1.16564
1.16744
1.16937
1.17117
1.17276
1.1742
1.17564
1.17728
1.17926
1.18166
1.18446
1.18752
1.19064
1.1936
1.1962
1.19828
1.19975
1.20055
1.20067
1.2001
1.19883
1.1968
1.19393
1.19008
1.18506
1.17866
1.17075
1.16135
1.15076
1.1397
1.12917
1.12033
1.11416
1.11131
1.11205
1.11622
1.12318
1.13191
1.14126
1.15026
1.15828
1.165
1.17037
1.17448
1.17748
1.17955
1.18086
1.18158
1.18184
1.18175
1.18143
1.18093
1.18031
1.17963
1.17889
1.17812
1.17731
1.17646
1.17554
1.17454
1.17342
1.17217
1.17077
1.16923
1.16756
1.1658
1.16399
1.16217
1.16036
1.15857
1.15679
1.15504
1.15341
1.15209
1.15134
1.15139
1.1524
1.15427
1.15673
1.15938
1.16181
1.16367
1.16475
1.16498
1.1644
1.16319
1.1616
1.15996
1.15858
1.1577
1.15743
1.15776
1.15862
1.15989
1.16148
1.16329
1.16516
1.16689
1.16818
1.16876
1.1684
1.16702
1.16473
1.16188
1.15892
1.15636
1.15458
1.15375
1.15386
1.15479
1.15645
1.15881
1.16182
1.16543
1.16949
1.17373
1.17786
1.18157
1.18466
1.187
1.18857
1.18944
1.18977
1.18974
1.18956
1.18944
1.18956
1.19007
1.19106
1.19252
1.19443
1.19667
1.1991
1.20158
1.20396
1.20611
1.20794
1.20934
1.21025
1.21062
1.21039
1.2095
1.20791
1.2056
1.20257
1.19886
1.1946
1.19001
1.18539
1.18109
1.17747
1.17484
1.1734
1.17328
1.17446
1.17677
1.17992
1.18347
1.18693
1.18985
1.19186
1.19268
1.19215
1.19022
1.187
1.1828
1.17817
1.17393
1.17098
1.16999
1.17115
1.17409
1.17812
1.18249
1.18665
1.1903
1.19333
1.19577
1.19768
1.19918
1.20033
1.20122
1.20189
1.20239
1.20274
1.20297
1.20308
1.2031
1.203
1.20279
1.20244
1.20191
1.20113
1.20005
1.19858
1.19665
1.19422
1.19131
1.18804
1.18461
1.18135
1.1786
1.17663
1.17553
1.17518
1.1753
1.17554
1.17562
1.17536
1.17481
1.17415
1.17371
1.17388
1.17496
1.17707
1.18007
1.18363
1.1873
1.1907
1.19352
1.19561
1.19692
1.19746
1.19728
1.19645
1.19504
1.19311
1.19077
1.18817
1.18553
1.18314
1.1813
1.18025
1.18013
1.18087
1.18227
1.18403
1.18583
1.18744
1.1887
1.18954
1.18996
1.19001
1.18975
1.18929
1.18872
1.18821
1.18793
1.18805
1.18871
1.18995
1.19169
1.19377
1.19597
1.1981
1.19997
1.20149
1.20259
1.20328
1.20356
1.20346
1.20303
1.20229
1.20129
1.20008
1.19873
1.19729
1.19586
1.19451
1.19335
1.19244
1.19185
1.19162
1.19176
1.19226
1.19308
1.19414
1.19534
1.19655
1.19762
1.19842
1.19878
1.19859
1.19778
1.1963
1.19416
1.19142
1.18813
1.18435
1.18012
1.17547
1.17047
1.16545
1.16115
1.15879
1.15957
1.1639
1.17095
1.17898
1.18622
1.19147
1.1942
1.19445
1.1926
1.18935
1.18559
1.18221
1.17984
1.17865
1.17837
1.1785
1.17862
1.17851
1.17815
1.17764
1.17712
1.17668
1.17639
1.17628
1.17637
1.17668
1.17726
1.17814
1.17935
1.18087
1.18267
1.18466
1.18674
1.18881
1.19076
1.19252
1.19402
1.19523
1.19611
1.19665
1.19684
1.19665
1.19607
1.19508
1.19365
1.19176
1.18938
1.18651
1.18314
1.1793
1.17504
1.17044
1.16566
1.16094
1.15659
1.15304
1.15074
1.15006
1.15124
1.15419
1.15857
1.16381
1.1693
1.17455
1.17921
1.18312
1.18625
1.18865
1.1904
1.19157
1.19222
1.19238
1.19202
1.19112
1.18964
1.18756
1.18493
1.18189
1.17873
1.17586
1.17375
1.17276
1.17304
1.17446
1.17665
1.17916
1.18158
1.18359
1.18501
1.18576
1.18585
1.18533
1.18428
1.18278
1.1809
1.17865
1.17603
1.17298
1.16948
1.16559
1.16159
1.15803
1.1557
1.15533
1.15723
1.16109
1.16605
1.17114
1.17561
1.17905
1.18138
1.18268
1.18314
1.18297
1.18235
1.18142
1.1803
1.17909
1.17783
1.17659
1.1754
1.17429
1.17331
1.1725
1.17189
1.17154
1.17147
1.17169
1.17219
1.17295
1.17391
1.175
1.17614
1.17723
1.17815
1.17873
1.17877
1.178
1.17606
1.17254
1.16706
1.15948
1.15022
1.14061
1.13283
1.12889
1.12949
1.13355
1.13914
1.14469
1.14947
1.15339
1.15662
1.15934
1.1617
1.16379
1.16564
1.16728
1.16871
1.16994
1.17096
1.1718
1.17248
1.17307
1.17363
1.17423
1.17493
1.17575
1.1767
1.17776
1.17889
1.18
1.18104
1.1819
1.18251
1.18277
1.18259
1.18186
1.1805
1.17845
1.17568
1.17228
1.1684
1.16438
1.16059
1.15747
1.15534
1.15436
1.15448
1.15553
1.15728
1.1595
1.16204
1.16477
1.16764
1.1706
1.17362
1.17666
1.17968
1.18261
1.18538
1.1879
1.19006
1.19178
1.19299
1.19363
1.19369
1.19321
1.19228
1.19105
1.1897
1.18841
1.18734
1.18655
1.18604
1.18576
1.18569
1.18585
1.18637
1.18741
1.18907
1.19133
1.19399
1.19671
1.1991
1.20083
1.20167
1.20151
1.20035
1.19829
1.19555
1.19237
1.18905
1.18587
1.18308
1.1808
1.17907
1.17781
1.17691
1.17631
1.17602
1.17615
1.17686
1.17829
1.18046
1.18322
1.18631
1.18936
1.19205
1.19412
1.19545
1.19603
1.19596
1.19538
1.19446
1.19335
1.19212
1.19081
1.18937
1.18775
1.1859
1.18383
1.18159
1.17932
1.17718
1.17536
1.17397
1.17309
1.17269
1.1727
1.173
1.17347
1.17399
1.17448
1.17489
1.17519
1.17538
1.17551
1.1756
1.1757
1.17586
1.17608
1.17637
1.1767
1.17704
1.17737
1.17765
1.17787
1.17801
1.17806
1.17799
1.17777
1.17736
1.17674
1.17596
1.17506
1.17413
1.17324
1.17239
1.17152
1.17054
1.16941
1.16822
1.16723
1.16681
1.16723
1.16854
1.17052
1.17273
1.17471
1.17613
1.17684
1.17688
1.1764
1.17564
1.1748
1.17404
1.1734
1.17285
1.17229
1.1716
1.1707
1.16958
1.16831
1.16708
1.16611
1.16566
1.16589
1.16689
1.16856
1.17071
1.17305
1.17531
1.17719
1.17849
1.17904
1.1787
1.17741
1.17517
1.17213
1.16858
1.16499
1.16197
1.16006
1.15954
1.16032
1.16198
1.16399
1.16592
1.16756
1.16894
1.17021
1.17153
1.17301
1.17466
1.17642
1.17819
1.17987
1.18143
1.18283
1.18409
1.18524
1.18629
1.18727
1.18816
1.18896
1.18962
1.19012
1.19039
1.19039
1.19009
1.18945
1.18846
1.18712
1.18544
1.18344
1.18114
1.17857
1.17577
1.17277
1.16962
1.1664
1.16323
1.16025
1.15759
1.15542
1.15384
1.15294
1.15276
1.15329
1.15449
1.1563
1.15864
1.16143
1.16457
1.16796
1.17149
1.17504
1.1785
1.18179
1.18482
1.18756
1.19
1.19212
1.19395
1.19551
1.1968
1.19784
1.1986
1.19907
1.19918
1.19884
1.19794
1.19634
1.19389
1.1905
1.18616
1.1811
1.17576
1.17083
1.16701
1.16475
1.16409
1.16467
1.166
1.16769
1.16951
1.17135
1.1731
1.17461
1.17568
1.17618
1.17609
1.17556
1.17491
1.17455
1.17486
1.17604
1.17808
1.18071
1.18351
1.18602
1.18784
1.1887
1.1885
1.18733
1.18543
1.18314
1.18088
1.17909
1.17809
1.17811
1.17915
1.1811
1.18369
1.18662
1.18962
1.1925
1.19513
1.19744
1.19941
1.20098
1.20209
1.20268
1.20271
1.20216
1.20112
1.19969
1.19809
1.19653
1.19522
1.19429
1.19381
1.19377
1.19407
1.19464
1.19539
1.19627
1.19724
1.19829
1.19943
1.20065
1.20193
1.20324
1.20457
1.20586
1.20707
1.20814
1.20903
1.20965
1.20993
1.20977
1.20908
1.20773
1.20566
1.20285
1.19945
1.19576
1.19233
1.18975
1.18851
1.18869
1.18993
1.19152
1.19268
1.19277
1.19141
1.18855
1.18436
1.17929
1.17393
1.16893
1.16486
1.16205
1.16061
1.16042
1.16126
1.16292
1.16524
1.1681
1.17139
1.17496
1.17857
1.18196
1.18487
1.18714
1.18869
1.18957
1.18992
1.18987
1.18961
1.18923
1.18882
1.18833
1.1877
1.18676
1.18539
1.18347
1.18104
1.17833
1.17575
1.17388
1.17322
1.174
1.17604
1.17886
1.18183
1.18442
1.18629
1.18731
1.18748
1.18695
1.18591
1.1846
1.18327
1.18216
1.18145
1.18124
1.18155
1.1823
1.18335
1.18454
1.18572
1.18675
1.18749
1.18785
1.1877
1.18692
1.18539
1.18298
1.17963
1.17537
1.17044
1.16534
1.16077
1.15744
1.15582
1.15592
1.15731
1.15935
1.16152
1.16351
1.16525
1.16684
1.16845
1.17022
1.17226
1.17457
1.17711
1.17975
1.18233
1.18469
1.18671
1.18826
1.1893
1.1898
1.18979
1.18933
1.18853
1.18752
1.18646
1.18548
1.18473
1.18428
1.18416
1.18435
1.18479
1.18536
1.18594
1.1864
1.18666
1.18661
1.18619
1.18538
1.18414
1.1825
1.18057
1.17858
1.17686
1.17585
1.17593
1.17723
1.1796
1.18256
1.18547
1.18765
1.18848
1.18739
1.18392
1.17777
1.16914
1.15908
1.14981
1.14413
1.1439
1.14884
1.15684
1.16555
1.17342
1.17989
1.18494
1.18879
1.19168
1.19381
1.19536
