1.11463
1.12889
1.13872
1.14319
1.1428
1.13844
1.13094
1.12106
1.10986
1.09877
1.08972
1.08464
1.08479
1.09011
1.09918
1.1099
1.12055
1.13039
1.13968
1.14912
1.15928
1.17013
1.18084
1.18991
1.1955
1.19622
1.19161
1.18228
1.16929
1.15354
1.13572
1.11714
1.10071
1.09041
1.08894
1.09541
1.10549
1.11373
1.11585
1.10976
1.09549
1.07478
1.05058
1.0266
1.00688
0.995161
0.993951
1.00362
1.0219
1.04456
1.06695
1.08548
1.09832
1.10529
1.10712
1.10484
1.09959
1.09276
1.08599
1.08087
1.07863
1.07999
1.08519
1.09412
1.10644
1.12166
1.13912
1.15793
1.17697
1.19485
1.21023
1.22212
1.23009
1.23428
1.23518
1.23342
1.22963
1.22426
1.21761
1.20978
1.20071
1.19013
1.17767
1.16292
1.14567
1.1262
1.10553
1.08547
1.06826
1.05585
1.04909
1.04731
1.0486
1.05072
1.05207
1.05224
1.05176
1.05162
1.05271
1.05576
1.06134
1.0699
1.08163
1.09627
1.11314
1.13123
1.14936
1.16639
1.18127
1.1931
1.20125
1.20542
1.20572
1.20268
1.19714
1.19008
1.18247
1.17527
1.16948
1.16624
1.16659
1.17114
1.17961
1.1907
1.20221
1.21173
1.21719
1.21731
1.21181
1.20142
1.18769
1.17276
1.15905
1.1489
1.14407
1.14546
1.15281
1.16485
1.17969
1.19525
1.20968
1.22151
1.22993
1.23476
1.23639
1.23556
1.23297
1.22893
1.22327
1.21544
1.20479
1.19096
1.17407
1.15472
1.13387
1.11274
1.09259
1.07456
1.05935
1.04706
1.03726
1.02962
1.0247
1.02422
1.03013
1.0431
1.06211
1.08494
1.10896
1.13147
1.15016
1.16356
1.17116
1.17312
1.16991
1.16208
1.15009
1.13438
1.11549
1.0942
1.07192
1.05089
1.03397
1.02389
1.02209
1.02812
1.03985
1.05435
1.06898
1.08174
1.09138
1.09718
1.0989
1.09691
1.09258
1.0882
1.08631
1.089
1.09755
1.1124
1.13285
1.15677
1.18087
1.20147
1.21547
1.22101
1.21778
1.20678
1.19005
1.17003
1.14908
1.12901
1.11097
1.0956
1.08314
1.07341
1.0657
1.05871
1.05095
1.04171
1.03199
1.02488
1.0244
1.03316
1.05084
1.07415
1.09828
1.11901
1.13444
1.14527
1.15347
1.1604
1.16564
1.16746
1.16431
1.1562
1.14524
1.1349
1.12868
1.12845
1.13407
1.1438
1.15533
1.16653
1.1758
1.18222
1.18571
1.18681
1.18607
1.18369
1.17934
1.1726
1.16336
1.15209
1.13994
1.12852
1.11943
1.11393
1.11273
1.11589
1.12311
1.13398
1.14805
1.16462
1.18234
1.19923
1.21313
1.22229
1.22577
1.2235
1.21607
1.20461
1.19083
1.1768
1.16462
1.15584
1.1511
1.1501
1.15182
1.15473
1.15715
1.15754
1.15468
1.14793
1.13755
1.12469
1.1112
1.09886
1.0888
1.08121
1.07559
1.07143
1.06899
1.06953
1.07463
1.08492
1.0994
1.11595
1.13251
1.14773
1.16104
1.17229
1.18143
1.18818
1.19191
1.1918
1.18707
1.17771
1.1652
1.15278
1.14458
1.1437
1.15063
1.16337
1.17867
1.19335
1.20502
1.21233
1.21516
1.21466
1.21303
1.21271
1.21504
1.21912
1.22227
1.22158
1.21527
1.20317
1.18673
1.16888
1.15351
1.1441
1.14228
1.14709
1.15578
1.16525
1.17303
1.17754
1.17791
1.17389
1.16607
1.1561
1.14647
1.13939
1.13559
1.13411
1.13346
1.13273
1.13183
1.13102
1.13034
1.12946
1.12787
1.12498
1.12005
1.1121
1.1004
1.08518
1.06797
1.05127
1.03775
1.02947
1.02739
1.03118
1.03933
1.04935
1.05842
1.06395
1.06429
1.05911
1.0495
1.03784
1.02743
1.0217
1.02329
1.0331
1.04996
1.07111
1.09337
1.1142
1.1323
1.14731
1.15922
1.16777
1.17243
1.17264
1.16859
1.16162
1.1544
1.15018
1.15156
1.15924
1.17167
1.18578
1.19821
1.20628
1.20861
1.20517
1.19711
1.18621
1.17427
1.16254
1.15158
1.14145
1.13222
1.12432
1.11856
1.11574
1.11617
1.11934
1.12383
1.12771
1.12897
1.12625
1.11949
1.11031
1.10154
1.09581
1.09437
1.09707
1.1031
1.11141
1.12067
1.12933
1.13595
1.13966
1.14051
1.13938
1.13745
1.13564
1.13422
1.13279
1.13043
1.12622
1.11991
1.11257
1.10645
1.10387
1.10581
1.1114
1.11867
1.12598
1.13287
1.14005
1.14843
1.15781
1.16625
1.17065
1.16815
1.15754
1.13992
1.11858
1.09807
1.08246
1.07336
1.06945
1.06845
1.0699
1.07559
1.08701
1.10295
1.12018
1.13583
1.14865
1.1585
1.1654
1.16907
1.16908
1.16532
1.15823
1.14863
1.13728
1.12472
1.11138
1.09786
1.08507
1.07398
1.06521
1.05879
1.0543
1.05151
1.05087
1.05328
1.05955
1.06976
1.08287
1.09682
1.10937
1.11926
1.12696
1.13444
1.14383
1.15597
1.16973
1.18225
1.18982
1.18913
1.17855
1.15904
1.13393
1.10748
1.08336
1.06397
1.05092
1.04527
1.04731
1.05625
1.07012
1.0862
1.10178
1.11497
1.12512
1.13261
1.13824
1.14239
1.14475
1.14466
1.14183
1.13675
1.13056
1.12448
1.11929
1.11517
1.11199
1.10978
1.10885
1.10978
1.11296
1.11822
1.12469
1.13096
1.13565
1.13786
1.13729
1.13418
1.12921
1.12333
1.11769
1.11336
1.11102
1.11082
1.11257
1.11615
1.12166
1.12904
1.13721
1.14377
1.14567
1.14038
1.12692
1.10629
1.08153
1.05738
1.03945
1.03285
1.04043
1.06136
1.0911
1.12323
1.15207
1.17411
1.18797
1.19354
1.19117
1.18129
1.16442
1.14166
1.1151
1.08828
1.06652
1.05657
1.06373
1.08727
1.12018
1.15399
1.18286
1.20371
1.21523
1.21714
1.20993
1.19482
1.17376
1.14934
1.12467
1.10308
1.08772
1.0809
1.08327
1.09328
1.1075
1.12198
1.13359
1.14065
1.14284
1.14098
1.13696
1.13349
1.13337
1.13834
1.14819
1.16075
1.17298
1.18219
1.18672
1.18621
1.18142
1.174
1.16608
1.15955
1.15526
1.15267
1.1502
1.14611
1.1395
1.13095
1.12265
1.11766
1.11848
1.12578
1.13802
1.15244
1.16677
1.18053
1.19468
1.20996
1.22547
1.23877
1.24716
1.24887
1.24357
1.23226
1.21697
1.20014
1.18387
1.16939
1.15708
1.14715
1.14031
1.13772
1.13993
1.14603
1.1538
1.16077
1.16507
1.16564
1.16219
1.15488
1.14427
1.13108
1.11633
1.10111
1.08645
1.07321
1.06185
1.05249
1.045
1.03942
1.03635
1.03739
1.04466
1.05911
1.079
1.1004
1.11924
1.13281
1.13988
1.14031
1.13457
1.12346
1.10815
1.09035
1.07247
1.0573
1.04746
1.04455
1.04847
1.05732
1.06793
1.07683
1.08104
1.07871
1.06931
1.05374
1.03422
1.01406
0.996979
0.986224
0.98387
0.990646
1.00585
1.02736
1.0522
1.07752
1.10146
1.12328
1.14277
1.15962
1.17302
1.18185
1.18519
1.18279
1.17547
1.16519
1.15462
1.14625
1.14121
1.13881
1.13701
1.13363
1.12744
1.11876
1.10941
1.10216
1.09977
1.10388
1.11405
1.12789
1.14207
1.15392
1.16254
1.16891
1.17466
1.18038
1.18504
1.18681
1.18419
1.17676
1.1652
1.1513
1.13771
1.12751
1.12322
1.12587
1.13463
1.14724
1.16098
1.1735
1.18322
1.18934
1.19159
1.19012
1.18553
1.1788
1.17109
1.16335
1.15613
1.14954
1.14348
1.13804
1.13371
1.13136
1.13151
1.13398
1.13781
1.14198
1.14591
1.14956
1.15282
1.1549
1.15453
1.15057
1.14266
1.13151
1.11867
1.10612
1.09584
1.08919
1.08657
1.08736
1.0902
1.09363
1.09665
1.09908
1.10136
1.10422
1.1082
1.11327
1.11891
1.12442
1.12937
1.13384
1.13841
1.14398
1.15137
1.16081
1.17142
1.18151
1.18942
1.19434
1.19662
1.19731
1.19755
1.198
1.19854
1.19823
1.1956
1.18927
1.17853
1.16385
1.14695
1.1304
1.11685
1.10827
1.10534
1.10731
1.11243
1.11857
1.12392
1.12744
1.12891
1.12877
1.12776
1.12645
1.1249
1.12257
1.11868
1.11271
1.10496
1.09655
1.08919
1.08457
1.08386
1.08738
1.0946
1.10447
1.11581
1.12782
1.14015
1.15278
1.16556
1.17788
1.18874
1.19704
1.20182
1.20242
1.19856
1.1903
1.17812
1.16315
1.14735
1.13354
1.12506
1.12466
1.13341
1.15001
1.17124
1.19333
1.21321
1.22913
1.24071
1.24845
1.25321
1.25575
1.25641
1.25522
1.25212
1.24719
1.24084
1.23371
1.22645
1.21935
1.21207
1.20369
1.19324
1.18049
1.16647
1.15321
1.14222
1.13303
1.12346
1.1116
1.09777
1.08513
1.07854
1.08228
1.09768
1.12246
1.15206
1.18159
1.20712
1.2261
1.23728
1.24049
1.23635
1.22601
1.21099
1.19292
1.17322
1.15303
1.13349
1.11632
1.10379
1.098
1.09963
1.10726
1.11813
1.12943
1.13914
1.1462
1.15025
1.15143
1.15029
1.14775
1.14497
1.14316
1.14332
1.14605
1.15159
1.16003
1.17136
1.18498
1.19931
1.21209
1.22138
1.22628
1.22697
1.22412
1.21847
1.21065
1.20112
1.19021
1.17834
1.16608
1.15403
1.1428
1.133
1.12527
1.12045
1.11945
1.12296
1.13099
1.14237
1.15484
1.16561
1.17221
1.1734
1.16927
1.16111
1.15099
1.14128
1.13425
1.13151
1.1334
1.13879
1.14539
1.15029
1.15093
1.146
1.13618
1.1241
1.11324
1.10609
1.10301
1.1025
1.10249
1.10147
1.09885
1.095
1.09084
1.08746
1.08589
1.08685
1.09075
1.0977
1.1076
1.12005
1.13422
1.14874
1.16194
1.17206
1.17776
1.17868
1.17563
1.17037
1.16503
1.16165
1.1618
1.16633
1.1753
1.18785
1.20251
1.2175
1.23115
1.24196
1.24857
1.24971
1.24443
1.23251
1.2146
1.19224
1.16762
1.14354
1.1236
1.11216
1.11215
1.12196
1.13565
1.14689
1.15212
1.15083
