-0.100606   -0.119881   0.339631
0.294534   0.0938804   -0.367075
-0.247465   0.360261   0.00796181
-0.161062   -0.0146377   -0.200021
0.417646   -0.163125   -0.414949
-0.495276   0.456034   0.166151
-0.353928   0.290694   0.31432
0.474883   0.102706   0.00901632
-0.262871   -0.0807681   -0.266808
0.108336   0.296427   0.232693
0.404707   0.288582   -0.31453
-0.224238   -0.0149097   -0.383733
0.365202   -0.326453   0.437101
0.43975   0.370697   -0.144994
-0.0373079   -0.28231   0.110355
0.274656   -0.474219   -0.285922
-0.393971   0.414014   -0.485382
0.310946   -0.348622   -0.0511632
-0.496483   0.418152   -0.0376971
-0.0421563   0.473316   0.078907
-0.3856   0.0644098   -0.269632
0.221854   -0.496966   0.419459
-0.332422   0.427231   0.135265
-0.157369   -0.0525101   -0.302081
-0.0813018   0.367978   -0.489668
-0.233955   0.283409   -0.0168781
0.355673   -0.485765   0.226032
0.479806   -0.435314   0.00356902
0.474056   0.4042   -0.409645
-0.307668   0.314878   0.384198
-0.387554   0.276884   -0.149037
-0.474533   0.350901   -0.206677
-0.474561   -0.133821   -0.159771
0.222853   0.35688   -0.332118
-0.150213   0.328224   0.396866
-0.30545   0.0674204   0.14832
-0.102281   -0.404341   0.00595738
0.0906713   -0.400538   -0.0690538
-0.191108   -0.284284   -0.418692
-0.381074   0.319869   -0.057124
-0.248812   -0.00416147   -0.483241
-0.432563   0.300652   -0.491911
-0.010579   0.264696   0.410984
0.215568   -0.297985   0.435671
0.216179   0.176366   0.448328
0.117931   0.357081   -0.307995
-0.277174   0.397426   0.403249
-0.413699   -0.465695   0.342891
-0.184049   0.333177   -0.119213
0.293984   -0.25519   0.437547
0.271787   -0.329361   -0.485553
0.0653688   -0.438224   -0.14692
-0.290435   0.481812   0.0895431
-0.301305   -0.12328   0.22483
-0.24491   -0.181762   0.0901119
0.125135   0.260981   -0.491923
0.0618472   0.0982054   0.0749873
0.222739   -0.172408   0.399021
0.235615   0.208982   -0.423839
0.191894   0.462493   -0.066664
0.449884   -0.182931   0.289757
0.321838   -0.0255288   0.460922
-0.232491   0.29316   0.306306
-0.142854   0.0435464   -0.126643
-0.349583   0.344046   -0.323609
-0.213496   0.308058   0.445816
-0.340069   0.0823536   0.0327836
-0.340728   0.35346   -0.172446
0.419564   -0.0830681   -0.425247
-0.377002   0.181718   0.397478
0.178139   -0.184717   0.322205
0.0729581   0.137081   -0.309284
-0.205422   -0.0476454   -0.113012
-0.479298   -0.327793   -0.496016
-0.360282   -0.335353   -0.00144299
0.238937   0.101943   -0.0725035
-0.267021   0.316926   -0.145168
-0.396543   0.257461   0.422721
-0.0986285   0.282983   -0.204775
0.332568   0.0673592   0.215654
-0.0463339   -0.00136857   0.328148
0.43459   -0.00872009   0.497436
0.0149093   0.0179339   -0.24486
-0.199095   -0.398533   0.289843
0.310115   -0.463553   -0.0962756
-0.164078   -0.105938   -0.168502
0.467939   0.447061   0.287884
-0.11302   0.250927   0.475742
-0.163303   -0.386949   -0.28924
-0.426856   -0.228416   -0.308885
-0.422184   -0.180169   -0.235951
0.279112   0.321674   0.175338
-0.000112593   -0.480923   0.041689
-0.361785   -0.319615   -0.082837
-0.39864   -0.33408   -0.376434
0.412986   -0.2078   0.0277818
-0.165259   0.253529   0.0991371
0.0512699   0.339283   -0.354961
0.0317837   -0.184904   -0.365724
0.329502   -0.449018   -0.466745
0.323287   0.156158   -0.0805278
-0.34601   -0.257196   -0.29132
-0.178738   0.246108   -0.182797
-0.378733   0.240675   -0.458274
-0.0129489   0.00587102   -0.107906
0.484564   -0.14611   -0.47619
-0.483333   0.409639   0.0522554
-0.0830819   0.061955   0.183474
