             20              0              0              0
             20      0.0256496              0              0
             20      0.0512993              0              0
             20      0.0769489              0              0
             20       0.102599              0              0
             20       0.128248              0              0
             20       0.153898              0              0
             20       0.179547              0              0
             20       0.205197              0              0
             20       0.230847              0              0
             20       0.256496              0              0
             20       0.282146              0              0
             20       0.307796              0              0
             20       0.333445              0              0
             20       0.359095              0              0
             20       0.384745              0              0
             20       0.410394              0              0
             20       0.436044              0              0
             20       0.461694              0              0
             20       0.487343              0              0
             20       0.512993              0              0
             20       0.538642              0              0
             20       0.564292              0              0
             20       0.589942              0              0
             20       0.615591              0              0
             20       0.641241              0              0
             20       0.666891              0              0
             20        0.69254              0              0
             20        0.71819              0              0
             20        0.74384              0              0
             20       0.769489              0              0
             20       0.795139              0              0
             20       0.820788              0              0
             20       0.846438              0              0
             20       0.872088     0.00165069    0.000690118
             20       0.897737      0.0239915     0.00333741
             20       0.923387       0.180413     0.00878245
             20       0.949037       0.593639      0.0137148
             20       0.974686        1.23908      0.0170336
             20        1.00034        1.85147        0.02309
             20        1.02599        2.30966      0.0251709
             20        1.05164        2.56469       0.032502
             20        1.07728        2.49275      0.0287744
             20        1.10293         2.3978      0.0236526
             20        1.12858        2.17787      0.0202833
             20        1.15423        2.01391      0.0230772
             20        1.17988        1.77309      0.0255011
             20        1.20553        1.56584      0.0240878
             20        1.23118        1.39544      0.0181156
             20        1.25683        1.26016      0.0195944
             20        1.28248        1.13798      0.0164376
             20        1.30813       0.999271      0.0175779
             20        1.33378       0.904895      0.0173718
             20        1.35943       0.845146      0.0128887
             20        1.38508       0.814711      0.0139104
             20        1.41073       0.773427       0.010083
             20        1.43638       0.745232     0.00809705
             20        1.46203       0.685564     0.00997731
             20        1.48768       0.682964      0.0113005
             20        1.51333       0.676234      0.0131877
             20        1.53898       0.675536      0.0141371
             20        1.56463       0.683098      0.0156883
             20        1.59028       0.686284     0.00959263
             20        1.61593       0.708153      0.0135243
             20        1.64158       0.723047      0.0152977
             20        1.66723       0.735308      0.0132875
             20        1.69288       0.767714      0.0124539
             20        1.71853       0.785601      0.0106515
             20        1.74418       0.818059      0.0093803
             20        1.76983       0.854461     0.00873966
             20        1.79547       0.884728     0.00783621
             20        1.82112       0.934673     0.00847139
             20        1.84677       0.968648      0.0102638
             20        1.87242        0.98561      0.0125476
             20        1.89807        1.02099      0.0111481
             20        1.92372        1.06578     0.00828515
             20        1.94937        1.11466       0.012811
             20        1.97502        1.15346      0.0102162
             20        2.00067        1.17529      0.0118265
             20        2.02632        1.21316      0.0132667
             20        2.05197        1.22414      0.0132549
             20        2.07762        1.24413      0.0136224
             20        2.10327         1.2292      0.0121717
             20        2.12892         1.2124      0.0139487
             20        2.15457        1.20518      0.0133227
             20        2.18022        1.16719      0.0146165
             20        2.20587        1.13504      0.0131124
             20        2.23152        1.09178      0.0100653
             20        2.25717        1.05927      0.0105717
             20        2.28282         1.0333     0.00960835
             20        2.30847        1.00246       0.010221
             20        2.33412       0.992386      0.0097318
             20        2.35977       0.950964     0.00931811
             20        2.38542       0.930357      0.0090878
             20        2.41107       0.925745     0.00716506
             20        2.43672       0.913821     0.00766199
             20        2.46237        0.90322     0.00743214
             20        2.48802       0.890656     0.00966917
             20        2.51366       0.885602      0.0118651
             20        2.53931       0.892401     0.00855759
