             20              0              0              0
             20      0.0230664              0              0
             20      0.0461329              0              0
             20      0.0691993              0              0
             20      0.0922657              0              0
             20       0.115332              0              0
             20       0.138399              0              0
             20       0.161465              0              0
             20       0.184531              0              0
             20       0.207598              0              0
             20       0.230664              0              0
             20       0.253731              0              0
             20       0.276797              0              0
             20       0.299864              0              0
             20        0.32293              0              0
             20       0.345996              0              0
             20       0.369063              0              0
             20       0.392129              0              0
             20       0.415196              0              0
             20       0.438262              0              0
             20       0.461329              0              0
             20       0.484395              0              0
             20       0.507461              0              0
             20       0.530528              0              0
             20       0.553594              0              0
             20       0.576661              0              0
             20       0.599727              0              0
             20       0.622794              0              0
             20        0.64586              0              0
             20       0.668926              0              0
             20       0.691993              0              0
             20       0.715059              0              0
             20       0.738126              0              0
             20       0.761192              0              0
             20       0.784259              0              0
             20       0.807325              0              0
             20       0.830391              0              0
             20       0.853458              0              0
             20       0.876524              0              0
             20       0.899591     0.00216874    0.000551094
             20       0.922657      0.0451191     0.00383186
             20       0.945724       0.296297     0.00886871
             20        0.96879        1.01513       0.013959
             20       0.991856        2.23928      0.0220001
             20        1.01492        3.64075      0.0297154
             20        1.03799        4.55835       0.029176
             20        1.06106        4.89134      0.0319234
             20        1.08412        4.50987      0.0271439
             20        1.10719        3.67601      0.0277523
             20        1.13026        2.69263      0.0260151
             20        1.15332        1.84614      0.0151866
             20        1.17639        1.15418      0.0155894
             20        1.19945       0.652305      0.0126632
             20        1.22252       0.342848     0.00885844
             20        1.24559       0.165743     0.00704796
             20        1.26865      0.0800891      0.0036601
             20        1.29172      0.0458888     0.00240254
             20        1.31479      0.0368782     0.00328386
             20        1.33785      0.0548297     0.00397132
             20        1.36092      0.0903412     0.00424759
             20        1.38399       0.174908     0.00688943
             20        1.40705       0.299773      0.0100335
             20        1.43012       0.445823     0.00674063
             20        1.45319       0.627887     0.00900945
             20        1.47625       0.820181      0.0123749
             20        1.49932       0.935266     0.00997435
             20        1.52238        0.97644      0.0133285
             20        1.54545        0.92882     0.00911773
             20        1.56852       0.817244     0.00894086
             20        1.59158       0.656292     0.00814108
             20        1.61465        0.47623     0.00718621
             20        1.63772       0.308988     0.00526054
             20        1.66078       0.204932     0.00557712
             20        1.68385       0.174984     0.00528961
             20        1.70692       0.236912     0.00640116
             20        1.72998       0.430869     0.00826075
             20        1.75305       0.749116     0.00856807
             20        1.77612        1.18695     0.00742142
             20        1.79918        1.71135     0.00997877
             20        1.82225        2.24698      0.0164478
             20        1.84531        2.63343      0.0168095
             20        1.86838        2.73252      0.0163734
             20        1.89145        2.56542      0.0135404
             20        1.91451         2.1992      0.0158901
             20        1.93758        1.69081      0.0134575
             20        1.96065        1.20266     0.00973234
             20        1.98371       0.795246     0.00736451
             20        2.00678       0.522892     0.00662613
             20        2.02985        0.41761     0.00740296
             20        2.05291       0.445124      0.0066506
             20        2.07598       0.574272     0.00461936
             20        2.09905       0.753071     0.00664833
             20        2.12211       0.924314     0.00621971
             20        2.14518        1.01726     0.00695997
             20        2.16824        1.02276     0.00935387
             20        2.19131       0.940068     0.00750522
             20        2.21438       0.798718     0.00639721
             20        2.23744       0.646771     0.00630731
             20        2.26051        0.55055     0.00715404
             20        2.28358       0.549033     0.00794038
