-0.466414   -0.250149   -0.418996
0.0108535   -0.460123   0.494533
0.386027   0.0842742   0.13893
-0.318927   0.0720024   -0.0687056
0.363042   0.367209   -0.0933423
-0.0541457   -0.367532   0.458858
-0.336365   -0.478472   -0.493508
0.0599417   0.126728   0.331412
-0.313101   -0.139712   -0.171895
-0.448556   0.0330359   -0.485624
0.0181456   -0.444136   -0.255591
-0.182683   -0.491352   -0.402521
0.12153   0.230413   0.315346
0.420099   -0.286472   -0.216648
-0.182843   0.0778888   0.308094
-0.195831   -0.198677   0.374683
0.248778   -0.32059   -0.448922
-0.129431   0.252274   0.100675
-0.410198   0.0056789   0.202436
0.196956   -0.230676   -0.305243
-0.163226   -0.0595354   -0.164865
-0.365764   0.312115   0.499561
-0.175097   0.106634   -0.351083
-0.0533429   0.318151   -0.422168
-0.259073   -0.234172   0.0722676
0.155926   0.101816   0.497974
-0.439171   -0.365707   0.324864
0.160279   -0.32321   -0.130033
0.257277   -0.202516   0.408555
-0.172287   0.441088   -0.115362
-0.0247953   -0.45107   -0.400913
0.0587904   -0.378684   0.0570878
-0.10492   0.448921   -0.348198
0.14798   -0.393762   -0.298436
-0.386289   -0.30876   -0.422181
0.0402884   0.208609   0.3319
0.273035   0.127085   -0.0013808
0.0621573   0.0711377   0.46329
0.0889672   -0.17101   -0.16633
-0.403395   -0.37662   0.00347861
-0.401591   -0.0436972   -0.133643
0.456385   -0.322848   -0.409991
0.102178   0.406799   0.489414
-0.0862704   0.21783   -0.103899
0.253842   -0.322875   -0.34116
0.336239   -0.264648   -0.21472
0.465422   -0.454308   0.497161
0.0916184   -0.36883   0.383735
-0.390357   0.314664   -0.0359475
0.228629   -0.153599   0.316506
-0.43453   -0.495181   0.122445
-0.484183   -0.36853   0.456062
0.141273   -0.240343   -0.170459
0.258653   0.260453   -0.229443
-0.0246747   0.126076   -0.0114211
0.139252   -0.287457   0.431655
0.185292   0.340407   -0.110739
-0.444264   0.435732   -0.432287
-0.21357   -0.0310425   0.286068
-0.163192   -0.368114   0.0741995
0.355758   -0.460659   0.474162
-0.292989   0.32265   0.020659
0.379191   -0.187492   -0.257799
-0.35809   0.23696   -0.33947
-0.173074   -0.209221   0.064946
-0.0364477   0.102886   -0.322317
-0.482495   0.462947   -0.137094
-0.0205382   0.0647627   0.443212
-0.409865   -0.297415   0.0533123
-0.111152   0.0628967   0.446348
0.126117   0.430584   -0.163166
-0.16879   -0.184516   0.290695
0.303462   0.347216   0.237753
0.429342   -0.225659   0.296872
-0.234137   -0.259881   -0.429113
0.0908529   0.132465   -0.142719
-0.258595   -0.22883   -0.0143016
-0.348888   -0.11753   -0.0430502
0.172438   0.277131   -0.0610678
0.266091   0.0391606   -0.017849
-0.371632   0.251533   0.443794
-0.416401   -0.0672214   -0.318235
-0.23334   -0.0314619   0.20429
-0.211502   0.400702   -0.296566
-0.496827   -0.159347   0.493504
-0.477624   -0.352846   -0.350792
0.143232   -0.336022   -0.0202345
0.010596   -0.486309   0.185996
0.232532   -0.399106   -0.109936
-0.133862   0.026529   0.0725411
-0.174604   0.142878   0.00960966
0.499388   -0.312256   0.262676
0.0123905   -0.452092   0.0437607
-0.382751   -0.3662   -0.494478
-0.132095   -0.352066   0.412746
-0.0791912   0.00760077   -0.0676942
0.265728   -0.0796645   0.0154174
-0.103251   -0.436737   0.117609
0.274976   -0.468048   0.490893
-0.491165   -0.324291   0.0267375
0.348852   0.447005   -0.337046
0.218194   -0.3026   0.446764
-0.0448046   -0.292632   0.192457
0.485778   -0.374885   0.159576
-0.435947   -0.485492   -0.478824
0.0285735   0.47448   -0.40655
0.384509   0.0113616   -0.314855
-0.258044   0.206855   0.00572459
