1.20471
1.20901
1.21194
1.21322
1.21289
1.21118
1.20848
1.20522
1.20189
1.19892
1.19665
1.19523
1.19467
1.1949
1.19576
1.1971
1.19874
1.20053
1.20236
1.20415
1.20588
1.20756
1.20922
1.21088
1.21252
1.21413
1.21564
1.21702
1.21824
1.21926
1.22009
1.22072
1.22119
1.22151
1.22171
1.22182
1.22188
1.22191
1.22195
1.22201
1.22212
1.22228
1.22249
1.22273
1.22296
1.2231
1.22307
1.22279
1.22215
1.22113
1.21975
1.21819
1.21675
1.21584
1.21588
1.21712
1.21955
1.22282
1.22638
1.22958
1.23182
1.23271
1.23209
1.23012
1.22729
1.2244
1.22239
1.22195
1.22336
1.22634
1.2303
1.2346
1.23871
1.24225
1.24496
1.24666
1.24727
1.24686
1.24562
1.24395
1.24231
1.24117
1.24084
1.24139
1.24268
1.24446
1.24645
1.24846
1.25035
1.25204
1.25346
1.25454
1.25521
1.25541
1.25508
1.25417
1.25265
1.25052
1.24783
1.24471
1.24141
1.2383
1.23582
1.23438
1.23423
1.23539
1.23762
1.24057
1.24385
1.24715
1.25027
1.2531
1.25558
1.25769
1.25944
1.26084
1.2619
1.26263
1.26301
1.26304
1.2627
1.26197
1.26084
1.25935
1.25752
1.25548
1.25337
1.25137
1.24972
1.24858
1.24809
1.24821
1.24879
1.24956
1.25019
1.2504
1.24999
1.24889
1.24718
1.245
1.24258
1.2401
1.23767
1.23528
1.23277
1.22991
1.22649
1.22238
1.21768
1.21286
1.20872
1.20624
1.2062
1.20874
1.21328
1.21874
1.22401
1.22826
1.2311
1.23247
1.23258
1.23176
1.2304
1.2288
1.22717
1.22552
1.22376
1.22166
1.21902
1.21566
1.2115
1.20666
1.20144
1.19641
1.19227
1.18969
1.18901
1.19016
1.19265
1.19584
1.19916
1.2022
1.20475
1.20674
1.20818
1.20911
1.20956
1.20959
1.20921
1.20847
1.20738
1.20599
1.20433
1.20247
1.20047
1.19843
1.19643
1.19458
1.19296
1.19164
1.19067
1.19005
1.18977
1.18978
1.19003
1.19045
1.19096
1.19151
1.19204
1.19252
1.19291
1.19319
1.19334
1.19333
1.19312
1.19268
1.19196
1.19093
1.18958
1.18792
1.18606
1.18418
1.18252
1.18137
1.18095
1.18136
1.18256
1.18431
1.18631
1.18826
1.1899
1.19106
1.19162
1.19154
1.19081
1.18943
1.18747
1.18498
1.1821
1.17897
1.17584
1.17296
1.17063
1.16914
1.16874
1.16953
1.17149
1.17445
1.17811
1.18212
1.18618
1.19002
1.19346
1.19643
1.19889
1.20087
1.20242
1.20361
1.20449
1.20514
1.2056
1.2059
1.20606
1.20608
1.20596
1.20566
1.20517
1.20444
1.20345
1.20218
1.2006
1.19872
1.19655
1.19412
1.19148
1.18871
1.1859
1.18318
1.18068
1.17853
1.17684
1.1757
1.1751
1.17503
1.17539
1.1761
1.17703
1.17813
1.1793
1.1805
1.18167
1.18276
1.18372
1.1845
1.18508
1.18547
1.18574
1.18599
1.18634
1.1869
1.18776
1.18892
1.19033
1.19189
1.1935
1.19503
1.19641
1.19758
1.1985
1.19917
1.19959
1.19976
1.19972
1.19947
1.19902
1.1984
1.19762
1.19671
1.19569
1.19458
1.19342
1.19225
1.1911
1.19001
1.18903
1.18817
1.18743
1.18678
1.18618
1.18558
1.18492
1.18417
1.18331
1.18237
1.18139
1.18046
1.17969
1.1792
1.17907
1.17939
1.18015
1.18134
1.1829
1.18476
1.18685
1.18905
1.1913
1.19353
1.1957
1.19777
1.19972
1.20154
1.20317
1.20458
1.2057
1.2065
1.20692
1.20697
1.20666
1.20604
1.20517
1.20413
1.20297
1.20173
1.20043
1.19908
1.1977
1.1963
1.19493
1.19359
1.19227
1.1909
1.1894
1.18768
1.18577
1.18378
1.18196
1.18064
1.18017
1.18083
1.18277
1.18596
1.1902
1.19519
1.20057
1.20595
1.21104
1.21558
1.21945
1.22256
1.2249
1.2265
1.22743
1.22775
1.22755
1.2269
1.22589
1.22462
1.22318
1.22166
1.22017
1.21875
1.21747
1.21631
1.21525
1.21425
1.21323
1.21215
1.21096
1.20966
1.20825
1.20674
1.20511
1.2033
1.20122
1.19877
1.19591
1.19267
1.18924
1.18595
1.18314
1.18096
1.17921
1.17746
1.17558
1.17424
1.17476
1.17827
1.18464
1.19252
1.20019
1.20648
1.21095
1.21374
1.21521
1.21575
1.21569
1.21523
1.21452
1.2136
1.21251
1.21124
1.20981
1.20829
1.2068
1.20552
1.20464
1.20432
1.20464
1.20554
1.20688
1.20847
1.2101
1.2116
1.21285
1.21377
1.21433
1.21448
1.2142
1.21347
1.21228
1.21063
1.20854
1.20609
1.20338
1.20056
1.19784
1.19541
1.19349
1.19225
1.19179
1.19213
1.19318
1.19477
1.1967
1.19875
1.20074
1.20254
1.20407
1.2053
1.20623
1.20688
1.20729
1.20748
1.20749
1.20734
1.20704
1.20657
1.20592
1.20504
1.20386
1.20232
1.20033
1.19782
1.19477
1.19126
1.18747
1.18376
1.18056
1.17835
1.17742
1.17784
1.1794
1.18172
1.18439
1.18706
1.18946
1.19145
1.19291
1.19379
1.19407
1.19374
1.19281
1.19134
1.18947
1.18742
1.18551
1.18413
1.18362
1.18417
1.18574
1.18807
1.19073
1.19326
1.19524
1.19636
1.19637
1.19514
1.19263
1.18896
1.18448
1.17978
1.17559
1.17261
1.17118
1.17124
1.17236
1.17408
1.17609
1.17825
1.18052
1.18287
1.18519
1.18734
1.18919
1.19066
1.19173
1.19246
1.19292
1.19321
1.1934
1.19356
1.19374
1.19398
1.19434
1.19484
1.19551
1.19635
1.19736
1.19847
1.19961
1.2007
1.20163
1.20233
1.20272
1.2028
1.20256
1.20208
1.20144
1.2008
1.2003
1.20012
1.20038
1.20116
1.20247
1.20426
1.20639
1.20868
1.21096
1.21302
1.21469
1.21583
1.21632
1.21609
1.21509
1.21335
1.21095
1.20804
1.20488
1.20175
1.19896
1.19673
1.19513
1.19406
1.19329
1.19257
1.19175
1.19083
1.19
1.18959
1.18994
1.1913
1.19373
1.19698
1.20065
1.20424
1.20733
1.20962
1.21102
1.21153
1.21128
1.21043
1.20917
1.20772
1.20629
1.2051
1.20437
1.20427
1.20494
1.20638
1.20855
1.21126
1.21432
1.21749
1.22056
1.22339
1.22588
1.22796
1.22964
1.23093
1.23186
1.23244
1.2327
1.23264
1.23225
1.23148
1.23031
1.22869
1.22658
1.22394
1.22076
1.21706
1.21292
1.20847
1.20397
1.19979
1.19635
1.19403
1.19305
1.1933
1.19444
1.19596
1.19743
1.19859
1.1994
1.20004
1.20078
1.20185
1.20342
1.20551
1.20806
1.21096
1.21409
1.21736
1.22071
1.22408
1.22741
1.23064
1.23368
1.23646
1.23891
1.24099
1.24268
1.24398
1.24488
1.24544
1.24565
1.24556
1.24516
1.24445
1.24339
1.24192
1.23998
1.23749
1.2344
1.23068
1.22639
1.22165
1.21667
1.21172
1.20704
1.20285
1.1993
1.19648
1.19448
1.19332
1.193
1.1934
1.19434
1.19555
1.19678
1.19777
1.19833
1.19828
1.19745
1.19571
1.19304
1.18967
1.18608
1.18292
1.1808
1.18001
1.18047
1.18194
1.18414
1.18694
1.19022
1.19385
1.19766
1.20148
1.20516
1.20861
1.21177
1.21458
1.217
1.219
1.22056
1.22168
1.22238
1.22272
1.22279
1.22267
1.22246
1.22224
1.2221
1.22206
1.22215
1.22235
1.22261
1.22288
1.22308
1.22316
1.22306
1.22274
1.22218
1.22141
1.22046
1.21939
1.21826
1.21715
1.21609
1.21508
1.21408
1.21299
1.21171
1.21016
1.20829
1.20615
1.20387
1.20166
1.19979
1.19855
1.19815
1.19872
1.2002
1.20242
1.20512
1.20805
1.211
1.21381
1.21645
1.21889
1.22118
1.22335
1.22542
1.2274
1.22927
1.23099
1.23254
1.23387
1.23498
1.23588
1.23656
1.23706
1.23739
1.23757
1.23758
1.2374
1.23696
1.23618
1.23496
1.23326
1.23107
1.22851
1.22582
1.22334
1.22141
1.22031
1.22011
1.22073
1.22191
1.2234
1.22497
1.22651
1.22796
1.2293
1.23053
1.23163
1.23256
1.23327
1.23371
1.2339
1.23387
1.23374
1.23365
1.23375
1.23412
1.2347
1.23533
1.23571
1.23557
1.23464
1.2328
1.23006
1.22662
1.22285
1.21924
1.2163
1.2145
1.21407
1.21497
1.21689
1.21932
1.22172
1.22365
1.22486
1.2254
1.22554
1.22573
1.22633
1.22755
1.22932
1.23138
1.23337
1.235
1.2361
1.23661
1.23658
1.23614
1.23542
1.23454
1.23356
1.2325
1.23135
1.23006
1.2286
1.22697
1.22524
1.22346
1.22175
1.2202
1.21887
1.21773
1.21669
1.21553
1.21396
1.2116
1.2081
1.20324
1.19718
1.19067
1.18512
1.18207
1.18243
1.18586
1.19097
1.19623
1.20052
1.20341
1.20492
1.20528
1.20481
1.20376
1.20234
1.20068
1.19884
1.19684
1.19467
1.19232
1.18979
1.1871
1.18434
1.18162
1.1791
1.17692
1.17516
1.17387
1.17306
1.17271
1.17282
1.17341
1.17455
1.17623
1.17843
1.18104
1.18388
1.18676
1.18946
1.19183
1.19368
1.19492
1.19541
1.19504
1.1937
1.19123
1.18749
1.18238
1.17591
1.16828
1.16002
1.15196
1.14517
1.1406
1.13885
1.13998
1.14359
1.14896
1.15524
1.16165
1.16758
1.17268
1.17681
1.18001
1.18238
1.1841
1.1853
1.1861
1.1866
1.18685
1.18689
1.18671
1.1863
1.18564
1.18468
1.18339
1.18172
1.17963
1.17711
1.1742
1.17097
1.16756
1.16417
1.16106
1.15849
1.15672
1.15589
1.15603
1.157
1.15858
1.16047
1.16244
1.16429
1.16596
1.1674
1.16861
1.16961
1.17037
1.17086
1.17103
1.17083
1.17026
1.16934
1.16815
1.16678
1.16538
1.1641
1.16311
1.16251
1.16239
1.16268
1.16323
1.16382
1.16421
1.1642
1.16369
1.16267
1.16125
1.1596
1.15793
1.15647
1.15542
1.15493
1.15508
1.15589
1.15729
1.15916
1.16136
1.16372
1.16611
1.16841
