1              0              0
1       0.064633              0
1       0.129266              0
1       0.193899              0
1       0.258532              0
1       0.323165              0
1       0.387798              0
1       0.452431              0
1       0.517064              0
1       0.581697              0
1        0.64633              0
1       0.710963              0
1       0.775596              0
1        0.84023              0
1       0.904863       0.134936
1       0.969496       0.844815
1        1.03413        1.85986
1        1.09876        2.18082
1        1.16339        2.42979
1        1.22803         1.4982
1        1.29266        1.73998
1        1.35729        1.57719
1        1.42193        1.83682
1        1.48656        1.67198
1        1.55119        1.74922
1        1.61583        1.41331
1        1.68046        1.19988
1        1.74509        1.07957
1        1.80973       0.932584
1        1.87436        1.07362
1        1.93899        1.14283
1        2.00362        1.06043
1        2.06826       0.942446
1        2.13289       0.994012
1        2.19752       0.977578
1        2.26216        1.00296
1        2.32679       0.860278
1        2.39142       0.959385
1        2.45606       0.842447
1        2.52069       0.915067
1        2.58532       0.797237
1        2.64995        1.04702
1        2.71459        1.07689
1        2.77922       0.809901
1        2.84385       0.945892
1        2.90849       0.897391
1        2.97312        1.00763
1        3.03775       0.846637
1        3.10239        1.00049
1        3.16702       0.862468
1        3.23165        1.11542
1        3.29629       0.924367
1        3.36092        1.02335
1        3.42555       0.960281
1        3.49018        0.85407
1        3.55482        1.02769
1        3.61945        1.00189
1        3.68408        1.09743
1        3.74872        1.02387
1        3.81335        1.09149
1        3.87798         1.2424
1        3.94262        1.11921
1        4.00725       0.902601
1        4.07188       0.991344
1        4.13651       0.974488
1        4.20115       0.882879
1        4.26578       0.906881
1        4.33041       0.959271
1        4.39505       0.953335
1        4.45968       0.988924
1        4.52431       0.891229
1        4.58895       0.987755
1        4.65358        1.08862
1        4.71821        0.94241
1        4.78285       0.923574
1        4.84748       0.932591
1        4.91211       0.975145
1        4.97674       0.925062
1        5.04138       0.949826
1        5.10601       0.892576
1        5.17064       0.985756
1        5.23528       0.879545
1        5.29991       0.917372
1        5.36454        1.01295
1        5.42918        1.00594
1        5.49381        1.00584
1        5.55844        1.18346
1        5.62307        1.02226
1        5.68771          1.108
1        5.75234       0.961275
1        5.81697        1.05983
1        5.88161        1.10277
1        5.94624        1.05941
1        6.01087        1.11603
1        6.07551        1.05342
1        6.14014       0.953198
1        6.20477        1.03811
1         6.2694        1.05091
1        6.33404        1.02158
1        6.39867       0.989902
2              0              0
2       0.064633              0
2       0.129266              0
2       0.193899              0
2       0.258532              0
2       0.323165              0
2       0.387798              0
2       0.452431              0
2       0.517064              0
2       0.581697              0
2        0.64633              0
2       0.710963              0
2       0.775596              0
2        0.84023              0
2       0.904863       0.269872
2       0.969496        1.27176
2        1.03413        2.74169
2        1.09876          2.865
2        1.16339        2.30862
2        1.22803        2.28461
2        1.29266        1.69843
2        1.35729        1.58663
2        1.42193        1.43582
2        1.48656        1.96843
2        1.55119        1.66558
2        1.61583        1.37974
2        1.68046       0.907679
2        1.74509       0.825554
2        1.80973       0.884208
2        1.87436       0.908062
2        1.93899       0.708698
2        2.00362        1.20123
2        2.06826          1.331
2        2.13289       0.968724
2        2.19752         1.0326
2        2.26216       0.989107
2        2.32679        1.17653
2        2.39142        1.10221
2        2.45606       0.863067
2        2.52069        1.07597
2        2.58532       0.991555
2        2.64995       0.951953
2        2.71459        0.99108
2        2.77922       0.864125
2        2.84385        1.07047
2        2.90849       0.957499
2        2.97312       0.896567
2        3.03775       0.896952
2        3.10239       0.851994
2        3.16702       0.933746
2        3.23165       0.951064
2        3.29629       0.958938
2        3.36092        1.04236
2        3.42555        1.04037
2        3.49018        1.02312
2        3.55482        1.05533
2        3.61945       0.979326
2        3.68408       0.974613
2        3.74872         0.9167
2        3.81335         1.0471
2        3.87798        0.94179
2        3.94262       0.982986
2        4.00725       0.863479
2        4.07188       0.952362
2        4.13651       0.886327
2        4.20115       0.858962
2        4.26578       0.865906
2        4.33041       0.959271
2        4.39505        1.00545
2        4.45968       0.948246
2        4.52431        1.01817
2        4.58895       0.988182
2        4.65358       0.925806
2        4.71821       0.930286
2        4.78285       0.902333
2        4.84748       0.821523
2        4.91211       0.975518
2        4.97674        1.01193
2        5.04138       0.965769
2        5.10601       0.939554
2        5.17064       0.950045
2        5.23528        1.01628
2        5.29991        1.07005
2        5.36454        1.13977
2        5.42918        1.13099
2        5.49381        1.15516
2        5.55844        1.03699
2        5.62307        0.97578
2        5.68771       0.915108
2        5.75234       0.915214
2        5.81697        1.01665
2        5.88161        1.03497
2        5.94624        1.07523
2        6.01087        1.03537
2        6.07551        1.02164
2        6.14014        1.08557
2        6.20477        1.01161
2         6.2694        1.03369
2        6.33404        1.05488
2        6.39867        1.07745
3              0              0
3       0.064633              0
3       0.129266              0
3       0.193899              0
3       0.258532              0
3       0.323165              0
3       0.387798              0
3       0.452431              0
3       0.517064              0
3       0.581697              0
3        0.64633              0
3       0.710963              0
3       0.775596              0
3        0.84023              0
3       0.904863       0.197214
3       0.969496        1.78955
3        1.03413         3.1345
3        1.09876        3.21421
3        1.16339        2.37239
3        1.22803        1.63596
3        1.29266        1.95293
3        1.35729        1.31275
3        1.42193        2.18607
3        1.48656        1.51783
3        1.55119        1.32374
3        1.61583         1.3126
3        1.68046        1.13771
3        1.74509        1.41152
3        1.80973       0.999773
3        1.87436       0.812741
3        1.93899       0.926939
3        2.00362       0.818423
3        2.06826        1.14086
3        2.13289          1.243
3        2.19752        1.21051
3        2.26216       0.938872
3        2.32679        1.16179
3        2.39142       0.928337
3        2.45606        1.11639
3        2.52069       0.962639
3        2.58532        1.01418
3        2.64995       0.889841
3        2.71459       0.916144
3        2.77922        1.04064
3        2.84385        1.04732
3        2.90849       0.750814
3        2.97312       0.854162
3        3.03775        1.11079
3        3.10239        1.13599
3        3.16702       0.961366
3        3.23165        1.00927
3        3.29629       0.943298
3        3.36092       0.960775
3        3.42555        1.01672
3        3.49018        0.98931
3        3.55482       0.968865
3        3.61945        0.85691
3        3.68408       0.851796
3        3.74872       0.929458
3        3.81335       0.929312
3        3.87798       0.857095
3        3.94262       0.914298
3        4.00725       0.886952
3        4.07188       0.881436
3        4.13651       0.827029
3        4.20115       0.870666
3        4.26578       0.862944
3        4.33041       0.919501
3        4.39505       0.946356
3        4.45968        1.04316
3        4.52431        1.01773
3        4.58895        1.09153
3        4.65358       0.932451
3        4.71821        0.91695
3        4.78285        1.13559
3        4.84748        1.05362
3        4.91211        1.01506
3        4.97674       0.885806
3        5.04138       0.998717
3        5.10601        1.03627
3        5.17064        1.01507
3        5.23528        1.00214
3        5.29991        0.91641
3        5.36454        1.00262
3        5.42918        1.08941
3        5.49381        1.13724
3        5.55844       0.963166
3        5.62307        1.00173
3        5.68771       0.990368
3        5.75234        1.04985
3        5.81697       0.975334
3        5.88161       0.998723
3        5.94624       0.970867
3        6.01087       0.965444
3        6.07551       0.960277
3        6.14014        1.07001
3        6.20477        1.00458
3         6.2694        1.03575
3        6.33404        1.02721
3        6.39867         1.0393
4              0              0
4       0.064633              0
4       0.129266              0
4       0.193899              0
4       0.258532              0
4       0.323165              0
4       0.387798              0
4       0.452431              0
4       0.517064              0
4       0.581697              0
4        0.64633              0
4       0.710963              0
4       0.775596              0
4        0.84023              0
4       0.904863       0.238733
4       0.969496        1.26268
4        1.03413        1.89994
4        1.09876         2.3875
4        1.16339        1.78567
4        1.22803        2.14684
4        1.29266         1.6361
4        1.35729        1.46386
4        1.42193        1.31509
4        1.48656        1.52969
4        1.55119        1.67649
4        1.61583        1.11454
4        1.68046        1.75319
4        1.74509        1.67709
4        1.80973        1.26584
4        1.87436        1.04352
4        1.93899       0.994993
4        2.00362        1.39704
4        2.06826        1.18426
4        2.13289       0.980395
4        2.19752       0.717135
4        2.26216       0.795097
4        2.32679        1.00775
4        2.39142        1.07892
4        2.45606        1.21065
4        2.52069        1.16972
4        2.58532        1.25508
4        2.64995       0.901249
4        2.71459       0.923396
4        2.77922       0.965652
4        2.84385        1.02857
4        2.90849       0.959608
4        2.97312       0.998542
4        3.03775       0.930817
4        3.10239        1.13785
4        3.16702       0.993442
4        3.23165       0.963049
4        3.29629       0.785259
4        3.36092       0.899786
4        3.42555       0.864939
4        3.49018        0.90111
4        3.55482       0.939806
4        3.61945       0.912305
4        3.68408       0.872266
4        3.74872       0.991975
4        3.81335       0.905262
4        3.87798        0.86962
4        3.94262       0.787313
4        4.00725       0.946194
4        4.07188        0.95182
4        4.13651       0.923061
4        4.20115       0.957682
4        4.26578       0.903919
4        4.33041       0.944417
4        4.39505       0.960314
4        4.45968        1.11909
4        4.52431        1.04101
4        4.58895        1.09366
4        4.65358       0.951557
4        4.71821       0.985247
4        4.78285       0.962515
4        4.84748        1.01072
4        4.91211       0.959104
4        4.97674       0.956322
4        5.04138        1.06532
4        5.10601       0.795166
4        5.17064       0.993505
4        5.23528        1.06985
4        5.29991        1.10405
4        5.36454        1.10658
4        5.42918          1.105
4        5.49381        1.04347
4        5.55844        1.02852
4        5.62307       0.931867
4        5.68771       0.937965
4        5.75234       0.958277
4        5.81697        1.10568
4        5.88161        1.01906
4        5.94624        0.89483
4        6.01087        0.91425
4        6.07551       0.883024
4        6.14014       0.911307
4        6.20477       0.900958
4         6.2694       0.973745
4        6.33404       0.973651
4        6.39867        1.01835
5              0              0
5       0.064633              0
5       0.129266              0
5       0.193899              0
5       0.258532              0
5       0.323165              0
5       0.387798              0
5       0.452431              0
5       0.517064              0
5       0.581697              0
5        0.64633              0
5       0.710963              0
5       0.775596              0
5        0.84023              0
5       0.904863       0.114177
5       0.969496        0.65405
5        1.03413        1.69151
5        1.09876        1.96701
5        1.16339        1.93873
5        1.22803        1.84261
5        1.29266        1.43873
5        1.35729        1.34108
5        1.42193        1.33665
5        1.48656        1.15418
5        1.55119       0.880067
5        1.61583        1.24211
5        1.68046        1.55424
5        1.74509        1.31338
5        1.80973        1.15028
5        1.87436        1.15891
5        1.93899        1.10763
5        2.00362        1.27384
5        2.06826        1.32273
5        2.13289        1.08544
5        2.19752        1.05278
5        2.26216        1.16926
5        2.32679       0.922546
5        2.39142        1.24658
5        2.45606        1.16352
5        2.52069        1.16272
5        2.58532        1.31631
5        2.64995        1.28659
5        2.71459           0.84
5        2.77922        0.78452
5        2.84385       0.902897
5        2.90849       0.954335
5        2.97312       0.857191
5        3.03775       0.883406
5        3.10239       0.968934
5        3.16702       0.970276
5        3.23165       0.983594
5        3.29629       0.973754
5        3.36092         0.9782
5        3.42555        1.02816
5        3.49018        0.90993
5        3.55482       0.829241
5        3.61945       0.910938
5        3.68408        1.14629
5        3.74872        1.01622
5        3.81335       0.933629
5        3.87798       0.954912
5        3.94262       0.839839
5        4.00725        0.94843
5        4.07188       0.916628
5        4.13651       0.851693
5        4.20115       0.825377
5        4.26578        1.01549
5        4.33041        1.01533
5        4.39505         1.0664
5        4.45968        0.86463
5        4.52431       0.996208
5        4.58895        1.06121
5        4.65358       0.957787
5        4.71821       0.973123
5        4.78285       0.953861
5        4.84748       0.954039
5        4.91211        1.04528
5        4.97674        1.14352
5        5.04138       0.941324
5        5.10601        1.00657
5        5.17064       0.966553
5        5.23528         1.0567
5        5.29991       0.962278
5        5.36454        1.10751
5        5.42918       0.926439
5        5.49381        0.94999
5        5.55844        1.00664
5        5.62307        1.06418
5        5.68771          1.125
5        5.75234       0.974357
5        5.81697       0.991328
5        5.88161       0.928317
5        5.94624       0.842523
5        6.01087       0.900765
5        6.07551       0.911872
5        6.14014       0.928782
5        6.20477       0.978558
5         6.2694       0.935622
5        6.33404       0.947999
5        6.39867       0.949989
6              0              0
6       0.064633              0
6       0.129266              0
6       0.193899              0
6       0.258532              0
6       0.323165              0
6       0.387798              0
6       0.452431              0
6       0.517064              0
6       0.581697              0
6        0.64633              0
6       0.710963              0
6       0.775596              0
6        0.84023              0
6       0.904863              0
6       0.969496        1.11734
6        1.03413        2.35689
6        1.09876        2.65119
6        1.16339        2.28311
6        1.22803        1.44079
6        1.29266         1.2933
6        1.35729        1.21831
6        1.42193       0.556219
6        1.48656        0.90121
6        1.55119        1.00371
6        1.61583       0.956757
6        1.68046        1.27448
6        1.74509         1.4173
6        1.80973         1.1234
6        1.87436        1.14386
6        1.93899        1.06305
6        2.00362        1.11543
6        2.06826        1.10779
6        2.13289        1.01541
6        2.19752        1.10963
6        2.26216        1.02375
6        2.32679        1.04544
6        2.39142        1.10065
6        2.45606        1.01477
6        2.52069        1.31803
6        2.58532        1.40548
6        2.64995        1.13575
6        2.71459         1.0636
6        2.77922       0.882585
6        2.84385       0.837853
6        2.90849       0.961717
6        2.97312        1.04196
6        3.03775        1.15046
6        3.10239       0.963366
6        3.16702       0.917708
6        3.23165       0.952776
6        3.29629       0.864279
6        3.36092         1.0186
6        3.42555       0.832141
6        3.49018        0.84231
6        3.55482       0.810813
6        3.61945       0.827503
6        3.68408       0.827365
6        3.74872       0.978578
6        3.81335        1.00023
6        3.87798       0.988909
6        3.94262        1.17635
6        4.00725        1.03059
6        4.07188        1.09367
6        4.13651        1.04691
6        4.20115        0.97651
6        4.26578       0.936008
6        4.33041       0.833732
6        4.39505       0.942634
6        4.45968       0.913444
6        4.52431        1.04013
6        4.58895        0.95957
6        4.65358       0.991846
6        4.71821        1.05071
6        4.78285        1.14817
6        4.84748        0.99387
6        4.91211        1.01805
6        4.97674       0.939238
6        5.04138       0.965769
6        5.10601        1.02936
6        5.17064        1.02349
6        5.23528        1.02909
6        5.29991        1.02707
6        5.36454       0.953458
6        5.42918       0.972302
6        5.49381       0.909374
6        5.55844        0.93603
6        5.62307       0.994314
6        5.68771        1.05559
6        5.75234        1.03732
6        5.81697       0.987329
6        5.88161       0.968735
6        5.94624       0.949944
6        6.01087       0.928484
6        6.07551       0.850021
6        6.14014       0.876598
6        6.20477       0.988873
6         6.2694       0.981783
6        6.33404        0.95745
6        6.39867        1.01284
7              0              0
7       0.064633              0
7       0.129266              0
7       0.193899              0
7       0.258532              0
7       0.323165              0
7       0.387798              0
7       0.452431              0
7       0.517064              0
7       0.581697              0
7        0.64633              0
7       0.710963              0
7       0.775596              0
7        0.84023              0
7       0.904863              0
7       0.969496       0.990159
7        1.03413        2.10837
7        1.09876         2.3091
7        1.16339        1.48593
7        1.22803         1.9976
7        1.29266        1.59974
7        1.35729        1.35525
7        1.42193        1.28922
7        1.48656        1.20557
7        1.55119       0.992802
7        1.61583         1.2891
7        1.68046       0.727386
7        1.74509        1.19503
7        1.80973        1.50235
7        1.87436        1.28684
7        1.93899        1.17334
7        2.00362        1.00543
7        2.06826        1.13879
7        2.13289        1.07182
7        2.19752        1.05644
7        2.26216       0.925014
7        2.32679        1.01923
7        2.39142       0.965594
7        2.45606       0.868958
7        2.52069       0.976631
7        2.58532        1.04213
7        2.64995       0.778294
7        2.71459       0.895598
7        2.77922        1.00372
7        2.84385        1.07267
7        2.90849        1.04397
7        2.97312        1.21865
7        3.03775        0.96178
7        3.10239       0.957797
7        3.16702        1.08789
7        3.23165        1.01013
7        3.29629       0.824769
7        3.36092       0.860183
7        3.42555       0.843582
7        3.49018       0.850395
7        3.55482        0.87531
7        3.61945       0.952655
7        3.68408       0.917167
7        3.74872       0.912872
7        3.81335       0.868263
7        3.87798        0.90481
7        3.94262       0.974905
7        4.00725        1.13566
7        4.07188        1.16081
7        4.13651        1.07419
7        4.20115       0.957173
7        4.26578        1.08065
7        4.33041       0.958312
7        4.39505        1.08733
7        4.45968       0.964065
7        4.52431       0.932078
7        4.58895       0.913876
7        4.65358        1.07741
7        4.71821       0.941197
7        4.78285        1.02899
7        4.84748        1.06626
7        4.91211        1.03632
7        4.97674        1.04392
7        5.04138        1.00332
7        5.10601        1.02695
7        5.17064       0.983398
7        5.23528       0.983736
7        5.29991       0.995958
7        5.36454        1.00418
7        5.42918        0.96955
7        5.49381        0.98523
7        5.55844       0.933696
7        5.62307        1.01399
7        5.68771        1.05699
7        5.75234        1.04958
7        5.81697       0.982798
7        5.88161       0.930924
7        5.94624       0.843034
7        6.01087       0.906508
7        6.07551       0.967122
7        6.14014       0.954156
7        6.20477         0.9734
7         6.2694       0.974205
7        6.33404       0.989852
7        6.39867        1.03643
8              0              0
8       0.064633              0
8       0.129266              0
8       0.193899              0
8       0.258532              0
8       0.323165              0
8       0.387798              0
8       0.452431              0
8       0.517064              0
8       0.581697              0
8        0.64633              0
8       0.710963              0
8       0.775596              0
8        0.84023              0
8       0.904863      0.0830375
8       0.969496         1.2536
8        1.03413        1.53118
8        1.09876        2.50153
8        1.16339        2.21296
8        1.22803        1.63022
8        1.29266        1.75037
8        1.35729        1.60552
8        1.42193        1.59104
8        1.48656        1.35182
8        1.55119        1.13827
8        1.61583        1.34953
8        1.68046         1.2465
8        1.74509        1.42596
8        1.80973         1.6206
8        1.87436       0.729962
8        1.93899       0.962139
8        2.00362       0.781022
8        2.06826       0.919712
8        2.13289        1.10684
8        2.19752       0.950066
8        2.26216        1.02722
8        2.32679        1.01431
8        2.39142       0.954728
8        2.45606        0.84392
8        2.52069       0.901075
8        2.58532       0.959612
8        2.64995        1.07618
8        2.71459        1.15062
8        2.77922       0.935655
8        2.84385       0.986682
8        2.90849       0.874192
8        2.97312        1.03085
8        3.03775        1.03048
8        3.10239       0.896542
8        3.16702       0.830392
8        3.23165       0.801256
8        3.29629       0.799252
8        3.36092       0.787313
8        3.42555       0.839006
8        3.49018        1.04664
8        3.55482       0.890194
8        3.61945       0.933506
8        3.68408       0.864342
8        3.74872       0.811442
8        3.81335       0.848529
8        3.87798       0.982348
8        3.94262        1.06553
8        4.00725        1.13286
8        4.07188        1.11316
8        4.13651        1.09046
8        4.20115       0.987705
8        4.26578        1.10583
8        4.33041        1.20652
8        4.39505        1.21389
8        4.45968       0.977624
8        4.52431        0.84994
8        4.58895         0.7832
8        4.65358       0.862673
8        4.71821        0.98363
8        4.78285        1.11199
8        4.84748        1.06434
8        4.91211        1.13481
8        4.97674        1.01884
8        5.04138       0.946284
8        5.10601        1.02038
8        5.17064       0.969248
8        5.23528        1.03863
8        5.29991        1.05273
8        5.36454       0.977256
8        5.42918       0.915737
8        5.49381       0.990905
8        5.55844        1.01218
8        5.62307        1.03908
8        5.68771       0.971971
8        5.75234       0.900769
8        5.81697       0.990261
8        5.88161        1.02636
8        5.94624       0.890748
8        6.01087       0.970938
8        6.07551        1.00159
8        6.14014       0.877076
8        6.20477       0.934717
8         6.2694       0.954225
8        6.33404        1.03486
8        6.39867         1.0296
9              0              0
9       0.064633              0
9       0.129266              0
9       0.193899              0
9       0.258532              0
9       0.323165              0
9       0.387798              0
9       0.452431              0
9       0.517064              0
9       0.581697              0
9        0.64633              0
9       0.710963              0
9       0.775596              0
9        0.84023              0
9       0.904863       0.311391
9       0.969496        1.18092
9        1.03413        2.82987
9        1.09876        1.96701
9        1.16339        2.05352
9        1.22803        1.92297
9        1.29266        1.72959
9        1.35729        1.22303
9        1.42193        1.48756
9        1.48656        1.22138
9        1.55119        1.40738
9        1.61583        1.51738
9        1.68046       0.941872
9        1.74509         1.4606
9        1.80973        1.33034
9        1.87436        1.07362
9        1.93899       0.938672
9        2.00362        1.37724
9        2.06826       0.973447
9        2.13289       0.857846
9        2.19752        1.08029
9        2.26216       0.850528
9        2.32679       0.968428
9        2.39142       0.841402
9        2.45606       0.876322
9        2.52069        1.12634
9        2.58532       0.819863
9        2.64995       0.883503
9        2.71459        1.08294
9        2.77922       0.866433
9        2.84385       0.927151
9        2.90849       0.823575
9        2.97312       0.865268
9        3.03775       0.911466
9        3.10239       0.965222
9        3.16702       0.839302
9        3.23165       0.737053
9        3.29629       0.888149
9        3.36092       0.861767
9        3.42555       0.923669
9        3.49018       0.937125
9        3.55482       0.922796
9        3.61945       0.949235
9        3.68408       0.857739
9        3.74872       0.903941
9        3.81335        1.06375
9        3.87798        1.14876
9        3.94262        1.08457
9        4.00725        1.02947
9        4.07188          1.111
9        4.13651       0.928308
9        4.20115        0.91799
9        4.26578        1.05449
9        4.33041        1.17585
9        4.39505        1.14735
9        4.45968        1.02101
9        4.52431       0.925929
9        4.58895       0.837862
9        4.65358       0.920821
9        4.71821        1.01556
9        4.78285        1.05652
9        4.84748        1.05553
9        4.91211       0.936348
9        4.97674       0.870903
9        5.04138        1.06957
9        5.10601        1.03351
9        5.17064       0.988788
9        5.23528       0.975519
9        5.29991       0.979278
9        5.36454       0.950953
9        5.42918        1.00257
9        5.49381          1.013
9        5.55844       0.966959
9        5.62307        0.92816
9        5.68771       0.973086
9        5.75234        1.02423
9        5.81697       0.938549
9        5.88161        1.04227
9        5.94624       0.914988
9        6.01087       0.953207
9        6.07551        1.04169
9        6.14014       0.939075
9        6.20477       0.926512
9         6.2694       0.926436
9        6.33404        1.00425
9        6.39867       0.927496
10              0              0
10       0.064633              0
10       0.129266              0
10       0.193899              0
10       0.258532              0
10       0.323165              0
10       0.387798              0
10       0.452431              0
10       0.517064              0
10       0.581697              0
10        0.64633              0
10       0.710963              0
10       0.775596              0
10        0.84023              0
10       0.904863      0.0830375
10       0.969496       0.835731
10        1.03413        2.02821
10        1.09876        2.40175
10        1.16339        1.92597
10        1.22803        2.00908
10        1.29266        1.57896
10        1.35729        1.28442
10        1.42193        1.66435
10        1.48656       0.917021
10        1.55119        1.10917
10        1.61583         1.0474
10        1.68046        1.40504
10        1.74509        1.15751
10        1.80973        1.06696
10        1.87436         1.2467
10        1.93899        1.53473
10        2.00362        1.17923
10        2.06826        0.95278
10        2.13289         1.1827
10        2.19752         1.0271
10        2.26216        0.85226
10        2.32679       0.978259
10        2.39142        1.08979
10        2.45606        1.29902
10        2.52069       0.983627
10        2.58532       0.875763
10        2.64995       0.842941
10        2.71459       0.882303
10        2.77922       0.755677
10        2.84385       0.702253
10        2.90849        0.94379
10        2.97312       0.866278
10        3.03775       0.859216
10        3.10239       0.847353
10        3.16702       0.988987
10        3.23165       0.941647
10        3.29629        0.99104
10        3.36092       0.925132
10        3.42555         1.0152
10        3.49018        1.02533
10        3.55482        1.07589
10        3.61945       0.904099
10        3.68408       0.793689
10        3.74872       0.897562
10        3.81335       0.971862
10        3.87798       0.852323
10        3.94262       0.948931
10        4.00725       0.916573
10        4.07188       0.990261
10        4.13651       0.883179
10        4.20115       0.941398
10        4.26578       0.986363
10        4.33041        1.11931
10        4.39505        1.17294
10        4.45968        1.05265
10        4.52431        1.08581
10        4.58895       0.974089
10        4.65358       0.971494
10        4.71821        1.00464
10        4.78285         1.0168
10        4.84748        1.03408
10        4.91211       0.940451
10        4.97674       0.911977
10        5.04138        0.98242
10        5.10601        0.86736
10        5.17064       0.916019
10        5.23528        1.01628
10        5.29991         1.0152
10        5.36454        0.97162
10        5.42918       0.913903
10        5.49381        1.06616
10        5.55844       0.974545
10        5.62307         1.0867
10        5.68771       0.995943
10        5.75234        1.03595
10        5.81697       0.939882
10        5.88161       0.913714
10        5.94624       0.852474
10        6.01087       0.907258
10        6.07551        1.03068
10        6.14014         1.0736
10        6.20477       0.997548
10         6.2694         1.0555
10        6.33404       0.929548
10        6.39867       0.850094
11              0              0
11       0.064633              0
11       0.129266              0
11       0.193899              0
11       0.258532              0
11       0.323165              0
11       0.387798              0
11       0.452431              0
11       0.517064              0
11       0.581697              0
11        0.64633              0
11       0.710963              0
11       0.775596              0
11        0.84023              0
11       0.904863       0.259492
11       0.969496       0.872067
11        1.03413        1.69953
11        1.09876        2.69395
11        1.16339        1.49869
11        1.22803        1.83113
11        1.29266        1.16864
11        1.35729        1.87941
11        1.42193       0.961526
11        1.48656       0.917021
11        1.55119        1.49102
11        1.61583        1.21861
11        1.68046        1.17812
11        1.74509        1.43173
11        1.80973        1.43247
11        1.87436        1.31192
11        1.93899        1.28833
11        2.00362       0.950427
11        2.06826        1.00032
11        2.13289        1.00763
11        2.19752        0.98308
11        2.26216        1.10863
11        2.32679       0.960235
11        2.39142        1.24037
11        2.45606        1.09135
11        2.52069        1.07457
11        2.58532       0.873101
11        2.64995       0.744069
11        2.71459       0.773526
11        2.77922        1.02103
11        2.84385       0.856595
11        2.90849       0.843611
11        2.97312        1.01974
11        3.03775       0.883406
11        3.10239        0.94666
11        3.16702       0.911471
11        3.23165        1.05465
11        3.29629        1.04537
11        3.36092        1.00038
11        3.42555        1.11588
11        3.49018       0.894495
11        3.55482       0.900825
11        3.61945       0.864433
11        3.68408       0.917827
11        3.74872       0.706184
11        3.81335       0.845446
11        3.87798       0.857095
11        3.94262       0.871008
11        4.00725        0.95346
11        4.07188       0.861944
11        4.13651       0.912566
11        4.20115       0.977527
11        4.26578       0.983401
11        4.33041        0.93675
11        4.39505        1.03708
11        4.45968        1.03683
11        4.52431       0.995769
11        4.58895        1.17694
11        4.65358        1.04418
11        4.71821        1.06647
11        4.78285        1.04197
11        4.84748        1.00038
11        4.91211       0.968803
11        4.97674        1.03701
11        5.04138       0.995883
11        5.10601       0.934718
11        5.17064       0.857399
11        5.23528       0.873957
11        5.29991       0.876315
11        5.36454       0.910247
11        5.42918       0.968327
11        5.49381       0.955664
11        5.55844         1.1041
11        5.62307        1.05277
11        5.68771        1.02856
11        5.75234       0.972177
11        5.81697       0.980932
11        5.88161        1.04618
11        5.94624        0.96755
11        6.01087        1.04086
11        6.07551        0.95172
11        6.14014       0.936202
11        6.20477       0.975745
11         6.2694        1.05619
11        6.33404       0.920097
11        6.39867       0.957486
12              0              0
12       0.064633              0
12       0.129266              0
12       0.193899              0
12       0.258532              0
12       0.323165              0
12       0.387798              0
12       0.452431              0
12       0.517064              0
12       0.581697              0
12        0.64633              0
12       0.710963              0
12       0.775596              0
12        0.84023              0
12       0.904863       0.134936
12       0.969496        1.18092
12        1.03413        1.82779
12        1.09876         2.3091
12        1.16339        2.48718
12        1.22803        1.82539
12        1.29266        1.49067
12        1.35729        1.34581
12        1.42193         1.2073
12        1.48656        1.17395
12        1.55119          1.251
12        1.61583        1.41667
12        1.68046        1.54492
12        1.74509       0.923697
12        1.80973        1.07234
12        1.87436         1.0661
12        1.93899        1.06774
12        2.00362        1.04503
12        2.06826        1.06439
12        2.13289        1.23328
12        2.19752        1.08762
12        2.26216        1.11036
12        2.32679        1.24863
12        2.39142       0.939204
12        2.45606       0.877795
12        2.52069       0.843709
12        2.58532       0.866446
12        2.64995       0.845476
12        2.71459       0.867799
12        2.77922       0.827207
12        2.84385        1.03629
12        2.90849        1.05768
12        2.97312       0.880413
12        3.03775        1.14659
12        3.10239        1.20281
12        3.16702        1.09858
12        3.23165        0.99729
12        3.29629        1.07171
12        3.36092       0.982953
12        3.42555       0.789428
12        3.49018       0.841575
12        3.55482       0.771123
12        3.61945       0.802883
12        3.68408        0.81614
12        3.74872        0.86439
12        3.81335       0.928696
12        3.87798        0.88811
12        3.94262       0.895828
12        4.00725        1.05071
12        4.07188        1.09692
12        4.13651         1.0023
12        4.20115       0.916464
12        4.26578       0.848627
12        4.33041       0.865356
12        4.39505       0.984043
12        4.45968       0.945986
12        4.52431         1.0129
12        4.58895       0.942061
12        4.65358       0.919575
12        4.71821        0.99535
12        4.78285        1.08131
12        4.84748       0.995785
12        4.91211        1.02028
12        4.97674        1.00139
12        5.04138       0.955849
12        5.10601       0.977205
12        5.17064       0.933201
12        5.23528       0.867713
12        5.29991       0.887862
12        5.36454        1.00387
12        5.42918       0.993399
12        5.49381       0.955963
12        5.55844        1.04486
12        5.62307        1.06617
12        5.68771        1.10214
12        5.75234        1.06375
12        5.81697       0.989195
12        5.88161        1.09364
12        5.94624       0.983114
12        6.01087        1.00115
12        6.07551        0.90796
12        6.14014       0.878034
12        6.20477        0.95863
12         6.2694       0.925747
12        6.33404        0.95835
12        6.39867       0.922424
13              0              0
13       0.064633              0
13       0.129266              0
13       0.193899              0
13       0.258532              0
13       0.323165              0
13       0.387798              0
13       0.452431              0
13       0.517064              0
13       0.581697              0
13        0.64633              0
13       0.710963              0
13       0.775596              0
13        0.84023              0
13       0.904863       0.155695
13       0.969496        1.46253
13        1.03413        2.91004
13        1.09876        2.60843
13        1.16339        1.98975
13        1.22803        1.68188
13        1.29266        1.29849
13        1.35729        1.35525
13        1.42193        1.32803
13        1.48656        1.49411
13        1.55119        1.48739
13        1.61583        1.62145
13        1.68046        1.24961
13        1.74509        1.13153
13        1.80973       0.964834
13        1.87436       0.938164
13        1.93899       0.891739
13        2.00362       0.970228
13        2.06826       0.967247
13        2.13289       0.916203
13        2.19752       0.948232
13        2.26216       0.935408
13        2.32679        1.26502
13        2.39142        1.12083
13        2.45606        1.13701
13        2.52069       0.877289
13        2.58532        0.85846
13        2.64995        1.07618
13        2.71459        1.02855
13        2.77922       0.850281
13        2.84385       0.962429
13        2.90849        1.00706
13        2.97312       0.961185
13        3.03775        0.88147
13        3.10239       0.993993
13        3.16702       0.931073
13        3.23165       0.939935
13        3.29629       0.829708
13        3.36092        1.04473
13        3.42555        0.99079
13        3.49018       0.812175
13        3.55482       0.861135
13        3.61945       0.966332
13        3.68408       0.972632
13        3.74872       0.918613
13        3.81335        1.00825
13        3.87798        1.03782
13        3.94262       0.866967
13        4.00725        1.07027
13        4.07188        1.09205
13        4.13651       0.916764
13        4.20115       0.921044
13        4.26578       0.817526
13        4.33041       0.919022
13        4.39505       0.938447
13        4.45968        1.11096
13        4.52431        1.01246
13        4.58895       0.904054
13        4.65358       0.957787
13        4.71821         1.0592
13        4.78285       0.965268
13        4.84748       0.911144
13        4.91211       0.942317
13        4.97674        1.08063
13        5.04138       0.938135
13        5.10601       0.957861
13        5.17064       0.925452
13        5.23528        0.89565
13        5.29991       0.923146
13        5.36454       0.979761
13        5.42918       0.986978
13        5.49381       0.959547
13        5.55844       0.989718
13        5.62307        1.03195
13        5.68771        1.11692
13        5.75234        1.04304
13        5.81697        0.98493
13        5.88161        1.01724
13        5.94624       0.903761
13        6.01087       0.898018
13        6.07551       0.906004
13        6.14014       0.935005
13        6.20477       0.939641
13         6.2694        0.93034
13        6.33404       0.981077
13        6.39867        0.92485
14              0              0
14       0.064633              0
14       0.129266              0
14       0.193899              0
14       0.258532              0
14       0.323165              0
14       0.387798              0
14       0.452431              0
14       0.517064              0
14       0.581697              0
14        0.64633              0
14       0.710963              0
14       0.775596              0
14        0.84023              0
14       0.904863       0.197214
14       0.969496        1.48978
14        1.03413        2.20457
14        1.09876        2.71533
14        1.16339        2.26398
14        1.22803        2.20998
14        1.29266        1.88541
14        1.35729        1.52997
14        1.42193        1.25041
14        1.48656        1.12256
14        1.55119       0.883703
14        1.61583       0.943328
14        1.68046        1.11595
14        1.74509        1.19792
14        1.80973         1.4701
14        1.87436        1.07111
14        1.93899        1.21558
14        2.00362        1.09563
14        2.06826        1.12432
14        2.13289       0.980395
14        2.19752       0.933559
14        2.26216        1.00296
14        2.32679       0.912714
14        2.39142         1.2295
14        2.45606       0.898414
14        2.52069       0.920664
14        2.58532        0.87177
14        2.64995        1.08885
14        2.71459       0.847252
14        2.77922        1.02218
14        2.84385         1.0385
14        2.90849       0.757141
14        2.97312       0.738053
14        3.03775       0.896952
14        3.10239       0.920673
14        3.16702       0.873159
14        3.23165        1.02982
14        3.29629        1.04537
14        3.36092       0.984537
14        3.42555        1.01291
14        3.49018       0.982695
14        3.55482       0.902243
14        3.61945       0.917776
14        3.68408       0.926411
14        3.74872        1.08575
14        3.81335       0.989129
14        3.87798        1.18932
14        3.94262        1.03551
14        4.00725         1.0658
14        4.07188       0.971853
14        4.13651         1.0595
14        4.20115       0.972439
14        4.26578        1.02487
14        4.33041       0.883085
14        4.39505        0.92728
14        4.45968        1.01604
14        4.52431       0.916266
14        4.58895       0.959997
14        4.65358        0.91293
14        4.71821       0.973123
14        4.78285       0.767023
14        4.84748       0.880504
14        4.91211        1.04155
14        4.97674        1.04101
14        5.04138       0.904478
14        5.10601       0.912265
14        5.17064       0.991147
14        5.23528       0.984722
14        5.29991       0.976712
14        5.36454       0.975377
14        5.42918       0.929802
14        5.49381       0.909673
14        5.55844       0.918232
14        5.62307        1.06674
14        5.68771        1.04779
14        5.75234       0.896681
14        5.81697        1.05583
14        5.88161        1.03732
14        5.94624         1.0691
14        6.01087       0.944717
14        6.07551       0.931918
14        6.14014       0.955352
14        6.20477        1.00997
14         6.2694        0.93746
14        6.33404       0.941698
14        6.39867        1.04371
15              0              0
15       0.064633              0
15       0.129266              0
15       0.193899              0
15       0.258532              0
15       0.323165              0
15       0.387798              0
15       0.452431              0
15       0.517064              0
15       0.581697              0
15        0.64633              0
15       0.710963              0
15       0.775596              0
15        0.84023              0
15       0.904863       0.176455
15       0.969496        1.10825
15        1.03413        1.61936
15        1.09876        2.50866
15        1.16339        2.30224
15        1.22803          2.055
15        1.29266        1.88021
15        1.35729        1.49691
15        1.42193        1.76352
15        1.48656        1.65617
15        1.55119        1.01099
15        1.61583        1.11789
15        1.68046        1.00404
15        1.74509        1.23256
15        1.80973       0.803581
15        1.87436        1.04603
15        1.93899        1.07713
15        2.00362       0.761222
15        2.06826       0.930045
15        2.13289       0.850065
15        2.19752       0.784997
15        2.26216       0.843599
15        2.32679       0.984814
15        2.39142         1.4189
15        2.45606        1.16057
15        2.52069        1.16272
15        2.58532        1.16724
15        2.64995        1.30307
15        2.71459        1.16029
15        2.77922        0.91835
15        2.84385       0.941482
15        2.90849       0.888955
15        2.97312       0.989455
15        3.03775       0.979197
15        3.10239        0.92717
15        3.16702       0.976513
15        3.23165       0.945072
15        3.29629       0.687307
15        3.36092       0.788897
15        3.42555       0.865702
15        3.49018        0.84525
15        3.55482       0.905078
15        3.61945       0.977275
15        3.68408        1.17469
15        3.74872        1.12594
15        3.81335        1.09458
15        3.87798        1.25791
15        3.94262         1.1423
15        4.00725        1.04176
15        4.07188        1.03033
15        4.13651       0.922536
15        4.20115        1.03605
15        4.26578       0.922185
15        4.33041       0.918542
15        4.39505       0.824456
15        4.45968       0.811297
15        4.52431       0.897817
15        4.58895       0.879285
15        4.65358       0.933282
15        4.71821         0.9513
15        4.78285        1.00028
15        4.84748        1.04289
15        4.91211        1.08557
15        4.97674       0.982856
15        5.04138       0.988089
15        5.10601       0.955098
15        5.17064       0.865485
15        5.23528        1.01825
15        5.29991       0.987297
15        5.36454        0.97569
15        5.42918       0.968633
15        5.49381       0.907583
15        5.55844       0.924943
15        5.62307       0.943273
15        5.68771        1.04974
15        5.75234        1.03404
15        5.81697       0.963339
15        5.88161       0.976297
15        5.94624       0.961681
15        6.01087       0.940471
15        6.07551       0.933141
15        6.14014        0.95631
15        6.20477        1.05194
15         6.2694        1.01394
15        6.33404        1.06816
15        6.39867        1.00644
16              0              0
16       0.064633              0
16       0.129266              0
16       0.193899              0
16       0.258532              0
16       0.323165              0
16       0.387798              0
16       0.452431              0
16       0.517064              0
16       0.581697              0
16        0.64633              0
16       0.710963              0
16       0.775596              0
16        0.84023              0
16       0.904863       0.103797
16       0.969496        1.06283
16        1.03413        2.69359
16        1.09876        2.54429
16        1.16339        2.09816
16        1.22803        1.95167
16        1.29266         2.2386
16        1.35729        1.83691
16        1.42193        1.08226
16        1.48656        1.04746
16        1.55119       0.956436
16        1.61583       0.735192
16        1.68046        1.25894
16        1.74509        1.00741
16        1.80973        1.00246
16        1.87436        1.28182
16        1.93899        1.18038
16        2.00362        1.10443
16        2.06826        1.02925
16        2.13289        1.18659
16        2.19752       0.961071
16        2.26216       0.866118
16        2.32679       0.860278
16        2.39142        1.11773
16        2.45606        1.01918
16        2.52069       0.958442
16        2.58532        1.07141
16        2.64995       0.976037
16        2.71459        1.10227
16        2.77922        1.19755
16        2.84385        1.15646
16        2.90849        1.03764
16        2.97312       0.901616
16        3.03775       0.794388
16        3.10239         1.0107
16        3.16702       0.905235
16        3.23165       0.807249
16        3.29629       0.930128
16        3.36092        1.06691
16        3.42555       0.974772
16        3.49018        0.99813
16        3.55482        1.02698
16        3.61945        1.07233
16        3.68408        1.07762
16        3.74872       0.958165
16        3.81335         1.0693
16        3.87798        1.07838
16        3.94262       0.894673
16        4.00725       0.942841
16        4.07188       0.983223
16        4.13651       0.941952
16        4.20115       0.934274
16        4.26578       0.922185
16        4.33041       0.951125
16        4.39505       0.998001
16        4.45968        1.06847
16        4.52431        1.05067
16        4.58895       0.977506
16        4.65358       0.935774
16        4.71821       0.856332
16        4.78285       0.955041
16        4.84748       0.906548
16        4.91211       0.973653
16        4.97674        1.01302
16        5.04138         1.0469
16        5.10601        1.00691
16        5.17064       0.972617
16        5.23528        1.07018
16        5.29991        1.02803
16        5.36454       0.982266
16        5.42918       0.962824
16        5.49381        1.06407
16        5.55844       0.956747
16        5.62307        0.90991
16        5.68771       0.971135
16        5.75234         1.0921
16        5.81697       0.951611
16        5.88161       0.893896
16        5.94624       0.916519
16        6.01087        0.92374
16        6.07551        1.03264
16        6.14014        0.91801
16        6.20477       0.922995
16         6.2694        0.98385
16        6.33404        1.04138
16        6.39867        1.06752
17              0              0
17       0.064633              0
17       0.129266              0
17       0.193899              0
17       0.258532              0
17       0.323165              0
17       0.387798              0
17       0.452431              0
17       0.517064              0
17       0.581697              0
17        0.64633              0
17       0.710963              0
17       0.775596              0
17        0.84023              0
17       0.904863       0.259492
17       0.969496         1.3626
17        1.03413        2.71764
17        1.09876        2.65119
17        1.16339        2.50632
17        1.22803        1.96889
17        1.29266        2.03603
17        1.35729        1.82274
17        1.42193        1.60398
17        1.48656        1.29648
17        1.55119       0.967346
17        1.61583       0.879545
17        1.68046       0.798882
17        1.74509       0.793802
17        1.80973       0.843894
17        1.87436        1.16643
17        1.93899        1.11937
17        2.00362        1.26064
17        2.06826        1.32686
17        2.13289        1.11073
17        2.19752        1.09496
17        2.26216        1.06706
17        2.32679        1.06511
17        2.39142       0.926784
17        2.45606       0.839502
17        2.52069       0.758358
17        2.58532       0.837165
17        2.64995       0.899982
17        2.71459       0.905267
17        2.77922       0.966805
17        2.84385        1.09362
17        2.90849        1.03659
17        2.97312        1.04902
17        3.03775        1.12917
17        3.10239         1.0933
17        3.16702        1.07185
17        3.23165       0.931375
17        3.29629        1.05854
17        3.36092        1.03444
17        3.42555        1.15783
17        3.49018        0.93492
17        3.55482       0.905786
17        3.61945        1.08396
17        3.68408       0.994422
17        3.74872       0.998992
17        3.81335        1.07854
17        3.87798        0.99547
17        3.94262       0.899868
17        4.00725       0.832181
17        4.07188       0.885226
17        4.13651        1.05373
17        4.20115       0.908322
17        4.26578       0.892071
17        4.33041        1.02348
17        4.39505        0.92635
17        4.45968       0.927003
17        4.52431       0.870145
17        4.58895       0.993306
17        4.65358        1.06661
17        4.71821        1.08385
17        4.78285       0.975495
17        4.84748        1.11336
17        4.91211       0.995662
17        4.97674       0.979585
17        5.04138       0.995529
17        5.10601       0.974441
17        5.17064        1.09828
17        5.23528         1.1208
17        5.29991        1.10373
17        5.36454       0.953772
17        5.42918       0.999514
17        5.49381       0.940433
17        5.55844        1.00693
17        5.62307       0.970932
17        5.68771       0.996222
17        5.75234       0.957732
17        5.81697       0.949745
17        5.88161       0.951785
17        5.94624       0.972398
17        6.01087       0.901014
17        6.07551       0.935341
17        6.14014       0.882582
17        6.20477       0.900255
17         6.2694       0.966167
17        6.33404        0.89827
17        6.39867        0.91206
18              0              0
18       0.064633              0
18       0.129266              0
18       0.193899              0
18       0.258532              0
18       0.323165              0
18       0.387798              0
18       0.452431              0
18       0.517064              0
18       0.581697              0
18        0.64633              0
18       0.710963              0
18       0.775596              0
18        0.84023              0
18       0.904863       0.134936
18       0.969496        1.03558
18        1.03413        2.59739
18        1.09876        2.28772
18        1.16339        1.73465
18        1.22803        1.92871
18        1.29266        1.52702
18        1.35729        1.63858
18        1.42193        1.44444
18        1.48656        1.27671
18        1.55119        1.03644
18        1.61583        1.42339
18        1.68046        1.04445
18        1.74509        1.15751
18        1.80973        1.26584
18        1.87436       0.955723
18        1.93899       0.969179
18        2.00362       0.908626
18        2.06826          1.362
18        2.13289        1.11073
18        2.19752        1.17566
18        2.26216        1.01856
18        2.32679        1.01431
18        2.39142        0.98888
18        2.45606        1.11934
18        2.52069       0.902474
18        2.58532       0.893065
18        2.64995        1.23336
18        2.71459         1.0225
18        2.77922       0.964498
18        2.84385       0.942585
18        2.90849        1.03026
18        2.97312       0.877384
18        3.03775       0.932752
18        3.10239        1.12578
18        3.16702        1.03621
18        3.23165        1.09146
18        3.29629        0.96223
18        3.36092        1.01305
18        3.42555       0.906127
18        3.49018        0.98196
18        3.55482        1.14038
18        3.61945        1.10174
18        3.68408         1.0248
18        3.74872        1.05066
18        3.81335       0.914512
18        3.87798        0.91495
18        3.94262       0.989336
18        4.00725        1.06412
18        4.07188        1.05198
18        4.13651       0.955071
18        4.20115       0.875246
18        4.26578        1.00808
18        4.33041       0.990416
18        4.39505        1.02592
18        4.45968        1.00158
18        4.52431       0.877173
18        4.58895       0.878004
18        4.65358       0.905454
18        4.71821        0.84138
18        4.78285        0.89722
18        4.84748        1.05592
18        4.91211        1.04901
18        4.97674         0.9854
18        5.04138        1.09083
18        5.10601        1.07254
18        5.17064        1.06088
18        5.23528        1.03008
18        5.29991        1.07326
18        5.36454        1.04927
18        5.42918       0.957626
18        5.49381        0.97866
18        5.55844       0.887011
18        5.62307        1.04906
18        5.68771        1.00626
18        5.75234       0.881691
18        5.81697       0.908961
18        5.88161       0.982555
18        5.94624        1.04282
18        6.01087         1.0044
18        6.07551       0.992791
18        6.14014       0.985993
18        6.20477       0.957224
18         6.2694       0.904619
18        6.33404       0.939673
18        6.39867       0.915809
19              0              0
19       0.064633              0
19       0.129266              0
19       0.193899              0
19       0.258532              0
19       0.323165              0
19       0.387798              0
19       0.452431              0
19       0.517064              0
19       0.581697              0
19        0.64633              0
19       0.710963              0
19       0.775596              0
19        0.84023              0
19       0.904863       0.166075
19       0.969496        0.69947
19        1.03413        1.68349
19        1.09876         1.5394
19        1.16339        1.93235
19        1.22803        1.62448
19        1.29266        1.52183
19        1.35729         1.8133
19        1.42193        1.68159
19        1.48656        1.58107
19        1.55119       0.600045
19        1.61583       0.819118
19        1.68046       0.920113
19        1.74509        1.02184
19        1.80973       0.983647
19        1.87436        1.10121
19        1.93899       0.898779
19        2.00362        1.18803
19        2.06826         1.2814
19        2.13289        1.35777
19        2.19752        1.16649
19        2.26216        1.15713
19        2.32679        1.19292
19        2.39142        1.05253
19        2.45606        1.25336
19        2.52069         1.2005
19        2.58532        1.00753
19        2.64995        1.28533
19        2.71459        1.07689
19        2.77922       0.873355
19        2.84385       0.967941
19        2.90849       0.854156
19        2.97312       0.939982
19        3.03775       0.919206
19        3.10239       0.893758
19        3.16702        1.08699
19        3.23165       0.916822
19        3.29629       0.892265
19        3.36092        1.08117
19        3.42555       0.961043
19        3.49018          1.176
19        3.55482        1.22189
19        3.61945        1.11474
19        3.68408        1.13111
19        3.74872        1.12211
19        3.81335        1.09211
19        3.87798       0.973402
19        3.94262        1.03205
19        4.00725       0.853419
19        4.07188       0.850575
19        4.13651       0.799216
19        4.20115       0.919008
19        4.26578       0.984882
19        4.33041        1.02539
19        4.39505        1.01801
19        4.45968        1.00384
19        4.52431       0.872341
19        4.58895        0.95658
19        4.65358        1.00597
19        4.71821       0.935944
19        4.78285        1.03725
19        4.84748       0.936038
19        4.91211       0.918442
19        4.97674        1.06282
19        5.04138        1.04477
19        5.10601       0.971678
19        5.17064       0.868854
19        5.23528       0.935749
19        5.29991       0.928278
19        5.36454        1.01358
19        5.42918        1.02489
19        5.49381          1.036
19        5.55844        1.01481
19        5.62307        1.04193
19        5.68771        1.04612
19        5.75234        1.02478
19        5.81697        1.02678
19        5.88161       0.932228
19        5.94624       0.923918
19        6.01087       0.937475
19        6.07551        1.01137
19        6.14014        1.03985
19        6.20477        1.09414
19         6.2694       0.996711
19        6.33404       0.971176
19        6.39867       0.948004
20              0              0
20       0.064633              0
20       0.129266              0
20       0.193899              0
20       0.258532              0
20       0.323165              0
20       0.387798              0
20       0.452431              0
20       0.517064              0
20       0.581697              0
20        0.64633              0
20       0.710963              0
20       0.775596              0
20        0.84023              0
20       0.904863       0.114177
20       0.969496        1.22634
20        1.03413        1.25861
20        1.09876        1.21157
20        1.16339        1.53058
20        1.22803        1.97463
20        1.29266         1.8958
20        1.35729        1.67163
20        1.42193        1.19005
20        1.48656        1.11465
20        1.55119        1.00008
20        1.61583        1.09104
20        1.68046        0.73982
20        1.74509       0.877512
20        1.80973        1.02396
20        1.87436        1.24169
20        1.93899        1.19915
20        2.00362        1.16163
20        2.06826        1.11812
20        2.13289        1.03875
20        2.19752       0.915218
20        2.26216        0.95273
20        2.32679        1.03889
20        2.39142        1.29626
20        2.45606        1.16647
20        2.52069       0.912269
20        2.58532        1.06609
20        2.64995        1.46152
20        2.71459        1.06843
20        2.77922        1.02795
20        2.84385       0.919434
20        2.90849       0.820412
20        2.97312        1.06821
20        3.03775        1.02467
20        3.10239        1.14434
20        3.16702        1.09501
20        3.23165         1.1043
20        3.29629        1.10216
20        3.36092        1.25701
20        3.42555        1.23639
20        3.49018        1.16498
20        3.55482           1.19
20        3.61945       0.943764
20        3.68408        1.02546
20        3.74872        0.80889
20        3.81335       0.836196
20        3.87798       0.935826
20        3.94262       0.803474
20        4.00725       0.902042
20        4.07188        1.03195
20        4.13651        1.05163
20        4.20115       0.957173
20        4.26578         1.0224
20        4.33041          0.954
20        4.39505         0.7877
20        4.45968       0.947794
20        4.52431        1.02081
20        4.58895        1.02875
20        4.65358       0.973986
20        4.71821        1.02404
20        4.78285        1.08485
20        4.84748        1.09115
20        4.91211        1.08034
20        4.97674        1.03847
20        5.04138        0.87153
20        5.10601       0.849743
20        5.17064       0.900859
20        5.23528       0.948239
20        5.29991       0.968373
20        5.36454        1.01577
20        5.42918       0.993705
20        5.49381       0.997773
20        5.55844        1.07112
20        5.62307       0.968081
20        5.68771       0.942982
20        5.75234       0.962365
20        5.81697         1.0665
20        5.88161        1.00889
20        5.94624        1.05201
20        6.01087       0.971937
20        6.07551       0.983746
20        6.14014        1.02334
20        6.20477        1.08757
20         6.2694        1.02014
20        6.33404       0.995478
20        6.39867       0.979979
