1.36171
1.36171
1.36171
1.36171
1.36172
1.3617
1.36171
1.3617
1.36169
1.36169
1.36169
1.36169
1.3617
1.3617
1.36171
1.36171
1.3617
1.3617
1.3617
1.3617
1.3617
1.3617
1.36171
1.36171
1.36171
1.36171
1.36172
1.36172
1.36172
1.36173
1.36172
1.36173
1.36172
1.36172
1.36172
1.36172
1.36172
1.36173
1.36174
1.36173
1.36173
1.36174
1.36174
1.36174
1.36174
1.36174
1.36175
1.36175
1.36174
1.36173
1.36172
1.36173
1.36173
1.36171
1.3617
1.3617
1.3617
1.3617
1.3617
1.3617
1.3617
1.36169
1.36169
1.36169
1.36169
1.36168
1.36168
1.36168
1.36168
1.36169
1.36169
1.36169
1.36168
1.36167
1.36168
1.36168
1.36169
1.36169
1.36168
1.36168
1.36168
1.36167
1.36166
1.36167
1.36167
1.36167
1.36167
1.36167
1.36166
1.36165
1.36166
1.36165
1.36165
1.36165
1.36166
1.36165
1.36165
1.36165
1.36165
1.36165
1.36165
1.36166
1.36166
1.36165
1.36165
1.36164
1.36164
1.36164
1.36165
1.36165
1.36165
1.36166
1.36165
1.36166
1.36166
1.36166
1.36167
1.36168
1.36167
1.36167
1.36167
1.36167
1.36167
1.36166
1.36166
1.36165
1.36166
1.36165
1.36166
1.36166
1.36167
1.36167
1.36166
1.36166
1.36166
1.36167
1.36168
1.36167
1.36168
1.36169
1.36169
1.36169
1.36169
1.36169
1.36168
1.36168
1.36168
1.36169
1.36169
1.36169
1.36169
1.36169
1.3617
1.36171
1.3617
1.3617
1.3617
1.3617
1.3617
1.36171
1.3617
1.36169
1.3617
1.3617
1.36171
1.36172
1.36171
1.36171
1.3617
1.3617
1.36169
1.36169
1.3617
1.36169
1.36168
1.36167
1.36167
1.36167
1.36167
1.36167
1.36166
1.36167
1.36166
1.36166
1.36166
1.36165
1.36165
1.36165
1.36164
1.36164
1.36163
1.36163
1.36162
1.36162
1.36162
1.36161
1.36162
1.36162
1.36162
1.36162
1.36161
1.36162
1.36162
1.36162
1.36162
1.36162
1.36161
1.36162
1.36161
1.36161
1.36161
1.36161
1.3616
1.36159
1.36159
1.36159
1.36159
1.36159
1.36159
1.36159
1.36159
1.36159
1.36158
1.36159
1.36159
1.36158
1.36158
1.36158
1.36158
1.36158
1.36158
1.36158
1.36158
1.36157
1.36157
1.36157
1.36157
1.36157
1.36157
1.36158
1.36157
1.36158
1.36158
1.36159
1.36159
1.36159
1.36158
1.36158
1.36158
1.36158
1.36158
1.36158
1.36158
1.36159
1.36159
1.36159
1.36159
1.36159
1.36159
1.36159
1.36159
1.36159
1.36159
1.36158
1.36158
1.36158
1.36158
1.36158
1.36158
1.36159
1.3616
1.36159
1.3616
1.3616
1.3616
1.36159
1.36159
1.36159
1.36159
1.36159
1.36159
1.36158
1.36157
1.36158
1.36159
1.3616
1.36161
1.3616
1.36161
1.36161
1.36161
1.36161
1.36161
1.36161
1.36161
1.36161
1.36161
1.36161
1.36161
1.3616
1.36161
1.36161
1.36159
1.36159
1.36159
1.36159
1.36159
1.36158
1.36157
1.36157
1.36157
1.36158
1.36159
1.36159
1.3616
1.3616
1.3616
1.3616
1.3616
1.3616
1.3616
1.3616
1.3616
1.36161
1.36161
1.3616
1.3616
1.3616
1.3616
1.36161
1.36161
1.3616
1.3616
1.36161
1.3616
1.36161
1.36161
1.36161
1.36161
1.3616
1.3616
1.36161
1.36161
1.36161
1.36161
1.36161
1.36161
1.36161
1.3616
1.36161
1.36161
1.36161
1.36161
1.36161
1.3616
1.3616
1.36159
1.3616
1.3616
1.36159
1.36158
1.36159
1.36159
1.36159
1.3616
1.3616
1.3616
1.3616
1.36161
1.36162
1.36162
1.36162
1.36162
1.36162
1.36162
1.36162
1.36162
1.36162
1.36162
1.36162
1.36162
1.36163
1.36162
1.36162
1.36162
1.36162
1.36162
1.36162
1.36162
1.36163
1.36163
1.36164
1.36163
1.36163
1.36163
1.36163
1.36163
1.36162
1.36162
1.36162
1.36162
1.36163
1.36162
1.36161
1.36161
1.36162
1.36161
1.36161
1.36161
1.36163
1.36162
1.36162
1.36161
1.36161
1.36161
1.36161
1.36161
1.36161
1.36161
1.36161
1.36161
1.36162
1.36163
1.36163
1.36161
1.36161
1.36161
1.36161
1.36161
1.36161
1.3616
1.3616
1.36159
1.36159
1.36159
1.36159
1.3616
1.36159
1.36159
1.36158
1.36159
1.36159
1.3616
1.36159
1.36159
1.36159
1.36159
1.36159
1.36159
1.36158
1.36159
1.36158
1.36158
1.36158
1.36158
1.36158
1.36158
1.36158
1.36158
1.36158
1.36158
1.36159
1.36158
1.36157
1.36157
1.36157
1.36157
1.36157
1.36156
1.36156
1.36156
1.36156
1.36157
1.36157
1.36157
1.36157
1.36157
1.36158
1.36157
1.36156
1.36156
1.36156
1.36156
1.36156
1.36155
1.36156
1.36154
1.36154
1.36154
1.36155
1.36156
1.36155
1.36156
1.36155
1.36155
1.36155
1.36155
1.36155
1.36156
1.36155
1.36156
1.36155
1.36155
1.36154
1.36155
1.36155
1.36155
1.36155
1.36154
1.36154
1.36155
1.36154
1.36155
1.36155
1.36155
1.36156
1.36156
1.36157
1.36157
1.36157
1.36157
1.36157
1.36158
1.36158
1.36158
1.36158
1.36157
1.36157
1.36156
1.36156
1.36156
1.36155
1.36156
1.36156
1.36156
1.36156
1.36156
1.36158
1.36157
1.36158
1.36158
1.36158
1.36157
1.36156
1.36156
1.36156
1.36156
1.36155
1.36155
1.36155
1.36155
1.36155
1.36155
1.36156
1.36156
1.36155
1.36155
1.36155
1.36155
1.36156
1.36156
1.36156
1.36155
1.36155
1.36154
1.36155
1.36155
1.36156
1.36156
1.36156
1.36156
1.36155
1.36155
1.36156
1.36155
1.36156
1.36157
1.36157
1.36156
1.36156
1.36156
1.36155
1.36155
1.36155
1.36155
1.36155
1.36154
1.36155
1.36155
1.36156
1.36156
1.36156
1.36156
1.36157
1.36157
1.36157
1.36157
1.36157
1.36158
1.36158
1.36157
1.36156
1.36156
1.36156
1.36157
1.36157
1.36157
1.36156
1.36156
1.36156
1.36156
1.36156
1.36156
1.36155
1.36155
1.36155
1.36155
1.36155
1.36154
1.36154
1.36153
1.36153
1.36153
1.36153
1.36153
1.36153
1.36153
1.36153
1.36154
1.36153
1.36153
1.36151
1.36151
1.36151
1.36152
1.36151
1.36152
1.36151
1.36152
1.36152
1.36151
1.36151
1.36152
1.36153
1.36153
1.36152
1.36152
1.36153
1.36151
1.36152
1.36151
1.36151
1.3615
1.3615
1.3615
1.36149
1.36149
1.3615
1.36149
1.3615
1.36149
1.3615
1.36149
1.3615
1.36151
1.36151
1.36152
1.36152
1.36152
1.36151
1.36152
1.36151
1.36151
1.36151
1.36151
1.36151
1.36152
1.36152
1.36152
1.36152
1.36153
1.36153
1.36153
1.36153
1.36154
1.36152
1.36151
1.36152
1.36152
1.36152
1.36152
1.36152
1.36153
1.36152
1.36152
1.36152
1.36152
1.36151
1.36152
1.36153
1.36153
1.36154
1.36154
1.36155
1.36154
1.36154
1.36154
1.36154
1.36154
1.36154
1.36154
1.36154
1.36154
1.36154
1.36154
1.36154
1.36154
1.36155
1.36156
1.36156
1.36156
1.36155
1.36155
1.36155
1.36156
1.36156
1.36157
1.36157
1.36157
1.36157
1.36155
1.36155
1.36155
1.36154
1.36155
1.36155
1.36154
1.36154
1.36155
1.36155
1.36155
1.36155
1.36156
1.36155
1.36155
1.36155
1.36155
1.36154
1.36155
1.36155
1.36155
1.36155
1.36155
1.36155
1.36155
1.36155
1.36155
1.36155
1.36156
1.36156
1.36156
1.36156
1.36157
1.36157
1.36157
1.36157
1.36158
1.36159
1.36158
1.36158
1.36159
1.36158
1.36157
1.36157
1.36156
1.36156
1.36156
1.36156
1.36156
1.36155
1.36155
1.36155
1.36156
1.36155
1.36156
1.36156
1.36157
1.36157
1.36158
1.36156
1.36158
1.36158
1.36158
1.36157
1.36157
1.36157
1.36157
1.36158
1.36157
1.36158
1.36158
1.36158
1.36158
1.36158
1.36159
1.36159
1.36159
1.36159
1.36158
1.36158
1.36158
1.36158
1.36158
1.36158
1.36158
1.3616
1.3616
1.3616
1.3616
1.3616
1.3616
1.3616
1.36159
1.36158
1.36158
1.36157
1.36157
1.36157
1.36157
1.36157
1.36157
1.36156
1.36157
1.36157
1.36157
1.36157
1.36156
1.36155
1.36155
1.36154
1.36154
1.36154
1.36154
1.36155
1.36155
1.36155
1.36155
1.36154
1.36155
1.36154
1.36154
1.36153
1.36152
1.36152
1.36152
1.36152
1.36152
1.36152
1.36152
1.36151
1.36151
1.36151
1.36151
1.3615
1.3615
1.3615
1.36149
1.3615
1.3615
1.3615
1.36151
1.36152
1.36152
1.36152
1.36151
1.36152
1.36152
1.36152
1.36152
1.36153
1.36152
1.36151
1.36151
1.36151
1.3615
1.3615
1.3615
1.36151
1.36151
1.3615
1.3615
1.3615
1.3615
1.36149
1.3615
1.3615
1.36149
1.36149
1.3615
1.3615
1.36151
1.3615
1.3615
1.3615
1.36149
1.36149
1.3615
1.3615
1.3615
1.36149
1.36148
1.36148
1.36148
1.36148
1.36147
1.36146
1.36146
1.36147
1.36147
1.36147
1.36146
1.36146
1.36146
1.36146
1.36147
1.36147
1.36147
1.36146
1.36145
1.36145
1.36145
1.36145
1.36146
1.36145
1.36145
1.36145
1.36144
1.36144
1.36144
1.36144
1.36144
1.36144
1.36144
1.36144
1.36146
1.36145
1.36145
1.36146
1.36146
1.36145
1.36145
1.36144
1.36144
1.36144
1.36144
1.36144
1.36145
1.36146
1.36146
1.36145
1.36145
1.36146
1.36146
1.36146
1.36146
1.36146
1.36146
1.36146
1.36144
1.36144
1.36143
1.36144
1.36143
1.36143
1.36143
1.36143
1.36143
1.36142
1.36141
1.36142
1.36142
1.36142
1.3614
1.3614
1.3614
1.3614
1.36139
1.36138
1.36138
1.36138
1.36139
1.3614
1.3614
1.3614
1.36141
1.36141
1.36141
1.36142
1.36142
1.36142
