1.80706
1.81351
1.81791
1.81983
1.81933
1.81677
1.81271
1.80783
1.80283
1.79838
1.79497
1.79284
1.79201
1.79235
1.79364
1.79564
1.79811
1.8008
1.80355
1.80623
1.80882
1.81134
1.81383
1.81632
1.81878
1.82119
1.82346
1.82554
1.82736
1.82889
1.83013
1.83108
1.83178
1.83226
1.83256
1.83273
1.83282
1.83287
1.83292
1.83302
1.83318
1.83342
1.83374
1.8341
1.83444
1.83465
1.83461
1.83418
1.83323
1.83169
1.82962
1.82728
1.82513
1.82377
1.82382
1.82568
1.82932
1.83423
1.83957
1.84436
1.84773
1.84907
1.84814
1.84518
1.84093
1.83661
1.83358
1.83293
1.83504
1.83951
1.84546
1.85191
1.85807
1.86338
1.86744
1.86999
1.87091
1.87029
1.86844
1.86593
1.86347
1.86176
1.86126
1.86209
1.86403
1.86669
1.86968
1.87269
1.87553
1.87806
1.88018
1.8818
1.88282
1.88312
1.88262
1.88126
1.87898
1.87578
1.87175
1.86707
1.86212
1.85745
1.85373
1.85157
1.85135
1.85309
1.85644
1.86085
1.86577
1.87072
1.87541
1.87965
1.88336
1.88653
1.88916
1.89126
1.89285
1.89394
1.89451
1.89456
1.89405
1.89295
1.89127
1.88902
1.88629
1.88322
1.88005
1.87706
1.87457
1.87288
1.87213
1.87231
1.87319
1.87434
1.87529
1.8756
1.87499
1.87334
1.87076
1.8675
1.86387
1.86015
1.85651
1.85291
1.84915
1.84487
1.83974
1.83357
1.82653
1.8193
1.81308
1.80937
1.8093
1.81311
1.81992
1.82811
1.83601
1.84239
1.84665
1.84871
1.84887
1.84764
1.8456
1.8432
1.84075
1.83829
1.83563
1.8325
1.82854
1.82349
1.81726
1.80999
1.80216
1.79461
1.78841
1.78453
1.78351
1.78523
1.78897
1.79377
1.79874
1.8033
1.80712
1.81011
1.81227
1.81366
1.81434
1.81438
1.81382
1.8127
1.81107
1.80898
1.8065
1.8037
1.80071
1.79764
1.79465
1.79187
1.78944
1.78746
1.786
1.78507
1.78465
1.78468
1.78505
1.78567
1.78644
1.78727
1.78807
1.78878
1.78937
1.78979
1.79001
1.78999
1.78968
1.78902
1.78794
1.7864
1.78437
1.78189
1.7791
1.77627
1.77378
1.77205
1.77142
1.77205
1.77384
1.77646
1.77947
1.78239
1.78486
1.78659
1.78743
1.78731
1.78621
1.78415
1.7812
1.77748
1.77315
1.76846
1.76376
1.75943
1.75594
1.75372
1.75311
1.75429
1.75724
1.76168
1.76716
1.77319
1.77927
1.78502
1.79019
1.79464
1.79833
1.80131
1.80363
1.80541
1.80674
1.80771
1.8084
1.80885
1.80909
1.80912
1.80894
1.8085
1.80775
1.80666
1.80518
1.80327
1.80091
1.79808
1.79483
1.79118
1.78722
1.78306
1.77885
1.77477
1.77102
1.76779
1.76526
1.76354
1.76265
1.76254
1.76309
1.76414
1.76555
1.76719
1.76895
1.77074
1.7725
1.77414
1.77558
1.77675
1.77762
1.77821
1.77861
1.77898
1.7795
1.78035
1.78164
1.78338
1.78549
1.78784
1.79025
1.79255
1.79462
1.79637
1.79775
1.79875
1.79938
1.79965
1.79958
1.7992
1.79853
1.7976
1.79644
1.79507
1.79354
1.79187
1.79013
1.78837
1.78665
1.78502
1.78355
1.78226
1.78114
1.78017
1.77927
1.77836
1.77738
1.77626
1.77497
1.77355
1.77208
1.77069
1.76953
1.76879
1.76861
1.76908
1.77022
1.772
1.77435
1.77715
1.78027
1.78358
1.78695
1.7903
1.79354
1.79665
1.79958
1.8023
1.80476
1.80687
1.80856
1.80974
1.81038
1.81046
1.80999
1.80906
1.80776
1.80619
1.80445
1.80259
1.80065
1.79862
1.79655
1.79445
1.79239
1.79038
1.7884
1.78635
1.78409
1.78153
1.77865
1.77567
1.77293
1.77095
1.77025
1.77125
1.77416
1.77894
1.7853
1.79279
1.80085
1.80893
1.81655
1.82338
1.82917
1.83383
1.83735
1.83976
1.84115
1.84163
1.84132
1.84035
1.83884
1.83693
1.83477
1.8325
1.83025
1.82813
1.8262
1.82446
1.82288
1.82137
1.81985
1.81822
1.81644
1.81449
1.81238
1.81011
1.80766
1.80495
1.80182
1.79816
1.79386
1.789
1.78386
1.77893
1.77471
1.77144
1.76881
1.76619
1.76338
1.76136
1.76214
1.7674
1.77696
1.78878
1.80029
1.80972
1.81643
1.82061
1.82282
1.82363
1.82353
1.82284
1.82177
1.82041
1.81877
1.81686
1.81471
1.81243
1.8102
1.80828
1.80696
1.80649
1.80695
1.8083
1.81032
1.8127
1.81515
1.8174
1.81927
1.82066
1.82149
1.82171
1.8213
1.82021
1.81842
1.81595
1.81282
1.80913
1.80507
1.80084
1.79675
1.79312
1.79024
1.78837
1.78768
1.78819
1.78976
1.79216
1.79505
1.79813
1.80111
1.80381
1.8061
1.80795
1.80934
1.81032
1.81093
1.81122
1.81124
1.81101
1.81055
1.80986
1.80888
1.80756
1.8058
1.80348
1.80049
1.79673
1.79216
1.78689
1.78121
1.77563
1.77084
1.76752
1.76613
1.76676
1.76909
1.77258
1.77659
1.78059
1.7842
1.78717
1.78936
1.79069
1.79111
1.79061
1.78921
1.78701
1.78421
1.78113
1.77827
1.7762
1.77543
1.77625
1.77862
1.78211
1.7861
1.78989
1.79287
1.79454
1.79456
1.79271
1.78895
1.78345
1.77672
1.76966
1.76338
1.75891
1.75678
1.75685
1.75853
1.76112
1.76413
1.76737
1.77079
1.7743
1.77778
1.781
1.78378
1.78598
1.7876
1.78869
1.78939
1.78981
1.7901
1.79033
1.7906
1.79097
1.79151
1.79226
1.79326
1.79453
1.79604
1.7977
1.79942
1.80105
1.80245
1.80349
1.80408
1.8042
1.80384
1.80312
1.80217
1.8012
1.80046
1.80018
1.80057
1.80174
1.80371
1.80639
1.80958
1.81303
1.81644
1.81953
1.82204
1.82375
1.82449
1.82413
1.82264
1.82002
1.81642
1.81207
1.80732
1.80263
1.79845
1.7951
1.79269
1.79108
1.78993
1.78885
1.78762
1.78624
1.785
1.78438
1.78491
1.78696
1.79059
1.79547
1.80098
1.80636
1.81099
1.81443
1.81653
1.8173
1.81692
1.81565
1.81376
1.81158
1.80943
1.80765
1.80655
1.80641
1.8074
1.80958
1.81282
1.81689
1.82148
1.82623
1.83084
1.83509
1.83881
1.84194
1.84446
1.8464
1.84779
1.84866
1.84906
1.84897
1.84837
1.84723
1.84547
1.84304
1.83986
1.8359
1.83114
1.8256
1.81938
1.8127
1.80596
1.79968
1.79452
1.79105
1.78957
1.78995
1.79166
1.79395
1.79615
1.79788
1.7991
1.80006
1.80116
1.80277
1.80512
1.80826
1.81209
1.81644
1.82113
1.82605
1.83107
1.83612
1.84112
1.84596
1.85051
1.85468
1.85836
1.86149
1.86402
1.86596
1.86733
1.86815
1.86848
1.86834
1.86774
1.86667
1.86508
1.86288
1.85997
1.85624
1.8516
1.84602
1.83958
1.83247
1.82501
1.81757
1.81055
1.80427
1.79894
1.79472
1.79171
1.78998
1.78949
1.7901
1.79151
1.79333
1.79516
1.79665
1.79749
1.79742
1.79617
1.79356
1.78957
1.78451
1.77912
1.77438
1.77121
1.77002
1.77071
1.7729
1.77622
1.78042
1.78534
1.79078
1.79649
1.80222
1.80774
1.81292
1.81765
1.82187
1.8255
1.82851
1.83084
1.83252
1.83357
1.83409
1.83418
1.834
1.83369
1.83336
1.83315
1.83309
1.83323
1.83353
1.83392
1.83432
1.83463
1.83474
1.83459
1.8341
1.83328
1.83212
1.83069
1.82908
1.82739
1.82572
1.82413
1.82262
1.82112
1.81948
1.81757
1.81524
1.81244
1.80923
1.8058
1.80248
1.79968
1.79782
1.79723
1.79808
1.8003
1.80362
1.80768
1.81208
1.81649
1.82072
1.82467
1.82834
1.83177
1.83502
1.83814
1.8411
1.84391
1.84649
1.8488
1.85081
1.85248
1.85381
1.85484
1.85558
1.85608
1.85635
1.85637
1.8561
1.85544
1.85427
1.85244
1.84988
1.8466
1.84277
1.83873
1.83501
1.83211
1.83046
1.83017
1.83109
1.83287
1.8351
1.83746
1.83977
1.84194
1.84395
1.8458
1.84745
1.84884
1.8499
1.85057
1.85085
1.8508
1.8506
1.85047
1.85063
1.85118
1.85205
1.85299
1.85357
1.85335
1.85196
1.8492
1.84509
1.83994
1.83428
1.82886
1.82446
1.82175
1.8211
1.82245
1.82533
1.82898
1.83259
1.83547
1.83729
1.83809
1.83832
1.83859
1.8395
1.84132
1.84398
1.84707
1.85006
1.85251
1.85415
1.85491
1.85487
1.85421
1.85313
1.85181
1.85034
1.84876
1.84702
1.84508
1.84289
1.84046
1.83785
1.83519
1.83263
1.83031
1.8283
1.8266
1.82504
1.8233
1.82094
1.8174
1.81215
1.80486
1.79576
1.78601
1.77768
1.7731
1.77365
1.77878
1.78646
1.79434
1.80078
1.80512
1.80737
1.80792
1.80721
1.80564
1.80352
1.80102
1.79826
1.79526
1.79201
1.78849
1.78468
1.78065
1.7765
1.77243
1.76865
1.76537
1.76274
1.76081
1.75959
1.75906
1.75922
1.76012
1.76182
1.76435
1.76765
1.77155
1.77582
1.78013
1.7842
1.78774
1.79053
1.79238
1.79311
1.79257
1.79055
1.78684
1.78124
1.77358
1.76386
1.75242
1.74003
1.72795
1.71775
1.7109
1.70827
1.70998
1.71539
1.72344
1.73286
1.74247
1.75137
1.75902
1.76522
1.77001
1.77358
1.77615
1.77795
1.77916
1.77991
1.78028
1.78033
1.78006
1.77945
1.77846
1.77703
1.77509
1.77258
1.76944
1.76567
1.7613
1.75645
1.75134
1.74625
1.74159
1.73774
1.73508
1.73384
1.73404
1.73551
1.73787
1.74071
1.74365
1.74644
1.74894
1.7511
1.75292
1.75442
1.75556
1.75629
1.75654
1.75624
1.75539
1.75401
1.75222
1.75017
1.74807
1.74616
1.74466
1.74377
1.74358
1.74402
1.74485
1.74574
1.74632
1.7463
1.74553
1.74401
1.74188
1.7394
1.73689
1.7347
1.73312
1.73239
1.73263
1.73384
1.73594
1.73874
1.74203
1.74558
1.74916
1.75261
