-0.438476
-0.438165
-0.437406
-0.436228
-0.434641
-0.432638
-0.430117
-0.427008
-0.423177
-0.418531
-0.413022
-0.406758
-0.400034
-0.39339
-0.387546
-0.383238
-0.38092
-0.380583
-0.381749
-0.38364
-0.385487
-0.386734
-0.38714
-0.386801
-0.38606
-0.38541
-0.385334
-0.386176
-0.388002
-0.390601
-0.393607
-0.396562
-0.399102
-0.400961
-0.402015
-0.402261
-0.401772
-0.400683
-0.399176
-0.397459
-0.395709
-0.394115
-0.392831
-0.391944
-0.391495
-0.391446
-0.391742
-0.392305
-0.393051
-0.393897
-0.394782
-0.395638
-0.396461
-0.397222
-0.397883
-0.398421
-0.398819
-0.399045
-0.39907
-0.398877
-0.398431
-0.397725
-0.396747
-0.395522
-0.394094
-0.392543
-0.390933
-0.389379
-0.387946
-0.386662
-0.385498
-0.384376
-0.38316
-0.381685
-0.379809
-0.37748
-0.374766
-0.371943
-0.369537
-0.368234
-0.368769
-0.371574
-0.376569
-0.383179
-0.390541
-0.397754
-0.404147
-0.409345
-0.41321
-0.41573
-0.416998
-0.417144
-0.416278
-0.41447
-0.411806
-0.408356
-0.404179
-0.399431
-0.394407
-0.389584
-0.385643
-0.383292
-0.383069
-0.38503
-0.388697
-0.393212
-0.397697
-0.401479
-0.404251
-0.406029
-0.407011
-0.407475
-0.407721
-0.407978
-0.408443
-0.409268
-0.410517
-0.412195
-0.41422
-0.416443
-0.418703
-0.420859
-0.422796
-0.424375
-0.425418
-0.425713
-0.424951
-0.422878
-0.419286
-0.41422
-0.40801
-0.40137
-0.395227
-0.390436
-0.387436
-0.38606
-0.38557
-0.385088
-0.383992
-0.382313
-0.380771
-0.380443
-0.38226
-0.38659
-0.393118
-0.401038
-0.409393
-0.417366
-0.424419
-0.430253
-0.434796
-0.438134
-0.440405
-0.441809
-0.442538
-0.442709
-0.442441
-0.441801
-0.440805
-0.439422
-0.437604
-0.435263
-0.432297
-0.428685
-0.424473
-0.419879
-0.415301
-0.411289
-0.408466
-0.407297
-0.407931
-0.410114
-0.413262
-0.416748
-0.419951
-0.422486
-0.424143
-0.424898
-0.424858
-0.424193
-0.423138
-0.421926
-0.420832
-0.420062
-0.419807
-0.420159
-0.421115
-0.422599
-0.424464
-0.426501
-0.428511
-0.430316
-0.431776
-0.432804
-0.433378
-0.433521
-0.43328
-0.432757
-0.432034
-0.43122
-0.430377
-0.429553
-0.42878
-0.428062
-0.427348
-0.426598
-0.425761
-0.424814
-0.423836
-0.422986
-0.422539
-0.422855
-0.424221
-0.426758
-0.430342
-0.434631
-0.439203
-0.443647
-0.447781
-0.451631
-0.455383
-0.459291
-0.46353
-0.468102
-0.472878
-0.477613
-0.482035
-0.485943
-0.489196
-0.491749
-0.493609
-0.494841
-0.495547
-0.495841
-0.495839
-0.495653
-0.49539
-0.49514
-0.49494
-0.494792
-0.494691
-0.494556
-0.49431
-0.493856
-0.493094
-0.491928
-0.490336
-0.488357
-0.486176
-0.48408
-0.482443
-0.481608
-0.481763
-0.482862
-0.484658
-0.486773
-0.488828
-0.490538
-0.491698
-0.49214
-0.49167
-0.49005
-0.486995
-0.482276
-0.475829
-0.467967
-0.459442
-0.451477
-0.445412
-0.442285
-0.442427
-0.445418
-0.450336
-0.456247
-0.462421
-0.468415
-0.474
-0.479113
-0.483735
-0.487903
-0.491622
-0.494914
-0.49774
-0.500046
-0.501743
-0.502693
-0.502736
-0.501656
-0.499184
-0.495061
-0.489058
-0.481115
-0.471507
-0.46103
-0.45105
-0.443266
-0.439043
-0.438782
-0.441774
-0.44669
-0.452255
-0.457705
-0.462795
-0.467522
-0.471973
-0.476094
-0.479688
-0.482461
-0.484139
-0.48459
-0.483945
-0.48253
-0.48083
-0.479286
-0.478148
-0.477414
-0.47681
-0.47593
-0.474363
-0.471748
-0.467806
-0.462306
-0.455101
-0.446153
-0.435744
-0.424547
-0.413762
-0.40504
-0.400085
-0.400005
-0.40492
-0.413868
-0.425259
-0.437365
-0.448758
-0.458394
-0.465692
-0.470399
-0.472495
-0.472101
-0.469369
-0.464515
-0.457879
-0.449973
-0.441666
-0.434123
-0.428606
-0.426004
-0.426479
-0.429344
-0.433453
-0.437644
-0.441073
-0.443285
-0.444164
-0.443752
-0.442239
-0.439808
-0.436714
-0.433181
-0.429455
-0.425781
-0.422427
-0.419612
-0.417511
-0.416247
-0.41585
-0.416269
-0.417366
-0.418947
-0.420806
-0.422668
-0.424295
-0.425454
-0.425958
-0.425637
-0.424423
-0.422336
-0.419519
-0.416276
-0.413071
-0.410427
-0.40882
-0.408501
-0.409469
-0.411458
-0.414079
-0.416926
-0.419691
-0.422184
-0.424327
-0.426079
-0.427457
-0.42844
-0.429025
-0.429174
-0.428854
-0.428025
-0.426617
-0.424558
-0.42179
-0.418228
-0.413833
-0.408579
-0.402505
-0.395862
-0.389153
-0.383164
-0.378943
-0.377481
-0.379363
-0.384369
-0.391648
-0.400018
-0.408375
-0.415941
-0.422296
-0.427258
-0.430832
-0.433062
-0.434023
-0.433831
-0.432675
-0.430847
-0.428741
-0.426798
-0.425459
-0.425006
-0.425479
-0.426642
-0.428083
-0.429266
-0.429765
-0.429195
-0.427306
-0.423961
-0.419132
-0.41292
-0.40558
-0.397602
-0.389756
-0.383087
-0.378683
-0.377434
-0.379698
-0.385185
-0.393067
-0.402239
-0.411661
-0.420524
-0.428295
-0.434761
-0.439868
-0.443722
-0.446485
-0.448333
-0.449441
-0.449981
-0.450076
-0.449817
-0.44926
-0.448433
-0.447336
-0.445913
-0.444074
-0.441719
-0.438721
-0.434978
-0.430464
-0.425257
-0.419649
-0.41414
-0.409413
-0.406222
-0.405088
-0.406188
-0.409221
-0.413528
-0.4183
-0.422742
-0.426274
-0.428546
-0.429463
-0.429123
-0.42777
-0.425731
-0.423388
-0.421038
-0.418918
-0.417178
-0.415896
-0.415103
-0.414819
-0.415121
-0.415994
-0.417411
-0.419205
-0.421132
-0.422901
-0.424304
-0.425179
-0.425544
-0.425484
-0.425198
-0.424855
-0.424642
-0.424684
-0.42502
-0.425691
-0.426647
-0.427839
-0.429205
-0.430636
-0.432048
-0.433354
-0.43447
-0.43537
-0.435994
-0.436356
-0.436449
-0.436295
-0.435909
-0.435292
-0.434466
-0.433424
-0.432151
-0.430641
-0.428882
-0.426893
-0.424704
-0.422402
-0.42013
-0.41806
-0.416391
-0.4153
-0.414892
-0.415148
-0.415973
-0.417206
-0.418592
-0.419949
-0.421078
-0.421851
-0.422159
-0.42184
-0.4207
-0.418398
-0.41445
-0.408185
-0.398895
-0.386081
-0.370062
-0.352785
-0.338126
-0.330692
-0.333005
-0.343689
-0.358684
-0.374076
-0.387601
-0.398611
-0.407291
-0.41412
-0.419557
-0.423967
-0.427547
-0.430456
-0.432728
-0.434367
-0.435312
-0.435442
-0.434626
-0.432707
-0.429557
-0.425192
-0.419799
-0.413883
-0.408245
-0.403809
-0.401279
-0.400837
-0.402047
-0.404008
-0.405772
-0.40661
-0.406155
-0.404363
-0.401385
-0.397556
-0.393252
-0.388929
-0.385102
-0.382367
-0.381307
-0.382332
-0.385474
-0.390274
-0.395939
-0.401541
-0.406335
-0.409876
-0.412045
-0.412983
-0.413007
-0.412532
-0.411968
-0.411679
-0.411884
-0.412657
-0.413924
-0.415495
-0.417124
-0.418598
-0.419755
-0.420534
-0.420984
-0.421259
-0.421552
-0.422079
-0.422991
-0.424378
-0.426207
-0.428348
-0.430599
-0.432735
-0.434566
-0.435933
-0.436777
-0.437102
-0.436987
-0.436554
-0.43597
-0.435404
-0.435025
-0.434987
-0.435408
-0.436321
-0.437745
-0.439602
-0.441836
-0.444344
-0.44701
-0.449747
-0.45247
-0.455118
-0.457635
-0.459948
-0.462012
-0.463798
-0.46524
-0.466334
-0.467055
-0.467424
-0.467466
-0.467243
-0.466839
-0.466333
-0.465822
-0.465387
-0.465054
-0.464835
-0.464669
-0.464477
-0.464153
-0.463632
-0.462913
-0.462069
-0.461238
-0.460624
-0.46047
-0.460995
-0.46246
-0.465002
-0.468673
-0.47335
-0.478747
-0.484431
-0.489948
-0.494826
-0.49872
-0.501402
-0.502799
-0.502986
-0.502218
-0.500885
-0.49955
-0.498732
-0.498891
-0.500279
-0.502868
-0.506394
-0.510451
-0.514647
-0.518716
-0.522466
-0.525846
-0.528845
-0.531499
-0.533797
-0.535725
-0.537234
-0.538226
-0.538622
-0.538302
-0.537196
-0.535209
-0.532263
-0.528364
-0.52351
-0.517792
-0.511381
-0.504556
-0.497736
-0.491457
-0.486308
-0.482815
-0.481279
-0.481735
-0.483948
-0.487515
-0.491994
-0.497055
-0.502481
-0.508158
-0.513996
-0.519881
-0.525628
-0.531016
-0.535805
-0.539754
-0.542688
-0.544439
-0.544934
-0.544164
-0.542124
-0.538888
-0.534558
-0.529278
-0.523232
-0.516647
-0.509796
-0.502947
-0.49635
-0.490267
-0.484868
-0.480273
-0.47654
-0.473689
-0.471724
-0.470664
-0.47056
-0.471428
-0.473252
-0.475951
-0.479354
-0.483215
-0.48727
-0.491232
-0.494881
-0.498062
-0.500662
-0.502656
-0.504072
-0.505015
-0.505582
-0.50586
-0.505852
-0.505494
-0.504614
-0.502953
-0.500279
-0.496521
-0.491881
-0.487026
-0.483029
-0.481042
-0.481831
-0.485342
-0.490742
-0.496828
-0.502501
-0.507054
-0.510195
-0.511952
-0.512471
-0.512004
-0.51078
-0.509044
-0.507007
-0.504866
-0.502741
-0.50079
-0.499079
-0.497645
-0.496484
-0.495535
-0.494739
-0.494009
-0.493268
-0.49243
-0.491456
-0.49032
-0.489046
-0.487664
-0.486239
-0.484838
-0.483527
-0.482362
-0.481385
-0.48062
-0.480066
-0.479713
-0.47951
-0.479354
-0.479126
-0.478654
-0.477794
-0.476381
-0.474286
-0.471481
-0.468014
-0.464088
-0.460035
-0.456329
-0.453445
-0.451825
-0.451685
-0.453024
-0.455594
-0.459061
-0.463042
-0.467215
-0.471314
-0.475177
-0.478701
-0.481829
-0.484561
-0.486925
-0.48894
-0.490666
-0.492129
-0.493371
-0.494404
-0.49519
-0.49573
-0.495955
-0.495807
-0.495234
-0.494174
-0.492631
-0.49065
-0.488343
-0.485903
-0.483525
-0.481456
-0.479831
-0.478711
-0.47805
-0.477719
-0.477587
-0.477549
-0.477541
-0.477573
-0.477645
-0.47775
-0.477859
-0.477917
-0.477832
-0.477516
-0.47683
-0.475589
-0.473538
-0.470392
-0.465886
-0.459897
-0.452592
-0.444572
-0.436813
-0.430484
-0.426592
-0.425701
-0.427834
-0.432629
-0.439479
-0.447649
-0.456228
-0.464289
-0.470979
-0.475697
-0.478102
-0.478116
-0.475883
-0.471713
-0.466097
-0.459724
-0.453572
-0.448785
-0.446464
-0.447255
-0.451097
-0.457228
-0.464605
-0.472229
-0.479485
-0.486103
-0.492008
-0.49728
-0.502015
-0.506282
-0.510087
-0.513388
-0.516065
-0.517972
-0.518882
-0.518542
-0.516684
-0.513109
-0.507865
-0.50139
-0.494635
-0.488934
-0.485565
-0.485162
-0.487302
-0.490806
-0.494322
-0.496852
-0.497949
-0.497614
-0.496096
-0.493684
-0.490616
-0.487013
-0.482948
-0.478447
-0.473615
-0.468678
-0.463994
-0.460037
-0.4573
-0.456129
-0.456563
-0.458305
-0.460752
-0.463194
-0.465051
-0.46594
-0.46591
-0.46543
-0.465273
-0.466271
-0.468993
-0.473497
-0.479327
-0.485743
-0.492017
-0.497612
-0.502283
-0.505956
-0.50868
-0.510547
-0.511639
-0.512046
-0.511793
-0.510888
-0.509314
-0.507055
-0.50411
-0.500545
-0.496489
-0.492251
-0.48827
-0.485133
-0.48336
-0.483286
-0.484877
-0.487724
-0.491156
-0.49444
-0.496928
-0.498221
-0.498119
-0.49666
-0.494043
-0.490691
-0.487141
-0.483967
-0.481646
-0.480444
-0.480361
-0.481169
-0.482529
-0.484095
-0.485598
-0.486886
-0.487952
-0.488838
-0.489625
-0.490412
-0.491287
