0.795154
0.787537
0.778578
0.769836
0.762933
0.759205
0.75945
0.763985
0.772693
0.785134
0.800513
0.817322
0.833324
0.845974
0.853347
0.854792
0.851199
0.844519
0.836936
0.830164
0.825004
0.821271
0.818185
0.814791
0.810131
0.803357
0.793712
0.780672
0.764248
0.745357
0.726129
0.709905
0.700631
0.701702
0.714622
0.738454
0.770245
0.806057
0.841836
0.874067
0.899926
0.917382
0.92533
0.923629
0.912829
0.89386
0.868219
0.838304
0.807565
0.779952
0.758896
0.74633
0.742383
0.745502
0.753214
0.762785
0.772019
0.779667
0.785536
0.790361
0.795412
0.802124
0.811494
0.823703
0.837973
0.852683
0.865843
0.875617
0.880656
0.880254
0.874176
0.862634
0.846391
0.82692
0.806302
0.787014
0.771361
0.760868
0.75583
0.755356
0.757835
0.761783
0.766288
0.77093
0.775436
0.779432
0.782314
0.783472
0.782519
0.77958
0.775368
0.771
0.76775
0.766679
0.768449
0.773059
0.779887
0.78786
0.795836
0.802878
0.808381
0.811957
0.81331
0.812241
0.808844
0.803814
0.798461
0.794366
0.792749
0.794139
0.798197
0.803959
0.810234
0.815761
0.819376
0.820231
0.818141
0.813858
0.80909
0.805985
0.806111
0.809592
0.815052
0.820303
0.82337
0.823133
0.819404
0.812694
0.803935
0.794387
0.785454
0.778611
0.775167
0.775955
0.781117
0.789894
0.800965
0.812685
0.823494
0.831986
0.837221
0.838831
0.837056
0.832777
0.827361
0.822251
0.818491
0.816321
0.815223
0.814253
0.812407
0.808945
0.80377
0.797423
0.790862
0.785095
0.780796
0.778087
0.77668
0.775991
0.775365
0.774172
0.771771
0.767854
0.762774
0.757632
0.754126
0.753939
0.758116
0.766644
0.778569
0.792446
0.806872
0.820717
0.833195
0.843895
0.852583
0.859142
0.863369
0.864896
0.863075
0.85714
0.846674
0.831988
0.814442
0.796352
0.780523
0.769562
0.765156
0.767733
0.776407
0.789436
0.804622
0.819829
0.833181
0.84313
0.848756
0.849803
0.846773
0.840572
0.832181
0.822303
0.811403
0.799767
0.78752
0.774475
0.760367
0.745264
0.730014
0.716332
0.706402
0.701919
0.703466
0.710512
0.722036
0.736921
0.754075
0.772399
0.790613
0.807382
0.821512
0.832237
0.839279
0.842807
0.843162
0.84076
0.836159
0.830253
0.824187
0.818881
0.814582
0.810689
0.806313
0.800976
0.794927
0.788832
0.783183
0.777799
0.771803
0.764098
0.754614
0.745772
0.742783
0.750568
0.769409
0.794654
0.820423
0.842631
0.859262
0.869546
0.87349
0.871744
0.865411
0.85597
0.844984
0.833871
0.823725
0.815246
0.808905
0.80504
0.803924
0.805595
0.809875
0.816114
0.823269
0.830257
0.836541
0.842208
0.847378
0.851498
0.853435
0.85198
0.846685
0.837995
0.82702
0.81504
0.802988
0.791307
0.780219
0.769981
0.761233
0.754935
0.751846
0.752021
0.754649
0.758463
0.762506
0.766464
0.770515
0.774981
0.780086
0.785973
0.792804
0.800839
0.810305
0.821071
0.832439
0.843224
0.851968
0.857256
0.857984
0.853567
0.843999
0.830013
0.813199
0.795911
0.780742
0.769793
0.763938
0.762764
0.765026
0.769342
0.774784
0.780879
0.787444
0.794282
0.801138
0.807785
0.813958
0.819279
0.823095
0.82463
0.823184
0.818472
0.810765
0.800916
0.790388
0.781126
0.775007
0.773246
0.775986
0.782243
0.790319
0.798563
0.805763
0.811213
0.814524
0.815384
0.813582
0.809242
0.80287
0.795334
0.78761
0.78053
0.774868
0.771703
0.772699
0.779655
0.79363
0.813926
0.838013
0.862302
0.883313
0.898472
0.906451
0.906713
0.899377
0.885312
0.866247
0.844733
0.823697
0.805599
0.791708
0.781942
0.775446
0.771117
0.76801
0.765496
0.763121
0.760601
0.757863
0.75517
0.753389
0.754106
0.759188
0.769797
0.785249
0.802814
0.818844
0.830129
0.83479
0.832626
0.824847
0.813694
0.801875
0.791948
0.785655
0.783622
0.785546
0.790721
0.798606
0.809029
0.821899
0.836682
0.851866
0.865015
0.873306
0.874331
0.867015
0.852312
0.833359
0.814766
0.801179
0.795393
0.797407
0.804981
0.814675
0.823022
0.827342
0.826321
0.820134
0.810194
0.798574
0.787281
0.777999
0.772011
0.770333
0.773597
0.78169
0.793498
0.806916
0.819386
0.828581
0.833111
0.832536
0.827219
0.818084
0.806321
0.793236
0.78022
0.768791
0.760561
0.757074
0.759425
0.767927
0.781932
0.799845
0.81924
0.837368
0.851645
0.86022
0.862252
0.857858
0.847877
0.833686
0.817142
0.800526
0.786408
0.777103
0.773768
0.775761
0.781002
0.787152
0.792803
0.797877
0.803093
0.809016
0.815679
0.822759
0.829886
0.836816
0.843413
0.849402
0.85407
0.856151
0.854325
0.848042
0.838324
0.827575
0.818335
0.812125
0.808776
0.806738
0.804083
0.799588
0.793315
0.786571
0.781392
0.779757
0.782613
0.78948
0.798814
0.808796
0.818055
0.825873
0.831921
0.835982
0.837678
0.836594
0.832534
0.825808
0.817434
0.808906
0.801474
0.79575
0.791487
0.78789
0.783976
0.779044
0.772858
0.765707
0.758171
0.750998
0.744852
0.740237
0.737554
0.737034
0.73861
0.741851
0.746012
0.750247
0.754054
0.757527
0.761356
0.766372
0.773235
0.782068
0.792431
0.803258
0.812938
0.819646
0.822089
0.820295
0.815843
0.810964
0.80734
0.805602
0.805682
0.807399
0.810525
0.814683
0.819308
0.824107
0.829443
0.836307
0.845885
0.858622
0.873636
0.888735
0.901232
0.908722
0.909756
0.904004
0.892025
0.875108
0.855066
0.833896
0.813687
0.796494
0.783995
0.777204
0.776063
0.779021
0.783558
0.78724
0.788901
0.788999
0.788791
0.789439
0.791186
0.793406
0.795051
0.795192
0.793315
0.789338
0.783465
0.776182
0.768364
0.761267
0.756349
0.754833
0.757263
0.763306
0.772045
0.782424
0.793782
0.805948
0.818962
0.832569
0.845983
0.858007
0.86747
0.873512
0.875706
0.873987
0.868693
0.860612
0.850895
0.840777
0.831252
0.82266
0.814567
0.805994
0.795815
0.783347
0.76889
0.753672
0.739489
0.727986
0.720319
0.717176
0.718931
0.725435
0.735935
0.749239
0.764047
0.779023
0.792863
0.804432
0.813164
0.819336
0.823894
0.827882
0.831646
0.834727
0.83628
0.835728
0.833147
0.829229
0.824852
0.820788
0.817495
0.815107
0.813469
0.812292
0.811178
0.809627
0.807034
0.80272
0.796104
0.786861
0.775274
0.76266
0.751391
0.744179
0.742777
0.747046
0.755043
0.76412
0.772264
0.778773
0.784256
0.79013
0.797978
0.808856
0.822927
0.839607
0.857694
0.875712
0.89205
0.905114
0.913469
0.91594
0.911874
0.901326
0.885188
0.865082
0.843074
0.821189
0.800965
0.783306
0.768497
0.756693
0.747995
0.742617
0.740802
0.742694
0.748221
0.756946
0.768
0.780059
0.791526
0.800659
0.805944
0.80631
0.801574
0.792667
0.781373
0.769777
0.759556
0.751514
0.745673
0.741615
0.739061
0.738171
0.739453
0.743482
0.750457
0.760003
0.77149
0.784434
0.798538
0.813564
0.829204
0.845021
0.860487
0.875175
0.888703
0.900703
0.910639
0.917777
0.921196
0.919885
0.912901
0.899665
0.880287
0.855724
0.827843
0.799113
0.772236
0.749837
0.734217
0.726953
0.728301
0.736656
0.748947
0.761855
0.772826
0.780466
0.784425
0.785169
0.783666
0.781208
0.779272
0.779247
0.782129
0.788193
0.797053
0.808094
0.820828
0.834895
0.849699
0.864053
0.87614
0.884174
0.886893
0.883766
0.874887
0.860804
0.842524
0.821656
0.800492
0.781583
0.767104
0.758322
0.755531
0.758118
0.764847
0.774041
0.78379
0.792269
0.797904
0.799628
0.797185
0.791347
0.783796
0.776845
0.772842
0.773276
0.778117
0.786091
0.795413
0.804642
0.812989
0.820097
0.825775
0.829812
0.831943
0.831976
0.830015
0.82652
0.822207
0.81805
0.815107
0.814391
0.816572
0.821694
0.829009
0.836994
0.843849
0.848192
0.849593
0.848571
0.846231
0.843441
0.840366
0.836448
0.830983
0.823721
0.815172
0.806312
0.798116
0.791134
0.78541
0.780699
0.776736
0.773337
0.770246
0.767057
0.763218
0.758162
0.75169
0.744235
0.736938
0.731303
0.728492
0.728732
0.731245
0.734906
0.738977
0.743536
0.74916
0.756311
0.764855
0.773833
0.781733
0.786878
0.7882
0.785651
0.780384
0.774382
0.769893
0.76863
0.771416
0.77813
0.787929
0.799453
0.81121
0.821757
0.829968
0.835227
0.837582
0.837727
0.836896
0.836593
0.838207
0.842419
0.848905
0.856424
0.863335
0.868102
0.869738
0.867762
0.861963
0.852264
0.838749
0.821942
0.803072
0.784211
0.767951
0.756636
0.751533
0.752593
0.758738
0.768704
0.781441
0.796058
0.811465
0.826182
0.838569
0.847208
0.85131
0.850864
0.846499
0.839291
0.830509
0.821296
0.812585
0.805073
0.799156
0.794975
0.792358
0.790969
0.790404
0.790347
0.790717
0.791678
0.793612
0.796941
0.801991
0.808763
0.816818
0.825221
0.832514
0.836875
0.836501
0.830032
0.817133
0.79879
0.77724
0.75555
0.736853
0.723619
0.717143
0.717567
0.724091
0.735305
0.74944
0.764656
0.779258
0.791856
0.801611
0.80823
0.812068
0.813976
0.815022
0.816164
0.818035
0.820574
0.823
0.823809
0.821182
0.813616
0.800702
0.783373
0.764121
0.746877
0.736211
0.735679
0.74608
0.765145
0.78909
0.814343
0.838352
0.859138
0.874891
0.883968
0.885238
0.878605
0.865267
0.847501
0.828026
0.809392
0.793477
0.781282
0.773321
0.770057
0.772033
0.779646
0.792551
0.809264
0.827231
0.843575
0.855732
0.862095
0.862128
0.856277
0.845749
0.832354
0.818334
0.805845
0.796356
0.790134
0.786173
0.782615
0.777684
0.770494
0.761322
0.751554
0.743195
0.738259
0.738244
0.74369
0.753923
0.767324
0.781843
0.795728
0.808126
0.819119
0.829429
0.839768
0.850214
0.860143
0.868492
0.87409
0.876045
0.874224
0.869347
0.862674
0.855133
0.846536
0.83591
0.822731
0.807788
0.793061
0.780971
0.773462
0.771173
0.773124
0.777354
0.781823
0.785288
0.787697
0.790021
0.79364
0.799649
0.808253
0.818391
0.828177
0.835638
