-0.296964   -0.166963   -0.322697
-0.00820973   0.225298   0.030896
0.184556   -0.10837   0.399486
0.352677   0.181305   -0.383892
-0.362502   -0.397201   -0.291903
0.141224   0.231841   -0.082288
0.150785   0.184143   0.208866
-0.0242024   -0.255682   -0.147309
-0.0728844   0.129125   -0.495336
0.268009   0.315021   0.0432271
-0.4279   -0.47218   0.297135
0.271636   0.224615   -0.301513
-0.142649   -0.141826   0.0761245
-0.435005   -0.102306   0.0776885
0.369206   -0.206761   0.481764
0.322075   0.27353   0.455311
-0.450985   -0.0785237   -0.0118919
-0.294352   -0.441033   0.177384
0.446204   0.0939556   -0.186011
0.00202055   0.113172   -0.173438
0.377665   0.413648   -0.0245395
0.286733   0.409661   0.404279
-0.282706   0.41936   0.249922
0.397675   0.372206   0.424876
0.410564   -0.0381326   -0.133945
-0.371208   -0.0536313   0.341294
-0.158064   -0.363135   0.344301
0.310785   0.0394078   0.175075
-0.282713   0.312107   -0.184778
0.249742   -0.0667059   0.0915894
-0.120791   -0.250878   0.423968
0.276192   0.207065   0.239078
0.384583   -0.0729955   -0.0580602
0.250127   -0.204119   0.163571
0.4482   0.484414   0.457208
-0.232021   0.00743496   0.152546
-0.383121   -0.194455   0.493438
-0.0337829   -0.0437763   0.391105
-0.438901   -0.404739   0.415048
-0.0283361   -0.349487   0.452623
0.0853361   0.0342852   -0.165037
-0.480397   0.367734   0.370302
0.470373   0.295712   -0.438525
-0.0961696   -0.48732   -0.309664
-0.152844   0.167358   -0.35254
-0.269613   0.206716   0.346337
0.247413   -0.295206   0.128961
-0.31281   -0.473703   0.326101
-0.177832   -0.254151   0.346518
-0.146533   -0.206395   -0.113043
0.376144   -0.294224   0.340845
-0.102306   0.00609278   -0.485954
0.375107   -0.261509   -0.16257
0.0201819   0.400289   -0.236482
0.285635   -0.0926975   0.489319
0.253747   -0.431184   0.429889
0.465889   0.0343698   0.377748
-0.459948   0.17912   -0.404466
-0.199358   0.26684   0.260984
-0.132124   -0.0845467   -0.0159127
-0.435875   -0.0437898   -0.157963
-0.268731   -0.234344   -0.323719
0.40641   0.222509   -0.17575
0.318263   -0.325264   -0.410438
-0.0523548   -0.163334   0.438407
-0.324885   -0.311746   -0.160993
-0.352622   -0.225756   0.288511
0.24129   0.199057   0.401697
0.0774766   -0.141117   0.491084
0.420122   0.396305   -0.472813
-0.3316   -0.0775399   0.408939
0.433577   0.200306   -0.370654
0.175588   0.100798   0.154201
-0.409132   -0.200493   0.0211712
-0.363571   -0.145981   0.0992258
-0.0764515   0.12678   0.0661551
-0.225017   -0.169312   -0.360104
0.179426   0.230672   0.457686
0.0786376   -0.260208   0.497697
0.219333   0.230601   0.172921
-0.379709   0.497324   0.208918
-0.269274   0.235833   0.258378
-0.162334   -0.29031   -0.388746
-0.0442398   -0.203933   -0.451842
-0.34304   0.193695   0.0855492
0.0963698   -0.0461143   -0.167097
0.290527   0.272582   -0.139317
-0.0725745   -0.154805   -0.297862
-0.499116   0.212614   0.171426
0.277332   0.316017   0.150258
0.10081   0.207042   0.000903229
0.202608   -0.0988255   -0.492314
-0.20849   0.472048   0.254197
-0.242231   0.00388272   0.033019
-0.343569   0.32886   -0.117373
-0.149433   0.0635549   0.0433997
-0.416778   -0.0573564   -0.392768
0.35842   0.432511   -0.150097
0.0923478   -0.00278432   -0.0863281
0.112926   -0.223806   -0.00561673
0.300571   -0.353049   0.348405
-0.253643   -0.303418   -0.368886
-0.217342   -0.0285769   0.24696
-0.0723327   0.299489   0.216821
0.384764   -0.407849   0.46012
-0.276906   -0.397166   -0.470903
-0.20883   -0.0802692   -0.369767
0.105835   0.144492   -0.169578
