-0.296993   -0.166991   -0.322702
-0.00824278   0.225325   0.03091
0.184563   -0.108304   0.399479
0.352679   0.181245   -0.383783
-0.362487   -0.397189   -0.291908
0.141243   0.23181   -0.0822826
0.150798   0.184031   0.208893
-0.0241804   -0.255678   -0.147251
-0.0728648   0.129062   -0.49541
0.268012   0.314951   0.0432633
-0.427951   -0.472207   0.297087
0.271656   0.224628   -0.301542
-0.142628   -0.141805   0.0760547
-0.434943   -0.102328   0.0777563
0.369163   -0.206794   0.48174
0.322127   0.273575   0.455231
-0.450998   -0.0785402   -0.0119549
-0.294293   -0.441041   0.177345
0.446207   0.0939224   -0.186016
0.00211311   0.113164   -0.173445
0.377628   0.413671   -0.0245135
0.286664   0.409703   0.404237
-0.282739   0.419333   0.249874
0.397653   0.372185   0.424854
0.410625   -0.0381768   -0.133873
-0.371168   -0.0536252   0.341288
-0.158103   -0.363169   0.344355
0.310742   0.0394809   0.175079
-0.282654   0.3122   -0.184764
0.249666   -0.0667208   0.0916015
-0.120832   -0.25089   0.423915
0.276278   0.207153   0.238974
0.384599   -0.0729616   -0.0580553
0.250125   -0.204128   0.163534
0.448129   0.484362   0.457266
-0.232094   0.00745224   0.152575
-0.383132   -0.194465   0.493451
-0.0338162   -0.0437702   0.390996
-0.438894   -0.404706   0.415106
-0.0283662   -0.349512   0.452659
0.0854017   0.0343178   -0.165057
-0.480465   0.367742   0.370322
0.470387   0.295721   -0.438479
-0.0961781   -0.487315   -0.309747
-0.152842   0.167385   -0.352603
-0.269618   0.206726   0.346272
0.247392   -0.295168   0.128966
-0.312817   -0.473775   0.326076
-0.177891   -0.254192   0.346476
-0.146563   -0.206428   -0.11306
0.376208   -0.294267   0.340896
-0.102339   0.00608322   -0.485876
0.375068   -0.26146   -0.162545
0.0202058   0.400205   -0.236505
0.285632   -0.0926339   0.489344
0.253712   -0.431147   0.429892
0.465863   0.0343467   0.377821
-0.459925   0.179042   -0.404421
-0.199355   0.266867   0.260982
-0.132174   -0.0845384   -0.0158898
-0.435828   -0.0437584   -0.158067
-0.26871   -0.23437   -0.323721
0.406438   0.222469   -0.175712
0.318327   -0.325371   -0.410401
-0.0524145   -0.163348   0.438425
-0.324891   -0.311736   -0.16103
-0.352712   -0.225797   0.288534
0.241296   0.199054   0.401719
0.0775309   -0.141185   0.491115
0.420158   0.396312   -0.472771
-0.331614   -0.0775883   0.408967
0.43355   0.20033   -0.370695
0.175521   0.100781   0.154135
-0.40906   -0.200518   0.0211835
-0.363509   -0.145943   0.0991761
-0.0764508   0.126868   0.0661604
-0.224978   -0.169297   -0.360105
0.179511   0.230649   0.457675
0.0786184   -0.260214   0.497734
0.219292   0.230569   0.172962
-0.379705   0.497305   0.208932
-0.269264   0.235775   0.258395
-0.162407   -0.290263   -0.388801
-0.044322   -0.203964   -0.451815
-0.343058   0.193764   0.0855232
0.0964037   -0.0460825   -0.167179
0.290537   0.272607   -0.13932
-0.0725374   -0.154739   -0.297886
-0.499077   0.212605   0.171433
0.277357   0.316073   0.150215
0.100779   0.207107   0.000904179
0.202641   -0.0988039   -0.49228
-0.208481   0.472094   0.254202
-0.242171   0.00388283   0.0330213
-0.343577   0.328927   -0.117372
-0.149419   0.0635987   0.0434342
-0.416764   -0.0573519   -0.392752
0.358407   0.432506   -0.150079
0.0923395   -0.00276836   -0.0863005
0.112979   -0.223773   -0.00555043
0.300464   -0.353072   0.348393
-0.253664   -0.303371   -0.368907
-0.217314   -0.0285958   0.246966
-0.0724034   0.29953   0.216827
0.384822   -0.407871   0.460179
-0.276872   -0.397163   -0.470889
-0.208804   -0.0803226   -0.369739
0.105849   0.144528   -0.16959
