            100        1.40416              0
            200        1.40415    6.93228e-06
            300        1.40416    1.48943e-05
            400        1.40419    2.80043e-05
            500         1.4042    2.30064e-05
            600         1.4042    1.90942e-05
            700         1.4042    1.61531e-05
            800        1.40419    1.48584e-05
            900        1.40419    1.32645e-05
           1000        1.40419    1.27975e-05
           1100        1.40418    1.20294e-05
           1200        1.40418    1.10149e-05
           1300        1.40419    1.05423e-05
           1400        1.40419    1.03295e-05
           1500         1.4042    1.25059e-05
           1600        1.40421    1.56385e-05
           1700        1.40422    1.67581e-05
           1800        1.40422    1.74504e-05
           1900        1.40423    1.79409e-05
           2000        1.40423    1.73045e-05
