1.19944
1.19919
1.19933
1.19986
1.20073
1.20189
1.2033
1.20487
1.20655
1.20826
1.20996
1.21159
1.21311
1.21448
1.21568
1.21668
1.21747
1.21803
1.21835
1.21843
1.21825
1.21783
1.21716
1.21624
1.21509
1.21371
1.21213
1.21038
1.20848
1.20649
1.20445
1.20241
1.20043
1.19858
1.19689
1.19541
1.19419
1.19323
1.19255
1.19213
1.19195
1.19199
1.19221
1.19256
1.19301
1.19352
1.19407
1.19463
1.19519
1.19574
1.19628
1.19682
1.19737
1.19795
1.19857
1.19925
1.19999
1.20082
1.20172
1.2027
1.20374
1.20484
1.20598
1.20713
1.20828
1.2094
1.21047
1.21149
1.21244
1.21331
1.2141
1.21481
1.21545
1.21602
1.21653
1.217
1.21744
1.21785
1.21824
1.21863
1.21902
1.21942
1.21982
1.22024
1.22066
1.22108
1.22151
1.22193
1.22235
1.22275
1.22312
1.22347
1.22379
1.22406
1.22428
1.22444
1.22454
1.22456
1.22449
1.22432
1.22405
1.22365
1.22313
1.22248
1.22167
1.22072
1.21961
1.21835
1.21694
1.21539
1.21369
1.21187
1.20993
1.2079
1.20578
1.20361
1.20139
1.19917
1.19695
1.19479
1.1927
1.19073
1.18893
1.18731
1.18592
1.18479
1.18393
1.18335
1.18305
1.18303
1.18328
1.18377
1.18449
1.18542
1.18652
1.18776
1.18911
1.19052
1.19195
1.19336
1.19472
1.196
1.19716
1.1982
1.1991
1.19985
1.20047
1.20095
1.20131
1.20155
1.20167
1.20169
1.2016
1.20142
1.20114
1.20077
1.20033
1.19982
1.19926
1.19867
1.19809
1.19756
1.19713
1.19682
1.1967
1.1968
1.19716
1.19779
1.19869
1.19986
1.20126
1.20286
1.2046
1.20643
1.2083
1.21014
1.21193
1.21361
1.21516
1.21656
1.21778
1.21883
1.2197
1.22039
1.22092
1.22128
1.22149
1.22156
1.2215
1.22132
1.22103
1.22064
1.22016
1.21959
1.21896
1.21825
1.21749
1.21667
1.2158
1.21489
1.21395
1.21298
1.21199
1.21098
1.20997
1.20895
1.20794
1.20695
1.20598
1.20503
1.20412
1.20326
1.20243
1.20166
1.20093
1.20024
1.1996
1.199
1.19844
1.19792
1.19743
1.19698
1.19657
1.19622
1.19593
1.19573
1.19563
1.19565
1.19583
1.19618
1.1967
1.19742
1.19832
1.19941
1.20065
1.20203
1.2035
1.20504
1.20661
1.20817
1.20969
1.21114
1.2125
1.21375
1.21489
1.21591
1.2168
1.21758
1.21825
1.21882
1.21929
1.21968
1.22
1.22025
1.22046
1.22062
1.22075
1.22086
1.22094
1.22101
1.22106
1.22111
1.22116
1.2212
1.22124
1.22128
1.22132
1.22136
1.2214
1.22144
1.22149
1.22154
1.22161
1.22169
1.22179
1.22193
1.22211
1.22234
1.22264
1.22302
1.22348
1.22402
1.22466
1.2254
1.22621
1.22709
1.22802
1.22899
1.22995
1.2309
1.23179
1.23261
1.23333
1.23392
1.23439
1.23471
1.23489
1.23495
1.23488
1.23473
1.23451
1.23426
1.23401
1.23381
1.23367
1.23363
1.23371
1.23392
1.23426
1.23472
1.2353
1.23597
1.23669
1.23743
1.23816
1.23883
1.23942
1.23989
1.24021
1.24035
1.24032
1.2401
1.23969
1.23911
1.23838
1.23753
1.23661
1.23565
1.23469
1.23379
1.23296
1.23226
1.23168
1.23126
1.231
1.2309
1.23095
1.23115
1.23149
1.23194
1.23249
1.23313
1.23383
1.23459
1.23539
1.23623
1.2371
1.238
1.23893
1.23991
1.24092
1.24199
1.24312
1.24429
1.2455
1.24672
1.24792
1.24907
1.2501
1.25097
1.25162
1.252
1.25207
1.25179
1.25115
1.25016
1.24886
1.24728
1.24552
1.24367
1.24183
1.24011
1.23861
1.23743
1.23661
1.2362
1.23618
1.23654
1.23721
1.23813
1.23921
1.24038
1.24156
1.24268
1.24369
1.24454
1.24521
1.24569
1.246
1.24614
1.24618
1.24615
1.24612
1.24615
1.24631
1.24664
1.24719
1.24798
1.24902
1.25029
1.25176
1.25339
1.25512
1.25689
1.25864
1.26029
1.26181
1.26314
1.26424
1.26509
1.26566
1.26596
1.26598
1.26573
1.26522
1.26449
1.26357
1.26248
1.26127
1.25998
1.25866
1.25734
1.25607
1.25489
1.25383
1.25292
1.25219
1.25164
1.25128
1.25111
1.25112
1.25129
1.2516
1.25202
1.25253
1.25309
1.25368
1.25427
1.25482
1.25533
1.25577
1.25613
1.25639
1.25654
1.25659
1.25652
1.25632
1.25601
1.25557
1.255
1.25429
1.25344
1.25243
1.25124
1.24988
1.24831
1.24653
1.24453
1.24233
1.23992
1.23736
1.2347
1.23199
1.22935
1.22685
1.2246
1.22269
1.22117
1.22007
1.21937
1.21903
1.21896
1.21908
1.21928
1.2195
1.21968
1.21982
1.21993
1.22006
1.22026
1.2206
1.22113
1.2219
1.22291
1.22416
1.22561
1.22721
1.2289
1.23061
1.23228
1.23385
1.2353
1.23659
1.2377
1.23863
1.23937
1.23995
1.24035
1.24061
1.24073
1.24072
1.24059
1.24037
1.24005
1.23965
1.23918
1.23863
1.23802
1.23736
1.23663
1.23585
1.23501
1.23412
1.23318
1.23219
1.23114
1.23003
1.22886
1.22763
1.22633
1.22497
1.22354
1.22204
1.22047
1.21885
1.21718
1.21548
1.21378
1.21209
1.21046
1.20889
1.20742
1.20607
1.20483
1.20371
1.20268
1.20171
1.20074
1.19972
1.1986
1.19731
1.19582
1.19409
1.19212
1.18994
1.1876
1.18519
1.18284
1.18066
1.17879
1.17734
1.1764
1.17598
1.17608
1.17662
1.17749
1.17857
1.17972
1.18081
1.18173
1.18242
1.18282
1.18293
1.18275
1.18232
1.1817
1.18096
1.18017
1.17942
1.17879
1.17837
1.17823
1.17843
1.17899
1.17992
1.1812
1.1828
1.18466
1.18669
1.18884
1.191
1.19312
1.19513
1.19698
1.19862
1.20004
1.20121
1.20213
1.20278
1.20318
1.20332
1.20323
1.20291
1.20237
1.20166
1.20077
1.19975
1.19862
1.19741
1.19615
1.19488
1.19363
1.19243
1.19129
1.19024
1.18928
1.18843
1.18769
1.18704
1.18649
1.18601
1.1856
1.18525
1.18494
1.18466
1.18443
1.18422
1.18405
1.18391
1.18382
1.18378
1.18379
1.18386
1.18398
1.18415
1.18437
1.18463
1.18492
1.18521
1.18551
1.18579
1.18605
1.18628
1.18646
1.18661
1.18672
1.18679
1.18682
1.18684
1.18684
1.18684
1.18684
1.18685
1.18688
1.18694
1.18701
1.18712
1.18725
1.1874
1.18757
1.18776
1.18797
1.1882
1.18843
1.18869
1.18895
1.18923
1.18952
1.18983
1.19014
1.19046
1.19078
1.1911
1.19141
1.1917
1.19196
1.19218
1.19236
1.19248
1.19253
1.19251
1.1924
1.19221
1.19191
1.19152
1.19103
1.19043
1.18973
1.18894
1.18806
1.1871
1.18608
1.18501
1.1839
1.18279
1.18168
1.1806
1.17957
1.17862
1.17775
1.17699
1.17634
1.1758
1.17537
1.17505
1.17483
1.17468
1.17458
1.1745
1.17442
1.1743
1.17412
1.17384
1.17345
1.17292
1.17225
1.17144
1.17049
1.16942
1.16827
1.16708
1.1659
1.16477
1.16373
1.16282
1.16207
1.16146
1.161
1.16064
1.16034
1.16005
1.15972
1.15929
1.15874
1.15807
1.1573
1.15648
1.15569
1.15506
1.15469
1.15472
1.15524
1.15632
1.15798
1.16019
1.16289
1.16594
1.16924
1.17263
1.176
1.17924
1.18227
1.18503
1.18749
1.18961
1.19141
1.19289
1.19406
1.19493
1.19552
1.19586
1.19595
1.19582
1.19547
1.19493
1.1942
1.1933
1.19225
1.19106
1.18975
1.18834
1.18686
1.18534
1.18381
1.1823
1.18084
1.17948
1.17824
1.17715
1.17623
1.1755
1.17497
1.17464
1.1745
1.17455
1.17476
1.17512
1.1756
1.17618
1.17683
1.17755
1.17829
1.17906
1.17982
1.18056
1.18127
1.18195
1.18257
1.18313
1.18362
1.18405
1.1844
1.18469
1.18491
1.18506
1.18516
1.1852
1.1852
1.18517
1.18511
1.18504
1.18496
1.1849
1.18485
1.18482
1.18483
1.18488
1.18498
1.18513
1.18534
1.18561
1.18593
1.18631
1.18675
1.18724
1.18779
1.18839
1.18903
1.18972
1.19044
1.19119
1.19197
1.19276
1.19356
1.19436
1.19515
1.19591
1.19664
1.19733
1.19796
1.19852
1.199
1.19939
1.19967
1.19984
1.19989
1.1998
1.19957
1.1992
1.19868
1.19802
1.19721
1.19628
1.19522
1.19406
1.19281
1.19152
1.19019
1.18888
1.18762
1.18644
1.18538
1.18448
1.18377
1.18326
1.18297
1.1829
1.18304
1.18338
1.18389
1.18455
1.18532
1.18616
1.18704
1.18793
1.1888
1.18961
1.19035
1.191
1.19156
1.19201
1.19237
1.19265
1.19287
1.19305
1.19321
1.1934
1.19363
1.19395
1.19437
1.19491
1.1956
1.19643
1.19741
1.19852
1.19976
1.20111
1.20253
1.20401
1.20553
1.20705
1.20856
1.21004
1.21147
1.21283
1.21413
1.21533
1.21645
1.21747
1.21839
1.21921
1.21991
1.2205
1.22097
1.22131
1.22151
1.22156
1.22143
1.22112
1.22059
1.21982
1.21878
1.21744
1.21574
1.21366
1.21116
1.2082
1.20474
1.20078
1.1963
1.19134
1.18594
1.18018
1.17418
1.1681
1.16212
1.15645
1.15131
1.14687
1.14331
1.14073
1.13916
1.13857
1.13887
1.13991
1.14156
1.14365
1.14606
1.14868
1.15146
1.15433
1.15728
1.16027
1.16328
1.16626
1.16914
1.17187
1.17436
1.17655
1.17836
1.17975
1.18067
1.18111
1.18107
1.18058
1.17968
1.17844
1.17698
1.17542
1.1739
1.17259
1.17163
1.17115
1.17123
1.17192
1.1732
1.175
1.17721
1.17972
1.18238
1.18508
1.18773
1.19023
1.19254
1.19464
1.19651
1.19815
1.19959
1.20083
1.20191
1.20284
1.20365
1.20436
1.20498
1.20553
1.20603
1.20648
1.2069
1.20728
1.20765
1.20799
1.20831
1.20862
1.20891
1.20918
1.20942
1.20963
1.20981
1.20995
1.21003
1.21006
1.21001
1.20988
1.20966
1.20933
1.20888
1.20829
1.20755
1.20665
1.20557
1.2043
1.20282
1.20114
1.19925
1.19715
1.19486
1.1924
1.18979
1.18709
1.18435
1.18163
1.17901
1.17656
1.17433
1.17241
1.17082
1.16961
1.16877
1.16831
1.1682
1.16841
1.16891
1.16965
1.17061
1.17174
1.17301
1.1744
1.17587
1.1774
1.17896
1.18052
1.18207
1.18356
1.18499
1.18633
1.18756
1.18868
1.18967
1.19052
1.19125
1.19184
1.19231
1.19265
1.19289
1.19302
1.19306
1.19302
1.19289
1.19269
1.19241
1.19205
1.19161
1.19107
1.19044
1.18969
1.18881
1.1878
1.18666
1.18537
1.18396
1.18244
1.18082
1.17913
1.17741
1.1757
1.17402
1.17244
1.17099
1.16972
1.16871
1.16802
1.16771
1.16785
1.16848
1.16963
1.17127
1.17337
1.17583
1.17854
1.18139
1.18423
1.18696
1.18947
1.19167
1.1935
1.19495
1.19598
1.19661
1.19686
1.19677
1.19639
1.19577
1.195
1.19415
1.19329
1.19251
1.19187
1.19142
1.19118
1.19118
1.19138
1.19176
1.19224
1.19277
1.19327
1.19366
1.19388
1.19389
1.19365
1.19314
1.19237
1.19137
1.19017
1.18884
1.18743
1.18601
1.18467
1.18345
1.18242
1.18161
1.18104
1.18072
1.18064
1.1808
1.18116
1.18171
1.18242
1.18327
1.18423
1.1853
1.18645
1.18767
1.18892
1.1902
1.19148
1.19273
1.19393
1.19505
1.19608
1.19699
1.19777
1.1984
1.19887
1.19919
1.19934
1.19934
1.19918
1.19887
1.19842
1.19784
1.19715
1.19635
1.19547
1.1945
1.19348
1.19242
1.19132
1.19021
1.18909
1.18799
1.18691
1.18587
1.18487
1.18392
1.18303
1.1822
1.18144
1.18075
1.18013
1.17958
1.1791
1.17867
1.1783
1.17798
1.1777
1.17746
1.17725
1.17705
1.17687
1.1767
1.17652
1.17634
1.17616
1.17595
1.17574
1.1755
1.17524
1.17497
1.17467
1.17436
1.17404
1.1737
1.17336
1.17302
1.17268
1.17236
1.17206
1.1718
1.17157
1.17139
1.17127
1.17121
1.17123
1.17132
1.1715
1.17176
1.17211
1.17254
1.17305
1.17365
1.17431
1.17503
1.17581
1.17663
1.17748
1.17836
1.17926
1.18015
1.18105
1.18192
1.18278
1.1836
1.18438
1.18513
1.18582
1.18647
1.18706
1.18759
1.18806
1.18848
1.18883
1.18911
1.18934
1.18949
1.18959
1.18962
1.18958
1.18947
1.1893
1.18906
1.18876
1.18838
1.18793
1.18741
1.18682
1.18615
1.18541
1.18459
1.18371
1.18275
1.18172
1.18062
1.17946
1.17824
1.17697
1.17566
1.17431
1.17294
1.17155
1.17017
1.16879
1.16744
1.16612
1.16486
1.16365
1.16253
1.16148
1.16053
1.15969
1.15896
1.15835
1.15787
1.15752
1.15731
1.15722
1.15727
1.15744
1.15774
1.15813
1.15863
1.1592
1.15984
1.16053
1.16124
1.16198
1.16271
1.16343
1.16412
1.16478
1.1654
1.16597
1.16649
1.16696
1.16738
1.16775
1.16807
1.16835
1.16859
1.16879
1.16896
1.1691
1.16922
1.16931
1.16938
1.16943
1.16945
1.16945
1.16942
1.16936
1.16927
1.16913
1.16895
1.16871
1.16841
1.16804
1.1676
1.16706
1.16643
1.1657
1.16487
1.16393
1.16288
1.16174
1.16052
1.15923
1.1579
1.15657
1.15527
1.15406
1.15298
1.15208
1.15139
1.15097
1.15082
1.15096
1.15138
1.15206
1.15297
1.15406
1.1553
1.15663
1.158
1.15938
1.16073
1.16203
1.16325
1.16438
1.16541
1.16635
1.16718
1.16791
1.16855
1.1691
1.16957
1.16997
1.1703
1.17056
1.17077
1.17093
1.17103
1.17109
1.1711
1.17107
1.171
1.17089
1.17074
1.17055
1.17032
1.17005
1.16974
1.16939
1.169
1.16857
1.1681
1.16759
1.16703
1.16642
1.16577
1.16507
1.16432
1.16353
1.1627
1.16183
1.16092
1.15998
1.15902
1.15804
1.15706
1.15608
1.15511
1.15417
1.15326
1.15238
1.15155
1.15078
1.15006
1.1494
1.1488
1.14827
1.14781
1.14741
1.14708
1.14681
1.1466
1.14643
1.14629
1.14616
1.14603
1.14587
1.14567
1.14539
1.14502
1.14454
1.14395
1.14325
1.14245
1.14158
1.14068
1.13978
1.13895
1.13825
1.13773
1.13743
1.13739
1.13764
1.13817
1.13898
1.14003
1.14129
1.14271
1.14425
1.14585
1.14748
1.1491
1.15068
1.15218
1.1536
1.1549
1.15609
1.15715
1.15808
1.15888
1.15955
1.16009
1.16052
1.16083
1.16106
1.1612
1.16128
1.1613
1.16129
1.16125
1.16121
1.16117
1.16113
1.16112
1.16112
1.16115
1.1612
1.16127
1.16135
1.16144
1.16153
1.16162
1.16169
1.16175
1.16178
1.16179
1.16177
1.16171
1.16163
1.16151
1.16135
1.16117
1.16097
1.16075
1.16051
1.16027
1.16003
1.15979
1.15957
1.15937
1.1592
1.15907
1.15898
1.15894
1.15894
1.15901
1.15912
1.15929
1.15952
1.1598
1.16012
1.16048
1.16088
1.16131
1.16176
1.16222
1.16269
1.16316
1.16362
1.16406
1.16449
1.16489
1.16526
1.16559
1.16589
1.16614
1.16636
1.16652
1.16665
1.16673
1.16676
1.16675
1.16669
1.1666
1.16646
1.16628
1.16606
1.16581
1.16551
1.16519
1.16482
1.16442
1.16398
1.16351
1.163
1.16245
1.16186
1.16124
1.16057
1.15985
1.15909
1.15829
1.15744
1.15655
1.15561
1.15463
1.15362
1.15257
1.1515
1.15042
1.14935
1.1483
1.1473
1.14637
1.14554
1.14484
1.1443
1.14395
1.1438
1.14388
1.1442
1.14477
1.14557
1.14659
1.14783
1.14924
1.15079
1.15246
1.15419
1.15595
1.15769
1.15938
1.16096
1.16239
1.16365
1.16469
1.16549
1.16601
1.16622
1.16612
1.16569
1.16492
1.16383
1.16246
1.16085
1.15908
1.15726
1.15553
1.15402
1.15289
1.15229
1.15231
1.15303
1.15444
1.15648
1.15907
1.16204
1.16526
1.16857
1.17183
1.17494
1.17781
1.1804
1.18267
1.18461
1.18624
1.18755
1.18857
1.18933
1.18985
1.19014
1.19024
1.19017
1.18994
1.18957
1.18908
1.18849
1.1878
1.18704
1.18621
1.18533
1.18441
1.18347
1.18252
1.18157
1.18063
1.17973
1.17887
1.17806
1.17732
1.17665
1.17608
1.17559
1.17521
1.17494
1.17477
1.17471
1.17476
1.17492
1.17517
1.17551
1.17594
1.17645
1.17702
1.17766
1.17834
1.17905
1.1798
1.18057
1.18135
1.18214
1.18292
1.18369
1.18444
1.18518
1.18589
1.18657
1.18721
1.18783
1.1884
1.18894
1.18944
1.1899
1.19032
1.1907
1.19103
1.19133
1.1916
1.19182
1.19202
1.19219
1.19233
1.19246
1.19257
1.19268
1.19278
1.1929
1.19302
1.19317
1.19334
1.19355
1.1938
1.19409
1.19442
1.1948
1.19523
1.1957
1.19621
1.19674
1.19731
1.19788
1.19846
1.19902
1.19957
1.20009
1.20056
1.20097
1.20132
1.20159
1.20177
1.20186
1.20185
1.20174
1.20153
1.2012
1.20078
1.20027
1.19967
1.199
1.19828
1.19753
1.19677
1.19603
1.19533
1.19471
1.19419
1.19379
1.19353
1.19343
1.19349
1.19373
1.19413
1.19469
1.1954
1.19623
1.19717
1.1982
1.19928
1.20039
1.20151
1.2026
1.20365
1.20462
1.2055
1.20625
1.20687
1.20733
1.20762
1.20773
1.20765
1.20737
1.20689
1.20623
1.20538
1.20437
1.20321
1.20192
1.20055
1.19913
1.19769
1.19628
1.19493
1.19369
1.19258
1.19165
1.1909
1.19035
1.19001
1.18988
1.18994
1.19018
1.1906
1.19116
1.19186
1.19267
1.19359
1.19459
1.19566
1.19679
1.19795
1.19914
1.20032
1.20148
1.20259
1.20363
1.20457
1.20541
1.20611
1.20668
1.20709
1.20737
1.2075
1.20751
1.2074
1.2072
1.20694
1.20664
1.20632
1.20603
1.20578
1.20561
1.20553
1.20555
1.20571
1.20598
1.20639
1.20692
1.20757
1.2083
1.20912
1.20999
1.2109
1.21181
1.21272
1.21358
1.21439
1.21512
1.21576
1.2163
1.21671
1.21699
1.21713
1.21712
1.21696
1.21665
1.21618
1.21557
1.21481
1.21392
1.2129
1.21177
1.21056
1.20928
1.20796
1.20662
1.2053
1.20403
1.20281
1.20169
1.20068
1.19979
1.19901
1.19836
1.19782
1.19737
1.197
1.1967
1.19644
1.1962
1.19597
1.19573
1.19549
1.19524
1.19497
1.1947
1.19443
1.19418
1.19395
1.19375
1.1936
1.19351
1.19349
1.19354
1.19368
1.1939
1.1942
1.19458
1.19503
1.19554
1.1961
1.1967
1.19731
1.19791
1.1985
1.19906
1.19955
1.19997
1.2003
1.20053
1.20064
1.20062
1.20047
1.20018
1.19975
1.19917
1.19846
1.19763
1.19668
1.19563
1.1945
1.19331
1.1921
1.19087
1.18967
1.18852
1.18744
1.18645
1.18558
1.18483
1.18422
1.18375
1.18342
1.18323
1.18317
1.18323
1.18339
1.18364
1.18396
1.18435
1.18478
1.18524
1.18572
1.18621
1.1867
1.18717
1.18762
1.18804
1.18843
1.18877
1.18906
1.1893
1.18948
1.18959
1.18963
1.18961
1.18951
1.18932
1.18906
1.18872
1.18831
1.18781
1.18725
1.18662
1.18593
1.18521
1.18445
1.18368
1.18292
1.18218
1.18149
1.18086
1.18031
1.17987
1.17953
1.17932
1.17924
1.17929
1.17946
1.17975
1.18015
1.18064
1.1812
1.1818
1.18244
1.18308
1.18372
1.18432
1.18488
1.18538
1.18581
1.18616
1.18643
1.18662
1.18673
1.18677
1.18672
1.18661
1.18644
1.18621
1.18594
1.18563
1.18528
1.18491
1.18451
1.18409
1.18364
1.18318
1.18268
1.18216
1.18159
1.18098
1.18032
1.1796
1.17882
1.17797
1.17704
1.17604
1.17497
1.17384
1.17267
1.17146
1.17025
1.16906
1.16792
1.16687
1.16594
1.16518
1.1646
1.16424
1.16411
1.16421
1.16455
1.1651
1.16584
1.16674
1.16776
1.16887
1.17001
