-0.395021
-0.394639
-0.394856
-0.395639
-0.396946
-0.398695
-0.400807
-0.403167
-0.405685
-0.408254
-0.410799
-0.41324
-0.415517
-0.41757
-0.419364
-0.420863
-0.422041
-0.422879
-0.423363
-0.42348
-0.423218
-0.422582
-0.421573
-0.420196
-0.418461
-0.416395
-0.414028
-0.411392
-0.408546
-0.405558
-0.402492
-0.399436
-0.396475
-0.393689
-0.391156
-0.388943
-0.387106
-0.38567
-0.384644
-0.384021
-0.383757
-0.383825
-0.384148
-0.384676
-0.385353
-0.386116
-0.386932
-0.387772
-0.388608
-0.389433
-0.390248
-0.39106
-0.391884
-0.392761
-0.393696
-0.394713
-0.395834
-0.397065
-0.39842
-0.399881
-0.401456
-0.403109
-0.404819
-0.406551
-0.408276
-0.409952
-0.411566
-0.413095
-0.414515
-0.415822
-0.417009
-0.418081
-0.419033
-0.419886
-0.420656
-0.421362
-0.422008
-0.422621
-0.423212
-0.423804
-0.424388
-0.42498
-0.425586
-0.426208
-0.426841
-0.427487
-0.428124
-0.428759
-0.429378
-0.429974
-0.43054
-0.43106
-0.431529
-0.431934
-0.432275
-0.432517
-0.432657
-0.43268
-0.432574
-0.432317
-0.431906
-0.431317
-0.430538
-0.429551
-0.428347
-0.426915
-0.425259
-0.42337
-0.421253
-0.418922
-0.416382
-0.413656
-0.410748
-0.407694
-0.404524
-0.401265
-0.397941
-0.394599
-0.391286
-0.388042
-0.384911
-0.381967
-0.379251
-0.376827
-0.374742
-0.373047
-0.371753
-0.370886
-0.370446
-0.370411
-0.370776
-0.371514
-0.372603
-0.373991
-0.375641
-0.37751
-0.379529
-0.381644
-0.383794
-0.385921
-0.387957
-0.389871
-0.391614
-0.393165
-0.394517
-0.395649
-0.396573
-0.397296
-0.397826
-0.398182
-0.398369
-0.398389
-0.398263
-0.397992
-0.397566
-0.397025
-0.396357
-0.395586
-0.39474
-0.39386
-0.393
-0.392203
-0.391549
-0.391085
-0.390904
-0.391056
-0.391591
-0.392535
-0.393888
-0.39564
-0.397744
-0.400139
-0.402747
-0.405499
-0.408309
-0.411085
-0.413761
-0.416287
-0.418609
-0.420703
-0.422541
-0.424112
-0.425412
-0.426449
-0.427236
-0.427778
-0.428094
-0.4282
-0.428111
-0.427841
-0.427407
-0.426812
-0.42609
-0.425242
-0.424288
-0.42323
-0.422083
-0.420853
-0.419561
-0.418198
-0.416781
-0.415322
-0.413836
-0.412315
-0.410791
-0.409274
-0.407749
-0.406258
-0.404795
-0.403376
-0.402017
-0.400714
-0.399479
-0.398314
-0.397221
-0.396192
-0.395227
-0.394324
-0.393483
-0.392694
-0.391961
-0.39128
-0.390674
-0.390142
-0.389712
-0.389404
-0.389255
-0.389292
-0.389562
-0.390079
-0.390867
-0.391937
-0.3933
-0.394922
-0.396787
-0.39885
-0.401064
-0.403374
-0.405731
-0.408061
-0.410333
-0.412508
-0.414545
-0.416427
-0.418139
-0.419661
-0.421011
-0.422183
-0.42318
-0.42403
-0.424741
-0.425333
-0.425805
-0.426184
-0.426493
-0.426736
-0.426933
-0.42708
-0.427202
-0.427307
-0.427397
-0.427466
-0.427535
-0.427598
-0.427656
-0.427721
-0.427781
-0.427837
-0.427899
-0.427965
-0.428035
-0.428118
-0.428205
-0.428326
-0.42848
-0.428685
-0.428957
-0.429308
-0.429751
-0.430313
-0.43101
-0.431838
-0.432794
-0.433892
-0.435113
-0.436438
-0.437836
-0.43928
-0.440725
-0.442144
-0.443483
-0.444706
-0.445784
-0.446679
-0.447364
-0.447849
-0.448122
-0.448187
-0.448091
-0.447857
-0.447533
-0.447156
-0.446787
-0.446473
-0.446262
-0.446197
-0.446317
-0.446628
-0.44714
-0.447841
-0.448706
-0.449697
-0.450776
-0.451885
-0.452976
-0.453989
-0.454866
-0.455561
-0.45604
-0.456259
-0.456214
-0.455879
-0.455264
-0.454394
-0.453301
-0.452029
-0.450643
-0.449201
-0.447769
-0.446405
-0.445166
-0.444102
-0.443241
-0.442612
-0.442224
-0.442069
-0.442152
-0.442452
-0.442953
-0.443633
-0.444468
-0.445433
-0.446487
-0.447623
-0.448824
-0.450082
-0.451384
-0.452729
-0.454129
-0.455591
-0.457119
-0.458718
-0.460392
-0.462149
-0.463963
-0.465798
-0.467609
-0.469328
-0.470878
-0.472179
-0.473156
-0.473723
-0.473815
-0.473398
-0.472447
-0.470966
-0.469003
-0.466646
-0.464005
-0.461227
-0.458465
-0.455883
-0.453636
-0.451856
-0.450636
-0.450015
-0.449999
-0.450533
-0.451543
-0.45292
-0.454548
-0.456304
-0.458076
-0.459761
-0.461273
-0.46255
-0.463555
-0.464285
-0.46474
-0.464961
-0.465012
-0.464966
-0.464918
-0.464967
-0.465197
-0.465695
-0.466519
-0.467701
-0.469266
-0.471171
-0.473383
-0.475833
-0.478437
-0.481095
-0.483713
-0.486206
-0.488483
-0.490473
-0.492128
-0.493411
-0.494264
-0.494708
-0.494733
-0.494354
-0.4936
-0.492511
-0.49112
-0.489492
-0.487681
-0.485746
-0.483757
-0.481783
-0.479876
-0.478108
-0.47652
-0.475154
-0.474059
-0.473238
-0.472702
-0.472447
-0.472461
-0.472719
-0.473188
-0.473822
-0.47458
-0.475409
-0.476291
-0.477167
-0.478006
-0.478772
-0.479425
-0.479959
-0.480354
-0.480586
-0.480649
-0.480539
-0.480251
-0.479778
-0.479118
-0.478268
-0.477202
-0.475929
-0.47441
-0.472636
-0.470587
-0.468232
-0.465559
-0.462568
-0.459265
-0.455663
-0.451818
-0.447814
-0.443761
-0.439788
-0.436035
-0.432663
-0.429795
-0.427508
-0.42586
-0.424822
-0.424309
-0.424214
-0.424384
-0.424692
-0.425018
-0.4253
-0.425512
-0.425683
-0.425875
-0.426182
-0.426691
-0.427495
-0.428644
-0.430161
-0.432032
-0.434203
-0.436597
-0.439125
-0.441687
-0.444189
-0.446555
-0.448724
-0.450654
-0.452324
-0.453717
-0.454842
-0.455694
-0.456308
-0.456687
-0.456864
-0.456849
-0.456661
-0.456326
-0.455853
-0.455251
-0.454534
-0.453712
-0.452799
-0.451797
-0.450701
-0.449528
-0.448273
-0.446936
-0.445534
-0.444044
-0.442463
-0.440809
-0.439061
-0.43722
-0.435278
-0.433224
-0.431072
-0.428817
-0.426466
-0.424036
-0.421539
-0.418995
-0.416435
-0.413903
-0.411444
-0.409098
-0.40689
-0.404858
-0.403003
-0.401323
-0.399786
-0.398325
-0.396875
-0.395345
-0.393663
-0.391736
-0.389498
-0.386911
-0.383959
-0.380687
-0.377183
-0.373575
-0.370045
-0.366781
-0.363976
-0.361801
-0.360377
-0.359753
-0.359898
-0.360714
-0.362029
-0.363649
-0.365375
-0.367004
-0.368396
-0.369426
-0.370029
-0.370187
-0.369922
-0.369285
-0.368351
-0.36723
-0.366044
-0.364918
-0.363981
-0.36336
-0.363156
-0.363445
-0.364267
-0.365663
-0.367589
-0.36999
-0.372785
-0.375841
-0.379055
-0.382305
-0.38549
-0.388504
-0.391277
-0.393745
-0.395873
-0.397632
-0.398996
-0.399974
-0.400565
-0.40078
-0.400639
-0.400159
-0.399365
-0.398283
-0.396952
-0.395418
-0.393714
-0.391902
-0.39002
-0.388117
-0.386238
-0.384428
-0.382725
-0.381147
-0.379712
-0.378438
-0.377321
-0.376349
-0.375516
-0.374804
-0.374191
-0.373664
-0.373192
-0.372779
-0.372417
-0.372113
-0.371855
-0.371653
-0.371512
-0.371456
-0.371474
-0.371576
-0.371758
-0.372017
-0.372345
-0.372733
-0.37316
-0.373597
-0.374039
-0.374461
-0.37485
-0.375194
-0.375471
-0.375686
-0.375848
-0.375952
-0.376015
-0.376041
-0.376041
-0.376037
-0.376041
-0.376063
-0.376107
-0.376189
-0.376314
-0.376464
-0.376657
-0.376882
-0.377148
-0.377436
-0.377754
-0.378086
-0.378439
-0.37882
-0.379236
-0.379654
-0.380097
-0.380552
-0.381007
-0.381491
-0.381974
-0.382451
-0.382914
-0.383352
-0.383744
-0.384085
-0.38435
-0.38453
-0.384613
-0.384577
-0.384421
-0.384127
-0.383696
-0.383107
-0.382365
-0.381477
-0.380436
-0.37925
-0.377935
-0.376502
-0.374972
-0.373363
-0.371703
-0.370028
-0.368366
-0.36675
-0.365206
-0.363772
-0.362472
-0.361326
-0.360344
-0.359544
-0.358909
-0.358429
-0.358087
-0.357862
-0.357711
-0.357596
-0.357469
-0.3573
-0.357024
-0.356614
-0.356028
-0.355238
-0.354226
-0.353002
-0.351571
-0.349969
-0.348248
-0.346465
-0.34469
-0.342986
-0.341427
-0.340073
-0.338937
-0.338033
-0.337335
-0.336806
-0.336362
-0.335932
-0.335428
-0.33479
-0.333968
-0.332962
-0.331801
-0.330565
-0.329388
-0.328434
-0.327884
-0.327931
-0.32871
-0.330335
-0.332825
-0.336144
-0.340176
-0.344756
-0.349686
-0.354781
-0.35984
-0.364698
-0.369243
-0.373382
-0.377059
-0.380252
-0.382953
-0.385161
-0.386918
-0.388232
-0.389124
-0.389619
-0.38976
-0.389559
-0.389039
-0.388226
-0.387136
-0.385785
-0.384209
-0.382421
-0.380462
-0.378353
-0.376134
-0.37386
-0.371561
-0.369294
-0.367107
-0.365064
-0.363198
-0.361563
-0.36019
-0.359097
-0.358302
-0.357802
-0.357595
-0.357655
-0.357979
-0.358512
-0.359225
-0.360095
-0.361083
-0.36215
-0.363268
-0.364412
-0.365548
-0.366664
-0.367744
-0.368756
-0.369676
-0.370521
-0.371264
-0.371907
-0.372441
-0.372872
-0.373201
-0.373432
-0.373574
-0.373638
-0.373633
-0.373585
-0.373496
-0.373394
-0.37328
-0.373184
-0.373109
-0.373073
-0.373086
-0.373163
-0.37331
-0.373537
-0.373844
-0.374236
-0.374718
-0.375287
-0.375939
-0.376681
-0.377503
-0.378398
-0.37936
-0.380388
-0.381474
-0.382605
-0.383764
-0.384951
-0.386151
-0.38735
-0.388537
-0.389682
-0.390779
-0.391807
-0.39275
-0.393592
-0.394313
-0.394899
-0.395327
-0.395587
-0.395654
-0.395522
-0.395183
-0.394618
-0.393842
-0.392843
-0.391637
-0.390234
-0.388653
-0.386918
-0.38505
-0.383103
-0.381114
-0.379144
-0.377248
-0.375485
-0.373901
-0.372557
-0.371481
-0.370721
-0.370276
-0.37017
-0.37038
-0.370891
-0.37166
-0.372642
-0.373798
-0.375065
-0.376398
-0.377734
-0.379031
-0.380246
-0.381352
-0.382329
-0.383155
-0.383834
-0.384371
-0.384791
-0.385113
-0.385375
-0.385627
-0.385902
-0.386257
-0.386726
-0.38736
-0.388188
-0.389219
-0.39047
-0.391937
-0.393616
-0.395482
-0.397492
-0.399625
-0.401846
-0.404116
-0.406409
-0.408679
-0.410901
-0.413048
-0.415092
-0.417026
-0.418833
-0.420509
-0.422044
-0.42342
-0.424645
-0.425701
-0.426596
-0.427304
-0.427815
-0.428116
-0.428191
-0.428002
-0.427527
-0.426737
-0.425578
-0.424023
-0.422002
-0.419465
-0.416349
-0.412592
-0.408151
-0.402962
-0.397018
-0.390307
-0.382866
-0.374763
-0.366122
-0.357119
-0.348001
-0.339035
-0.33053
-0.322818
-0.31617
-0.310831
-0.30696
-0.304607
-0.303719
-0.304168
-0.305736
-0.308206
-0.311348
-0.31496
-0.318897
-0.323058
-0.327369
-0.331786
-0.336275
-0.340785
-0.345245
-0.349569
-0.353658
-0.357401
-0.360679
-0.363397
-0.365481
-0.366872
-0.367535
-0.367475
-0.366732
-0.365373
-0.363517
-0.361323
-0.358972
-0.356692
-0.354726
-0.353282
-0.352559
-0.352684
-0.353722
-0.355636
-0.358339
-0.361662
-0.365425
-0.369427
-0.373475
-0.377437
-0.38119
-0.384661
-0.38781
-0.390612
-0.393085
-0.395238
-0.397111
-0.398722
-0.400125
-0.401338
-0.402395
-0.403324
-0.404155
-0.404899
-0.405578
-0.406199
-0.406789
-0.407336
-0.407845
-0.408333
-0.408791
-0.409221
-0.40962
-0.409977
-0.4103
-0.410567
-0.410771
-0.4109
-0.410937
-0.41086
-0.410667
-0.410335
-0.409844
-0.409167
-0.408284
-0.407178
-0.405825
-0.404211
-0.402307
-0.400104
-0.397578
-0.394735
-0.391581
-0.388138
-0.384446
-0.380537
-0.376492
-0.372388
-0.368315
-0.364385
-0.360698
-0.357356
-0.354464
-0.35209
-0.350263
-0.349005
-0.348314
-0.348148
-0.348464
-0.34921
-0.350318
-0.351744
-0.353442
-0.355359
-0.357434
-0.359644
-0.361937
-0.364273
-0.366617
-0.368934
-0.371181
-0.373324
-0.375325
-0.377177
-0.378847
-0.380329
-0.381609
-0.382692
-0.383581
-0.384286
-0.384803
-0.385158
-0.385363
-0.385429
-0.38536
-0.385168
-0.384861
-0.384439
-0.383898
-0.383235
-0.38244
-0.381491
-0.380358
-0.379047
-0.377533
-0.375819
-0.373901
-0.371781
-0.369501
-0.367074
-0.364548
-0.361974
-0.359402
-0.356894
-0.354511
-0.352337
-0.350444
-0.348926
-0.347891
-0.347431
-0.347637
-0.348582
-0.350301
-0.35277
-0.355912
-0.359606
-0.363682
-0.367948
-0.372216
-0.376311
-0.380068
-0.383368
-0.386126
-0.388285
-0.389838
-0.390788
-0.391159
-0.391023
-0.39045
-0.389533
-0.388372
-0.387092
-0.385807
-0.384632
-0.383672
-0.382992
-0.382648
-0.382636
-0.382952
-0.383511
-0.384235
-0.385024
-0.385765
-0.386348
-0.38668
-0.386691
-0.386332
-0.385563
-0.384411
-0.382907
-0.3811
-0.379089
-0.376979
-0.374853
-0.372833
-0.371011
-0.369459
-0.36824
-0.367389
-0.366913
-0.366797
-0.367029
-0.36757
-0.368389
-0.369456
-0.37073
-0.372181
-0.373786
-0.375512
-0.377332
-0.379212
-0.381133
-0.383044
-0.38492
-0.386718
-0.388406
-0.389943
-0.39131
-0.392473
-0.393417
-0.394131
-0.394603
-0.394831
-0.394826
-0.394582
-0.394114
-0.393443
-0.392575
-0.391531
-0.390333
-0.389003
-0.387563
-0.386031
-0.384432
-0.382785
-0.381122
-0.379456
-0.377801
-0.37618
-0.374609
-0.373107
-0.371684
-0.370346
-0.369103
-0.367967
-0.366934
-0.366005
-0.365181
-0.364454
-0.363814
-0.363257
-0.362775
-0.362356
-0.361995
-0.361673
-0.361383
-0.361112
-0.36085
-0.360586
-0.360313
-0.36003
-0.359727
-0.3594
-0.359038
-0.358657
-0.358244
-0.357801
-0.357332
-0.356841
-0.35634
-0.355825
-0.355312
-0.354812
-0.354333
-0.353887
-0.353493
-0.353153
-0.352885
-0.352705
-0.352621
-0.352643
-0.35279
-0.353053
-0.353443
-0.353953
-0.354604
-0.355369
-0.356253
-0.357237
-0.358324
-0.359483
-0.360716
-0.36199
-0.363308
-0.36465
-0.365994
-0.367328
-0.368645
-0.369922
-0.371158
-0.37234
-0.373454
-0.374501
-0.375463
-0.376347
-0.377149
-0.377856
-0.378474
-0.378999
-0.37943
-0.379769
-0.380007
-0.380145
-0.380188
-0.380134
-0.379975
-0.379721
-0.379365
-0.3789
-0.37834
-0.377665
-0.376881
-0.375991
-0.374994
-0.373883
-0.372661
-0.371332
-0.369894
-0.368351
-0.366705
-0.36496
-0.363133
-0.361222
-0.359257
-0.35724
-0.355179
-0.353108
-0.351028
-0.348962
-0.346934
-0.344962
-0.343064
-0.341262
-0.339571
-0.338008
-0.336586
-0.335317
-0.334233
-0.333325
-0.332596
-0.332071
-0.331748
-0.331619
-0.331686
-0.331948
-0.332388
-0.332989
-0.33373
-0.334594
-0.335549
-0.336574
-0.337652
-0.338748
-0.339846
-0.340931
-0.341969
-0.342953
-0.343884
-0.344735
-0.345524
-0.346229
-0.346854
-0.347414
-0.347893
-0.348312
-0.348666
-0.348971
-0.349222
-0.349442
-0.349616
-0.349753
-0.349853
-0.349928
-0.34996
-0.349959
-0.349916
-0.349816
-0.349677
-0.349478
-0.349209
-0.348851
-0.348398
-0.347843
-0.347166
-0.346357
-0.345408
-0.344311
-0.343062
-0.341657
-0.340088
-0.338383
-0.33654
-0.334606
-0.332612
-0.330622
-0.328675
-0.326857
-0.32523
-0.323879
-0.322858
-0.322224
-0.322006
-0.322212
-0.32284
-0.323861
-0.325225
-0.326866
-0.328722
-0.330709
-0.33277
-0.334844
-0.33687
-0.33882
-0.340648
-0.342339
-0.343887
-0.345284
-0.346527
-0.347627
-0.348586
-0.349413
-0.350125
-0.350716
-0.351207
-0.351605
-0.351919
-0.352143
-0.352299
-0.352382
-0.352396
-0.352346
-0.352243
-0.352079
-0.351859
-0.351574
-0.351231
-0.350829
-0.35037
-0.349839
-0.349254
-0.348607
-0.347894
-0.34712
-0.346276
-0.345369
-0.344393
-0.343342
-0.342234
-0.341051
-0.339801
-0.338493
-0.33713
-0.335722
-0.33428
-0.332815
-0.331334
-0.329863
-0.328416
-0.326997
-0.325625
-0.324305
-0.323063
-0.321894
-0.320812
-0.319821
-0.318918
-0.318124
-0.317425
-0.316821
-0.316319
-0.315909
-0.315581
-0.315324
-0.315117
-0.314927
-0.314732
-0.314491
-0.314179
-0.313767
-0.313215
-0.312498
-0.311606
-0.310564
-0.309367
-0.308059
-0.306706
-0.305363
-0.304122
-0.303064
-0.302271
-0.301825
-0.301765
-0.302135
-0.302937
-0.304144
-0.305722
-0.307616
-0.309746
-0.312054
-0.314463
-0.316917
-0.319356
-0.321717
-0.323975
-0.326103
-0.328063
-0.329851
-0.331444
-0.332836
-0.334028
-0.335027
-0.335844
-0.336478
-0.336949
-0.337285
-0.337501
-0.33761
-0.337646
-0.33763
-0.337575
-0.337508
-0.337446
-0.337397
-0.337364
-0.337374
-0.337411
-0.337482
-0.337583
-0.337705
-0.337839
-0.337976
-0.338101
-0.338214
-0.338296
-0.338349
-0.338365
-0.338334
-0.338249
-0.338115
-0.337934
-0.33771
-0.337433
-0.337121
-0.336789
-0.336435
-0.336078
-0.335699
-0.335346
-0.335017
-0.334726
-0.334473
-0.334276
-0.334139
-0.334079
-0.334086
-0.334178
-0.334349
-0.334609
-0.334949
-0.335352
-0.33584
-0.336383
-0.336984
-0.337627
-0.3383
-0.338992
-0.339688
-0.340386
-0.341075
-0.341739
-0.342373
-0.342973
-0.343524
-0.344028
-0.344467
-0.344839
-0.345158
-0.345415
-0.3456
-0.345718
-0.345771
-0.345756
-0.345672
-0.345519
-0.345314
-0.345048
-0.344719
-0.344341
-0.343902
-0.343412
-0.342865
-0.342264
-0.341612
-0.340903
-0.340138
-0.339315
-0.338435
-0.337495
-0.336486
-0.335413
-0.334271
-0.333062
-0.331788
-0.330446
-0.329035
-0.327576
-0.326048
-0.324479
-0.322879
-0.321262
-0.319651
-0.318076
-0.316569
-0.315187
-0.313938
-0.312893
-0.312079
-0.311541
-0.31132
-0.311442
-0.311922
-0.312769
-0.313968
-0.315506
-0.317353
-0.319479
-0.321819
-0.324315
-0.326918
-0.329559
-0.332172
-0.334702
-0.337072
-0.339234
-0.34112
-0.342689
-0.343876
-0.344653
-0.344981
-0.344827
-0.344176
-0.343028
-0.341401
-0.339338
-0.336921
-0.33427
-0.331537
-0.328929
-0.326664
-0.324969
-0.32406
-0.324095
-0.325168
-0.32729
-0.330361
-0.334235
-0.338704
-0.343529
-0.348492
-0.353389
-0.358049
-0.362363
-0.366243
-0.369648
-0.372568
-0.375004
-0.376976
-0.378517
-0.379651
-0.380427
-0.380871
-0.381025
-0.380919
-0.380572
-0.380013
-0.379282
-0.378388
-0.37736
-0.376214
-0.374967
-0.373648
-0.372272
-0.370862
-0.369432
-0.368007
-0.366607
-0.365251
-0.363954
-0.362744
-0.36163
-0.360634
-0.359764
-0.359034
-0.358465
-0.358057
-0.357814
-0.357727
-0.357796
-0.358021
-0.358401
-0.358918
-0.359566
-0.360319
-0.361185
-0.362138
-0.363154
-0.364237
-0.365357
-0.366512
-0.367686
-0.368867
-0.370033
-0.371182
-0.372317
-0.373416
-0.374485
-0.375503
-0.376476
-0.377398
-0.378264
-0.379073
-0.379822
-0.380516
-0.381136
-0.381703
-0.382202
-0.382659
-0.383055
-0.383397
-0.383692
-0.383945
-0.38416
-0.384342
-0.384513
-0.38467
-0.38483
-0.384998
-0.385182
-0.385399
-0.385663
-0.385971
-0.386341
-0.386779
-0.387279
-0.387854
-0.388499
-0.389213
-0.38997
-0.390772
-0.391622
-0.392483
-0.39335
-0.394202
-0.395023
-0.395792
-0.3965
-0.397122
-0.397643
-0.398044
-0.398323
-0.398455
-0.398442
-0.398272
-0.397951
-0.397469
-0.396833
-0.396062
-0.39516
-0.39416
-0.393076
-0.391946
-0.390802
-0.389689
-0.388649
-0.387721
-0.38693
-0.386332
-0.385939
-0.38579
-0.385887
-0.386239
-0.386833
-0.387678
-0.388745
-0.389996
-0.391408
-0.392945
-0.394568
-0.39624
-0.397912
-0.399556
-0.401123
-0.402581
-0.403901
-0.405033
-0.405951
-0.406643
-0.407079
-0.40724
-0.407118
-0.406701
-0.405986
-0.404985
-0.403715
-0.402195
-0.400457
-0.398532
-0.396471
-0.394332
-0.392169
-0.390053
-0.388038
-0.386175
-0.384515
-0.38312
-0.381998
-0.38118
-0.38067
-0.380467
-0.380554
-0.38092
-0.381544
-0.382388
-0.383434
-0.384658
-0.386029
-0.387526
-0.389131
-0.390817
-0.392569
-0.394345
-0.396118
-0.397857
-0.399529
-0.401088
-0.402509
-0.403761
-0.404821
-0.405668
-0.406305
-0.406715
-0.406916
-0.406917
-0.406752
-0.406457
-0.406059
-0.405605
-0.405135
-0.404692
-0.404319
-0.40406
-0.40394
-0.403988
-0.404215
-0.404631
-0.405238
-0.406034
-0.406995
-0.408106
-0.40933
-0.410637
-0.411993
-0.413367
-0.414715
-0.416015
-0.417228
-0.418323
-0.419288
-0.420076
-0.420697
-0.421109
-0.421325
-0.421304
-0.421061
-0.420591
-0.419894
-0.418971
-0.417835
-0.416489
-0.414963
-0.413273
-0.411452
-0.409532
-0.407548
-0.40555
-0.403572
-0.401655
-0.399846
-0.398175
-0.396652
-0.395307
-0.394147
-0.393162
-0.39235
-0.391674
-0.391123
-0.390667
-0.390274
-0.389922
-0.389582
-0.389236
-0.388876
-0.388495
-0.388101
-0.387693
-0.387292
-0.386908
-0.386561
-0.386263
-0.386037
-0.38591
-0.38588
-0.385958
-0.386165
-0.386492
-0.386952
-0.387531
-0.388205
-0.38897
-0.389811
-0.390699
-0.391613
-0.392524
-0.393413
-0.394245
-0.394988
-0.39562
-0.396118
-0.396459
-0.396624
-0.396599
-0.396373
-0.395935
-0.395284
-0.39442
-0.393354
-0.392097
-0.390671
-0.389096
-0.387401
-0.385624
-0.383796
-0.381962
-0.380159
-0.378426
-0.376812
-0.375329
-0.374018
-0.372895
-0.371985
-0.37128
-0.370793
-0.37051
-0.370412
-0.370501
-0.370741
-0.371116
-0.371604
-0.372185
-0.372841
-0.37354
-0.374267
-0.375003
-0.375743
-0.376456
-0.377125
-0.377754
-0.37833
-0.37884
-0.379274
-0.379631
-0.379901
-0.380069
-0.380135
-0.380095
-0.379939
-0.379668
-0.379278
-0.378773
-0.378145
-0.377408
-0.376567
-0.375626
-0.374605
-0.373515
-0.372382
-0.37123
-0.370086
-0.368978
-0.367937
-0.366988
-0.366171
-0.365505
-0.365004
-0.364685
-0.364563
-0.364633
-0.364895
-0.365333
-0.365932
-0.366659
-0.36749
-0.368401
-0.369356
-0.370322
-0.371273
-0.372175
-0.373012
-0.373755
-0.374401
-0.37493
-0.375338
-0.375628
-0.375802
-0.375852
-0.375785
-0.375621
-0.375365
-0.375024
-0.374619
-0.37415
-0.373632
-0.373075
-0.372484
-0.371856
-0.371193
-0.370489
-0.369742
-0.368952
-0.368106
-0.36719
-0.3662
-0.365124
-0.363952
-0.362667
-0.36128
-0.359784
-0.358187
-0.356497
-0.35473
-0.352926
-0.351099
-0.349312
-0.347614
-0.346037
-0.344654
-0.343503
-0.342638
-0.342097
-0.341899
-0.342048
-0.342549
-0.343371
-0.344489
-0.345843
-0.347373
-0.349026
-0.350737
