1              0              0
1       0.064633              0
1       0.129266              0
1       0.193899              0
1       0.258532              0
1       0.323165              0
1       0.387798              0
1       0.452431              0
1       0.517064              0
1       0.581697              0
1        0.64633              0
1       0.710963              0
1       0.775596              0
1        0.84023              0
1       0.904863       0.166075
1       0.969496       0.981075
1        1.03413        1.53518
1        1.09876        2.06679
1        1.16339        2.02482
1        1.22803        1.69049
1        1.29266        1.39977
1        1.35729        1.62205
1        1.42193        1.82604
1        1.48656        1.33008
1        1.55119        1.34192
1        1.61583        1.55599
1        1.68046        1.32732
1        1.74509        1.35668
1        1.80973        1.48219
1        1.87436        1.10623
1        1.93899        1.02785
1        2.00362       0.964727
1        2.06826        1.07265
1        2.13289       0.927874
1        2.19752       0.809757
1        2.26216       0.954462
1        2.32679       0.885677
1        2.39142         1.0308
1        2.45606       0.866012
1        2.52069       0.798935
1        2.58532       0.923011
1        2.64995        1.09709
1        2.71459       0.952403
1        2.77922        0.89989
1        2.84385        1.20993
1        2.90849        1.19213
1        2.97312        1.07578
1        3.03775        1.20416
1        3.10239       0.995385
1        3.16702       0.930627
1        3.23165       0.838494
1        3.29629       0.894323
1        3.36092        0.95325
1        3.42555       0.878668
1        3.49018       0.954765
1        3.55482        0.86078
1        3.61945        0.91846
1        3.68408       0.977915
1        3.74872       0.961992
1        3.81335       0.883679
1        3.87798        1.09627
1        3.94262        1.07419
1        4.00725       0.895056
1        4.07188       0.864922
1        4.13651       0.898659
1        4.20115       0.973202
1        4.26578        1.13743
1        4.33041        1.02587
1        4.39505        1.15736
1        4.45968        1.18147
1        4.52431        1.07132
1        4.58895       0.923484
1        4.65358       0.981254
1        4.71821       0.932307
1        4.78285       0.945601
1        4.84748       0.937762
1        4.91211       0.916576
1        4.97674       0.984673
1        5.04138       0.989329
1        5.10601          1.038
1        5.17064       0.966216
1        5.23528       0.879874
1        5.29991       0.843437
1        5.36454       0.983049
1        5.42918         1.0596
1        5.49381        1.07706
1        5.55844        1.09855
1        5.62307        1.08243
1        5.68771        1.01796
1        5.75234       0.941106
1        5.81697        1.02038
1        5.88161        1.09155
1        5.94624        1.01042
1        6.01087          1.024
1        6.07551        0.94512
1        6.14014       0.919685
1        6.20477       0.916665
1         6.2694       0.930111
1        6.33404       0.987377
1        6.39867       0.990123
2              0              0
2       0.064633              0
2       0.129266              0
2       0.193899              0
2       0.258532              0
2       0.323165              0
2       0.387798              0
2       0.452431              0
2       0.517064              0
2       0.581697              0
2        0.64633              0
2       0.710963              0
2       0.775596              0
2        0.84023              0
2       0.904863       0.228353
2       0.969496        1.47161
2        1.03413        2.68156
2        1.09876        2.00978
2        1.16339        1.75697
2        1.22803         1.2198
2        1.29266        1.26213
2        1.35729        1.97385
2        1.42193        1.23748
2        1.48656        1.27474
2        1.55119        1.50193
2        1.61583        1.38646
2        1.68046        1.00715
2        1.74509        1.08246
2        1.80973       0.958115
2        1.87436        1.21786
2        1.93899        1.54998
2        2.00362        1.18803
2        2.06826        1.14706
2        2.13289       0.939546
2        2.19752        1.03168
2        2.26216        1.04714
2        2.32679       0.854543
2        2.39142        1.02226
2        2.45606        1.01698
2        2.52069        1.07457
2        2.58532        1.19652
2        2.64995         1.1592
2        2.71459        0.96872
2        2.77922       0.872201
2        2.84385        1.09748
2        2.90849        1.13149
2        2.97312        1.04398
2        3.03775        1.08611
2        3.10239       0.947588
2        3.16702       0.930182
2        3.23165       0.877016
2        3.29629       0.760977
2        3.36092       0.685928
2        3.42555       0.692561
2        3.49018       0.864728
2        3.55482        1.13365
2        3.61945       0.972487
2        3.68408       0.875237
2        3.74872       0.891821
2        3.81335       0.996837
2        3.87798       0.894969
2        3.94262       0.858309
2        4.00725        1.03506
2        4.07188       0.961566
2        4.13651       0.951398
2        4.20115       0.959972
2        4.26578        1.13521
2        4.33041       0.964781
2        4.39505       0.984508
2        4.45968       0.965647
2        4.52431       0.929882
2        4.58895       0.949748
2        4.65358        1.20533
2        4.71821        1.17175
2        4.78285         1.1761
2        4.84748        1.07813
2        4.91211       0.880018
2        4.97674       0.876356
2        5.04138       0.933175
2        5.10601         1.0152
2        5.17064       0.946171
2        5.23528        1.01151
2        5.29991        1.05786
2        5.36454        1.05726
2        5.42918        0.99661
2        5.49381       0.955515
2        5.55844        1.02561
2        5.62307        1.06532
2        5.68771       0.957337
2        5.75234       0.898316
2        5.81697       0.927487
2        5.88161        0.87147
2        5.94624       0.868677
2        6.01087       0.944217
2        6.07551        1.00355
2        6.14014        1.07684
2        6.20477        1.12485
2         6.2694        1.11349
2        6.33404        1.00212
2        6.39867       0.918014
3              0              0
3       0.064633              0
3       0.129266              0
3       0.193899              0
3       0.258532              0
3       0.323165              0
3       0.387798              0
3       0.452431              0
3       0.517064              0
3       0.581697              0
3        0.64633              0
3       0.710963              0
3       0.775596              0
3        0.84023              0
3       0.904863       0.067468
3       0.969496        1.32627
3        1.03413        1.69552
3        1.09876        1.73895
3        1.16339        2.27992
3        1.22803        1.65031
3        1.29266        1.79711
3        1.35729        1.62441
3        1.42193        1.61692
3        1.48656        1.39134
3        1.55119        1.20918
3        1.61583        1.26896
3        1.68046        1.59776
3        1.74509        1.21812
3        1.80973       0.959459
3        1.87436        1.04603
3        1.93899        1.10998
3        2.00362        1.17593
3        2.06826        1.00238
3        2.13289        1.26343
3        2.19752        1.21785
3        2.26216       0.801159
3        2.32679         1.1241
3        2.39142        1.12316
3        2.45606        1.13775
3        2.52069       0.915067
3        2.58532       0.915025
3        2.64995        1.15793
3        2.71459       0.971137
3        2.77922         1.0591
3        2.84385        1.10244
3        2.90849       0.950117
3        2.97312       0.912217
3        3.03775       0.921141
3        3.10239       0.934594
3        3.16702         1.1948
3        3.23165         1.0662
3        3.29629       0.950295
3        3.36092       0.967904
3        3.42555       0.853879
3        3.49018       0.862155
3        3.55482       0.942641
3        3.61945       0.854517
3        3.68408       0.856418
3        3.74872       0.940303
3        3.81335       0.778846
3        3.87798       0.958789
3        3.94262        1.00867
3        4.00725       0.892821
3        4.07188        0.90607
3        4.13651       0.872421
3        4.20115       0.878808
3        4.26578       0.995249
3        4.33041       0.950406
3        4.39505       0.996373
3        4.45968       0.968359
3        4.52431        1.12513
3        4.58895        1.07637
3        4.65358       0.983746
3        4.71821        1.06062
3        4.78285       0.888763
3        4.84748       0.947336
3        4.91211        1.01245
3        4.97674       0.923245
3        5.04138       0.934769
3        5.10601       0.968051
3        5.17064        1.02164
3        5.23528       0.985873
3        5.29991       0.976712
3        5.36454         1.1609
3        5.42918         1.0784
3        5.49381        1.00569
3        5.55844       0.968126
3        5.62307       0.977633
3        5.68771        1.01573
3        5.75234       0.862612
3        5.81697        0.97027
3        5.88161       0.961433
3        5.94624       0.902868
3        6.01087       0.952084
3        6.07551       0.963577
3        6.14014       0.934048
3        6.20477        1.05217
3         6.2694       0.993496
3        6.33404        1.04138
3        6.39867        0.98891
4              0              0
4       0.064633              0
4       0.129266              0
4       0.193899              0
4       0.258532              0
4       0.323165              0
4       0.387798              0
4       0.452431              0
4       0.517064              0
4       0.581697              0
4        0.64633              0
4       0.710963              0
4       0.775596              0
4        0.84023              0
4       0.904863       0.477466
4       0.969496        2.07116
4        1.03413        2.24065
4        1.09876        3.01466
4        1.16339        2.92722
4        1.22803        1.93445
4        1.29266        2.02565
4        1.35729        1.90065
4        1.42193         1.3927
4        1.48656        1.28462
4        1.55119       0.907341
4        1.61583        1.22028
4        1.68046        1.04601
4        1.74509       0.979984
4        1.80973       0.665171
4        1.87436       0.816503
4        1.93899       0.716911
4        2.00362        1.06923
4        2.06826        1.08815
4        2.13289        1.24689
4        2.19752        1.03994
4        2.26216        1.15887
4        2.32679        1.09706
4        2.39142       0.974133
4        2.45606        1.20181
4        2.52069        1.10536
4        2.58532        1.04346
4        2.64995        1.06096
4        2.71459        1.32829
4        2.77922        1.20851
4        2.84385        1.07488
4        2.90849       0.809339
4        2.97312       0.967243
4        3.03775       0.948234
4        3.10239        0.91464
4        3.16702       0.975622
4        3.23165        1.14881
4        3.29629        1.04331
4        3.36092       0.923944
4        3.42555        1.00833
4        3.49018       0.870975
4        3.55482       0.916418
4        3.61945       0.969068
4        3.68408       0.891745
4        3.74872       0.866622
4        3.81335       0.876588
4        3.87798       0.988313
4        3.94262        1.06986
4        4.00725       0.993979
4        4.07188       0.850304
4        4.13651       0.761171
4        4.20115       0.848022
4        4.26578        0.78445
4        4.33041       0.774316
4        4.39505       0.919836
4        4.45968       0.933331
4        4.52431        1.00082
4        4.58895       0.960637
4        4.65358       0.933489
4        4.71821       0.853907
4        4.78285       0.953271
4        4.84748         0.9977
4        4.91211       0.935788
4        4.97674       0.921064
4        5.04138        1.05009
4        5.10601        1.05596
4        5.17064        1.05482
4        5.23528       0.975026
4        5.29991       0.944476
4        5.36454        1.08419
4        5.42918        1.02688
4        5.49381        1.02943
4        5.55844       0.844849
4        5.62307       0.830639
4        5.68771       0.902983
4        5.75234        1.01878
4        5.81697        1.06157
4        5.88161        1.00628
4        5.94624        1.08416
4        6.01087        1.04336
4        6.07551        1.06198
4        6.14014        1.06678
4        6.20477        1.06096
4         6.2694        1.03139
4        6.33404        1.01663
4        6.39867        1.05683
5              0              0
5       0.064633              0
5       0.129266              0
5       0.193899              0
5       0.258532              0
5       0.323165              0
5       0.387798              0
5       0.452431              0
5       0.517064              0
5       0.581697              0
5        0.64633              0
5       0.710963              0
5       0.775596              0
5        0.84023              0
5       0.904863       0.212784
5       0.969496        1.04466
5        1.03413        1.61535
5        1.09876         2.9719
5        1.16339         3.1026
5        1.22803        2.61467
5        1.29266        1.57896
5        1.35729        1.36469
5        1.42193        1.47463
5        1.48656        1.19371
5        1.55119        1.28373
5        1.61583        1.09607
5        1.68046         1.1719
5        1.74509        1.15173
5        1.80973        1.09115
5        1.87436         1.1564
5        1.93899       0.917552
5        2.00362       0.941627
5        2.06826       0.852542
5        2.13289        1.31497
5        2.19752       0.886789
5        2.26216       0.907692
5        2.32679       0.885677
5        2.39142        1.31488
5        2.45606        1.08914
5        2.52069       0.981528
5        2.58532       0.846482
5        2.64995        1.41082
5        2.71459        1.27994
5        2.77922        1.12602
5        2.84385         1.0181
5        2.90849        0.95908
5        2.97312        1.09193
5        3.03775       0.996613
5        3.10239       0.884477
5        3.16702       0.980968
5        3.23165         1.1043
5        3.29629       0.947414
5        3.36092         1.0784
5        3.42555       0.991171
5        3.49018       0.837165
5        3.55482       0.881689
5        3.61945       0.950603
5        3.68408        0.98881
5        3.74872       0.864709
5        3.81335       0.907421
5        3.87798       0.869918
5        3.94262       0.935367
5        4.00725       0.803958
5        4.07188       0.867629
5        4.13651       0.901283
5        4.20115       0.863033
5        4.26578       0.880469
5        4.33041       0.949448
5        4.39505       0.920301
5        4.45968       0.855365
5        4.52431        0.86707
5        4.58895       0.915157
5        4.65358        0.93162
5        4.71821       0.940591
5        4.78285        1.05652
5        4.84748        1.00383
5        4.91211        1.06001
5        4.97674        1.00485
5        5.04138        0.92857
5        5.10601       0.884286
5        5.17064       0.931853
5        5.23528        1.02844
5        5.29991        0.98858
5        5.36454        1.01248
5        5.42918       0.952428
5        5.49381        1.00061
5        5.55844        1.01846
5        5.62307       0.977205
5        5.68771       0.967929
5        5.75234        1.00297
5        5.81697        1.05637
5        5.88161        0.98412
5        5.94624       0.953899
5        6.01087        1.01402
5        6.07551        1.05097
5        6.14014        1.04907
5        6.20477        1.02087
5         6.2694       0.975812
5        6.33404         1.0649
5        6.39867        1.04316
6              0              0
6       0.064633              0
6       0.129266              0
6       0.193899              0
6       0.258532              0
6       0.323165              0
6       0.387798              0
6       0.452431              0
6       0.517064              0
6       0.581697              0
6        0.64633              0
6       0.710963              0
6       0.775596              0
6        0.84023              0
6       0.904863       0.316581
6       0.969496         1.0265
6        1.03413        2.19255
6        1.09876        2.12024
6        1.16339        1.83031
6        1.22803        1.54412
6        1.29266         1.4621
6        1.35729        2.10135
6        1.42193        1.19005
6        1.48656         1.1779
6        1.55119        1.12918
6        1.61583        1.07761
6        1.68046        1.02425
6        1.74509         1.5241
6        1.80973        1.37334
6        1.87436        1.16643
6        1.93899        1.13931
6        2.00362        1.04503
6        2.06826        1.17082
6        2.13289       0.904531
6        2.19752        1.04819
6        2.26216       0.796829
6        2.32679        1.02824
6        2.39142        1.27763
6        2.45606        1.08988
6        2.52069        1.01231
6        2.58532        1.14661
6        2.64995        1.14209
6        2.71459         1.1766
6        2.77922        1.12948
6        2.84385           1.13
6        2.90849       0.859956
6        2.97312       0.894043
6        3.03775        0.94388
6        3.10239       0.919281
6        3.16702        1.07497
6        3.23165       0.862463
6        3.29629       0.854401
6        3.36092       0.958399
6        3.42555       0.982018
6        3.49018        1.08045
6        3.55482       0.891966
6        3.61945       0.971803
6        3.68408       0.835619
6        3.74872       0.963268
6        3.81335       0.960146
6        3.87798        0.96028
6        3.94262        0.83753
6        4.00725       0.865715
6        4.07188        0.89091
6        4.13651       0.929358
6        4.20115       0.977527
6        4.26578       0.995249
6        4.33041       0.884043
6        4.39505       0.959384
6        4.45968       0.928359
6        4.52431       0.951625
6        4.58895          0.919
6        4.65358       0.895901
6        4.71821       0.958979
6        4.78285       0.948158
6        4.84748        1.01072
6        4.91211        1.05591
6        4.97674        1.04138
6        5.04138        1.00757
6        5.10601       0.982904
6        5.17064       0.828763
6        5.23528       0.980449
6        5.29991        1.00398
6        5.36454        1.05882
6        5.42918        1.05379
6        5.49381        1.05407
6        5.55844       0.949598
6        5.62307        1.00472
6        5.68771       0.953156
6        5.75234        1.06253
6        5.81697         1.0525
6        5.88161        1.03653
6        5.94624        1.00608
6        6.01087        1.02588
6        6.07551       0.927885
6        6.14014        1.00395
6        6.20477       0.919948
6         6.2694       0.973631
6        6.33404        1.03486
6        6.39867        1.04856
7              0              0
7       0.064633              0
7       0.129266              0
7       0.193899              0
7       0.258532              0
7       0.323165              0
7       0.387798              0
7       0.452431              0
7       0.517064              0
7       0.581697              0
7        0.64633              0
7       0.710963              0
7       0.775596              0
7        0.84023              0
7       0.904863      0.0467086
7       0.969496        1.09463
7        1.03413         1.6875
7        1.09876        2.15588
7        1.16339        1.64537
7        1.22803        1.69623
7        1.29266        1.32965
7        1.35729        1.03651
7        1.42193        1.04345
7        1.48656        1.01386
7        1.55119        1.00735
7        1.61583        1.02558
7        1.68046        1.42524
7        1.74509        1.10266
7        1.80973         1.4795
7        1.87436        1.29562
7        1.93899        1.23083
7        2.00362        1.15833
7        2.06826         1.3217
7        2.13289        1.26537
7        2.19752          1.194
7        2.26216        1.21516
7        2.32679        1.21996
7        2.39142        1.04554
7        2.45606       0.919033
7        2.52069         1.0277
7        2.58532        1.06609
7        2.64995        1.14716
7        2.71459       0.879885
7        2.77922       0.850281
7        2.84385        1.06496
7        2.90849       0.918482
7        2.97312       0.954117
7        3.03775       0.878084
7        3.10239       0.960581
7        3.16702       0.918599
7        3.23165       0.853475
7        3.29629       0.928482
7        3.36092        0.85147
7        3.42555       0.879812
7        3.49018        1.00695
7        3.55482        1.07234
7        3.61945       0.966332
7        3.68408         1.0621
7        3.74872       0.903941
7        3.81335       0.862404
7        3.87798       0.910178
7        3.94262        1.00059
7        4.00725       0.885276
7        4.07188       0.930164
7        4.13651       0.917288
7        4.20115       0.995338
7        4.26578        1.05005
7        4.33041        1.04025
7        4.39505       0.974272
7        4.45968       0.932879
7        4.52431        1.03157
7        4.58895        0.97836
7        4.65358        1.08945
7        4.71821         1.0301
7        4.78285       0.852772
7        4.84748       0.951549
7        4.91211       0.970109
7        4.97674       0.962319
7        5.04138        1.10022
7        5.10601        1.02228
7        5.17064       0.977334
7        5.23528        1.08809
7        5.29991       0.976392
7        5.36454        1.02845
7        5.42918        1.04339
7        5.49381        1.03033
7        5.55844       0.914876
7        5.62307       0.942702
7        5.68771       0.978103
7        5.75234       0.978445
7        5.81697        1.00119
7        5.88161         1.0763
7        5.94624       0.932976
7        6.01087       0.956953
7        6.07551        1.00587
7        6.14014        0.96014
7        6.20477       0.970821
7         6.2694        1.01658
7        6.33404        1.10394
7        6.39867        1.05837
8              0              0
8       0.064633              0
8       0.129266              0
8       0.193899              0
8       0.258532              0
8       0.323165              0
8       0.387798              0
8       0.452431              0
8       0.517064              0
8       0.581697              0
8        0.64633              0
8       0.710963              0
8       0.775596              0
8        0.84023              0
8       0.904863       0.238733
8       0.969496       0.862983
8        1.03413        1.38688
8        1.09876        1.36479
8        1.16339        1.66769
8        1.22803        1.81104
8        1.29266        1.99188
8        1.35729        1.59372
8        1.42193        1.03698
8        1.48656        1.01979
8        1.55119       0.934616
8        1.61583       0.992005
8        1.68046        1.14392
8        1.74509        1.08967
8        1.80973        1.12206
8        1.87436        1.19653
8        1.93899       0.970353
8        2.00362        1.40034
8        2.06826       0.969314
8        2.13289        1.00763
8        2.19752        1.08762
8        2.26216        1.41957
8        2.32679        1.25355
8        2.39142        1.16353
8        2.45606        1.12081
8        2.52069        0.94515
8        2.58532          1.114
8        2.64995       0.860687
8        2.71459       0.814619
8        2.77922       0.800095
8        2.84385        1.02913
8        2.90849        0.83992
8        2.97312       0.934429
8        3.03775       0.888727
8        3.10239       0.979607
8        3.16702        1.13689
8        3.23165       0.981881
8        3.29629       0.854813
8        3.36092        0.94731
8        3.42555       0.872948
8        3.49018        0.95844
8        3.55482       0.988356
8        3.61945       0.998817
8        3.68408       0.976594
8        3.74872       0.936794
8        3.81335        1.17382
8        3.87798       0.984138
8        3.94262       0.892942
8        4.00725       0.935016
8        4.07188         1.0796
8        4.13651        1.09413
8        4.20115       0.983379
8        4.26578       0.937242
8        4.33041       0.912793
8        4.39505        1.05197
8        4.45968       0.964065
8        4.52431       0.991157
8        4.58895        1.07615
8        4.65358         1.0365
8        4.71821        1.03253
8        4.78285       0.996343
8        4.84748       0.958826
8        4.91211       0.976264
8        4.97674       0.916702
8        5.04138       0.958329
8        5.10601         1.0741
8        5.17064        1.04219
8        5.23528       0.959085
8        5.29991        1.05738
8        5.36454        1.04176
8        5.42918       0.994164
8        5.49381       0.889514
8        5.55844        1.00533
8        5.62307       0.984762
8        5.68771        1.03232
8        5.75234       0.938381
8        5.81697       0.959741
8        5.88161       0.921537
8        5.94624       0.863191
8        6.01087       0.966568
8        6.07551       0.983868
8        6.14014         1.0274
8        6.20477       0.964374
8         6.2694        1.06159
8        6.33404        1.12768
8        6.39867        1.16323
9              0              0
9       0.064633              0
9       0.129266              0
9       0.193899              0
9       0.258532              0
9       0.323165              0
9       0.387798              0
9       0.452431              0
9       0.517064              0
9       0.581697              0
9        0.64633              0
9       0.710963              0
9       0.775596              0
9        0.84023              0
9       0.904863      0.0882274
9       0.969496        1.19455
9        1.03413        2.49317
9        1.09876        2.35186
9        1.16339        1.73465
9        1.22803        1.52977
9        1.29266        1.38938
9        1.35729        1.01998
9        1.42193        1.03914
9        1.48656       0.956548
9        1.55119        0.85461
9        1.61583        1.02558
9        1.68046          1.189
9        1.74509        1.15318
9        1.80973         1.2739
9        1.87436        1.01467
9        1.93899        1.14166
9        2.00362        1.07583
9        2.06826        1.00342
9        2.13289       0.941491
9        2.19752       0.869365
9        2.26216        1.15973
9        2.32679        1.03233
9        2.39142        1.15266
9        2.45606        1.08178
9        2.52069         1.0277
9        2.58532       0.939648
9        2.64995       0.863222
9        2.71459       0.905267
9        2.77922       0.920657
9        2.84385        1.03519
9        2.90849       0.962771
9        2.97312       0.949574
9        3.03775       0.917271
9        3.10239       0.928098
9        3.16702        1.01393
9        3.23165       0.936939
9        3.29629       0.894323
9        3.36092       0.909291
9        3.42555       0.931678
9        3.49018        0.91434
9        3.55482        1.09361
9        3.61945        1.21014
9        3.68408         0.9898
9        3.74872         1.0226
9        3.81335        1.02551
9        3.87798        1.16158
9        3.94262       0.996551
9        4.00725       0.936134
9        4.07188        1.00244
9        4.13651        1.02067
9        4.20115        1.04266
9        4.26578       0.874792
9        4.33041       0.994968
9        4.39505        1.10664
9        4.45968        0.98802
9        4.52431        1.06275
9        4.58895       0.902773
9        4.65358       0.934943
9        4.71821       0.877144
9        4.78285        1.05062
9        4.84748       0.941017
9        4.91211       0.909675
9        4.97674        1.02847
9        5.04138        1.08304
9        5.10601       0.976341
9        5.17064        1.04033
9        5.23528       0.976012
9        5.29991       0.961957
9        5.36454        1.02548
9        5.42918       0.968786
9        5.49381       0.987321
9        5.55844         0.9868
9        5.62307        1.05576
9        5.68771        1.02981
9        5.75234       0.912897
9        5.81697       0.903763
9        5.88161       0.893765
9        5.94624       0.994341
9        6.01087        1.03324
9        6.07551       0.964677
9        6.14014        1.10927
9        6.20477        1.03693
9         6.2694        1.00934
9        6.33404        1.00572
9        6.39867        1.03456
10              0              0
10       0.064633              0
10       0.129266              0
10       0.193899              0
10       0.258532              0
10       0.323165              0
10       0.387798              0
10       0.452431              0
10       0.517064              0
10       0.581697              0
10        0.64633              0
10       0.710963              0
10       0.775596              0
10        0.84023              0
10       0.904863       0.430757
10       0.969496        1.10825
10        1.03413        2.48916
10        1.09876        2.46589
10        1.16339        1.92597
10        1.22803        1.61874
10        1.29266        1.28291
10        1.35729        1.30567
10        1.42193         1.1534
10        1.48656       0.972359
10        1.55119        1.02371
10        1.61583       0.874509
10        1.68046       0.887474
10        1.74509       0.962665
10        1.80973        1.18521
10        1.87436       0.859147
10        1.93899       0.990299
10        2.00362       0.981228
10        2.06826        1.19562
10        2.13289        1.06696
10        2.19752       0.981246
10        2.26216       0.802025
10        2.32679       0.925823
10        2.39142        1.03545
10        2.45606        1.04717
10        2.52069        1.05988
10        2.58532        1.05211
10        2.64995       0.994417
10        2.71459       0.961468
10        2.77922       0.841051
10        2.84385       0.956916
10        2.90849       0.842557
10        2.97312       0.843056
10        3.03775        1.00581
10        3.10239       0.930418
10        3.16702         1.0371
10        3.23165       0.844487
10        3.29629       0.969227
10        3.36092       0.956815
10        3.42555        1.00337
10        3.49018        1.04223
10        3.55482         1.0284
10        3.61945        1.08533
10        3.68408        1.00631
10        3.74872       0.986553
10        3.81335       0.922221
10        3.87798       0.976384
10        3.94262         1.0459
10        4.00725        1.07334
10        4.07188         1.1221
10        4.13651        1.04244
10        4.20115       0.920789
10        4.26578       0.921198
10        4.33041       0.884522
10        4.39505       0.917742
10        4.45968       0.965647
10        4.52431        1.03925
10        4.58895        1.09964
10        4.65358        1.04086
10        4.71821        1.06728
10        4.78285        1.05102
10        4.84748       0.959784
10        4.91211        1.05852
10        4.97674        1.05937
10        5.04138       0.945221
10        5.10601        1.00259
10        5.17064       0.967059
10        5.23528       0.957771
10        5.29991       0.963561
10        5.36454        1.01812
10        5.42918        1.11081
10        5.49381        1.01808
10        5.55844        0.95485
10        5.62307       0.961522
10        5.68771        0.98995
10        5.75234       0.970269
10        5.81697        1.01145
10        5.88161       0.911497
10        5.94624       0.993448
10        6.01087       0.984174
10        6.07551        1.04376
10        6.14014        1.08497
10        6.20477        1.00106
10         6.2694       0.948713
10        6.33404       0.920209
10        6.39867       0.985933
11              0              0
11       0.064633              0
11       0.129266              0
11       0.193899              0
11       0.258532              0
11       0.323165              0
11       0.387798              0
11       0.452431              0
11       0.517064              0
11       0.581697              0
11        0.64633              0
11       0.710963              0
11       0.775596              0
11        0.84023              0
11       0.904863       0.306201
11       0.969496        1.06283
11        1.03413        2.11238
11        1.09876        1.91713
11        1.16339        1.71552
11        1.22803         2.1698
11        1.29266        1.71401
11        1.35729        1.46858
11        1.42193        1.30431
11        1.48656       0.847849
11        1.55119       0.890976
11        1.61583        1.11789
11        1.68046       0.957415
11        1.74509       0.793802
11        1.80973       0.748486
11        1.87436       0.901791
11        1.93899       0.606617
11        2.00362       0.761222
11        2.06826        1.12742
11        2.13289       0.975532
11        2.19752       0.882204
11        2.26216        1.04281
11        2.32679        0.94221
11        2.39142       0.883317
11        2.45606       0.791635
11        2.52069       0.707988
11        2.58532       0.879755
11        2.64995       0.917094
11        2.71459       0.975367
11        2.77922         1.0343
11        2.84385        1.32072
11        2.90849       0.996516
11        2.97312       0.832455
11        3.03775        1.02225
11        3.10239       0.890974
11        3.16702        1.23802
11        3.23165       0.978457
11        3.29629       0.902142
11        3.36092       0.954834
11        3.42555        1.05944
11        3.49018        1.02312
11        3.55482       0.854756
11        3.61945       0.942054
11        3.68408        1.09545
11        3.74872       0.877467
11        3.81335       0.904646
11        3.87798       0.863059
11        3.94262        1.01069
11        4.00725        1.04484
11        4.07188        1.09042
11        4.13651        1.10542
11        4.20115        0.98974
11        4.26578       0.998211
11        4.33041        1.04456
11        4.39505        1.14596
11        4.45968        1.09559
11        4.52431       0.991816
11        4.58895        1.00868
11        4.65358        1.06744
11        4.71821        1.05112
11        4.78285       0.965268
11        4.84748       0.985253
11        4.91211        1.02607
11        4.97674       0.952869
11        5.04138        1.00102
11        5.10601         1.0152
11        5.17064       0.920062
11        5.23528       0.893349
11        5.29991        1.01857
11        5.36454        1.07683
11        5.42918        1.08772
11        5.49381        1.06109
11        5.55844        1.06018
11        5.62307       0.944556
11        5.68771        1.00709
11        5.75234       0.974629
11        5.81697        1.01345
11        5.88161       0.888681
11        5.94624       0.953644
11        6.01087       0.933729
11        6.07551       0.970422
11        6.14014        1.04835
11        6.20477        1.05932
11         6.2694       0.967085
11        6.33404        0.93236
11        6.39867       0.930804
12              0              0
12       0.064633              0
12       0.129266              0
12       0.193899              0
12       0.258532              0
12       0.323165              0
12       0.387798              0
12       0.452431              0
12       0.517064              0
12       0.581697              0
12        0.64633              0
12       0.710963              0
12       0.775596              0
12        0.84023              0
12       0.904863       0.176455
12       0.969496       0.862983
12        1.03413        2.25267
12        1.09876        2.07748
12        1.16339        1.71233
12        1.22803        1.81965
12        1.29266        2.17367
12        1.35729        1.63149
12        1.42193        0.88607
12        1.48656        0.94469
12        1.55119        1.07645
12        1.61583       0.945007
12        1.68046       0.632577
12        1.74509       0.731741
12        1.80973       0.362821
12        1.87436       0.632132
12        1.93899       0.677017
12        2.00362       0.935027
12        2.06826       0.839108
12        2.13289       0.846175
12        2.19752       0.858361
12        2.26216       0.970052
12        2.32679       0.794733
12        2.39142       0.914365
12        2.45606       0.777644
12        2.52069       0.742967
12        2.58532        0.65416
12        2.64995        0.61541
12        2.71459       0.749957
12        2.77922        1.01641
12        2.84385        1.08866
12        2.90849        1.21585
12        2.97312        1.14141
12        3.03775       0.895017
12        3.10239        1.11929
12        3.16702        1.15114
12        3.23165        1.27936
12        3.29629        1.21987
12        3.36092       0.948894
12        3.42555       0.925195
12        3.49018       0.969833
12        3.55482        0.96036
12        3.61945        1.03438
12        3.68408        1.02017
12        3.74872       0.988785
12        3.81335       0.997454
12        3.87798         1.0405
12        3.94262       0.991644
12        4.00725       0.951783
12        4.07188       0.924479
12        4.13651       0.904956
12        4.20115        1.01875
12        4.26578        1.01697
12        4.33041        1.13728
12        4.39505        1.10594
12        4.45968        1.09423
12        4.52431        1.09789
12        4.58895        1.16178
12        4.65358        1.08634
12        4.71821       0.928468
12        4.78285       0.930457
12        4.84748       0.938145
12        4.91211       0.952202
12        4.97674       0.829285
12        5.04138       0.954255
12        5.10601       0.945771
12        5.17064        1.03612
12        5.23528        1.04142
12        5.29991        1.03012
12        5.36454        1.08074
12        5.42918        1.02933
12        5.49381        1.06318
12        5.55844        1.05639
12        5.62307       0.944128
12        5.68771       0.841938
12        5.75234       0.949146
12        5.81697       0.945613
12        5.88161        1.03353
12        5.94624        1.00085
12        6.01087       0.984174
12        6.07551       0.997925
12        6.14014        1.02477
12        6.20477        1.07538
12         6.2694        1.00647
12        6.33404       0.991202
12        6.39867       0.935324
13              0              0
13       0.064633              0
13       0.129266              0
13       0.193899              0
13       0.258532              0
13       0.323165              0
13       0.387798              0
13       0.452431              0
13       0.517064              0
13       0.581697              0
13        0.64633              0
13       0.710963              0
13       0.775596              0
13        0.84023              0
13       0.904863      0.0207594
13       0.969496       0.881151
13        1.03413        1.43498
13        1.09876        2.69395
13        1.16339        2.04396
13        1.22803        1.79956
13        1.29266        1.39977
13        1.35729        1.12859
13        1.42193       0.704975
13        1.48656       0.851802
13        1.55119       0.838245
13        1.61583       0.661337
13        1.68046       0.573516
13        1.74509       0.564321
13        1.80973       0.713547
13        1.87436       0.965757
13        1.93899       0.666457
13        2.00362       0.733721
13        2.06826       0.924878
13        2.13289       0.954135
13        2.19752       0.907882
13        2.26216        1.14154
13        2.32679       0.856182
13        2.39142       0.856926
13        2.45606        0.79679
13        2.52069       0.661815
13        2.58532       0.618224
13        2.64995       0.618579
13        2.71459       0.682878
13        2.77922       0.902198
13        2.84385         1.0848
13        2.90849       0.881046
13        2.97312        1.03489
13        3.03775        1.02129
13        3.10239       0.997705
13        3.16702        1.19703
13        3.23165        1.16935
13        3.29629        1.14373
13        3.36092        1.14176
13        3.42555        1.11664
13        3.49018        1.28588
13        3.55482       0.989065
13        3.61945       0.896234
13        3.68408       0.931363
13        3.74872       0.918932
13        3.81335        1.09334
13        3.87798       0.999944
13        3.94262       0.950085
13        4.00725        1.04791
13        4.07188       0.998112
13        4.13651       0.908105
13        4.20115       0.863033
13        4.26578       0.935761
13        4.33041         1.0551
13        4.39505        1.08663
13        4.45968         1.0583
13        4.52431       0.979078
13        4.58895        0.99779
13        4.65358        1.13888
13        4.71821        1.11558
13        4.78285       0.928491
13        4.84748       0.991381
13        4.91211       0.842713
13        4.97674       0.960865
13        5.04138       0.957266
13        5.10601       0.957688
13        5.17064        1.03191
13        5.23528        1.04898
13        5.29991        1.01007
13        5.36454         1.1072
13        5.42918       0.992329
13        5.49381        1.01733
13        5.55844         1.0189
13        5.62307        1.00829
13        5.68771       0.938801
13        5.75234       0.965772
13        5.81697        1.02665
13        5.88161       0.960782
13        5.94624        0.96015
13        6.01087        1.01027
13        6.07551        1.04413
13        6.14014        1.00167
13        6.20477        1.05463
13         6.2694        1.04896
13        6.33404        1.01832
13        6.39867        1.09101
14              0              0
14       0.064633              0
14       0.129266              0
14       0.193899              0
14       0.258532              0
14       0.323165              0
14       0.387798              0
14       0.452431              0
14       0.517064              0
14       0.581697              0
14        0.64633              0
14       0.710963              0
14       0.775596              0
14        0.84023              0
14       0.904863      0.0778477
14       0.969496         0.5405
14        1.03413        2.11238
14        1.09876        1.99552
14        1.16339        1.84626
14        1.22803        1.61587
14        1.29266       0.895958
14        1.35729        0.86651
14        1.42193        1.48756
14        1.48656        1.08896
14        1.55119       0.860065
14        1.61583       0.820796
14        1.68046       0.744483
14        1.74509        0.84143
14        1.80973       0.677265
14        1.87436       0.677284
14        1.93899       0.723951
14        2.00362       0.588517
14        2.06826        0.62003
14        2.13289       0.639008
14        2.19752       0.769407
14        2.26216        1.06186
14        2.32679        1.05937
14        2.39142        0.97258
14        2.45606       0.719468
14        2.52069       0.711486
14        2.58532       0.880421
14        2.64995         1.0597
14        2.71459       0.876864
14        2.77922       0.897583
14        2.84385       0.970697
14        2.90849       0.914264
14        2.97312       0.887481
14        3.03775       0.957426
14        3.10239       0.920673
14        3.16702        1.00324
14        3.23165        1.04822
14        3.29629        0.85934
14        3.36092       0.935033
14        3.42555        0.99918
14        3.49018        1.07972
14        3.55482        1.08616
14        3.61945        1.12636
14        3.68408        1.21463
14        3.74872        1.10808
14        3.81335         1.0397
14        3.87798       0.872602
14        3.94262       0.952971
14        4.00725       0.819886
14        4.07188       0.777482
14        4.13651       0.792919
14        4.20115       0.935801
14        4.26578       0.935761
14        4.33041        1.01725
14        4.39505        1.01661
14        4.45968       0.975364
14        4.52431       0.945036
14        4.58895        1.01487
14        4.65358        1.07388
14        4.71821        1.10386
14        4.78285        1.12162
14        4.84748        1.12907
14        4.91211        1.09583
14        4.97674        1.09245
14        5.04138        1.14468
14        5.10601       0.899312
14        5.17064       0.883509
14        5.23528        0.93049
14        5.29991       0.960674
14        5.36454        1.09812
14        5.42918        1.05746
14        5.49381        1.05526
14        5.55844        1.00431
14        5.62307       0.943273
14        5.68771       0.957895
14        5.75234       0.971768
14        5.81697       0.972935
14        5.88161         1.0411
14        5.94624        1.01233
14        6.01087       0.995911
14        6.07551        1.13544
14        6.14014        1.06116
14        6.20477        1.11418
14         6.2694        1.04391
14        6.33404       0.972638
14        6.39867       0.940286
15              0              0
15       0.064633              0
15       0.129266              0
15       0.193899              0
15       0.258532              0
15       0.323165              0
15       0.387798              0
15       0.452431              0
15       0.517064              0
15       0.581697              0
15        0.64633              0
15       0.710963              0
15       0.775596              0
15        0.84023              0
15       0.904863      0.0778477
15       0.969496       0.953823
15        1.03413        1.14638
15        1.09876        1.26858
15        1.16339        1.51463
15        1.22803        1.98898
15        1.29266        1.62831
15        1.35729        1.11678
15        1.42193        1.53284
15        1.48656        1.22928
15        1.55119       0.870975
15        1.61583       0.730156
15        1.68046       0.825304
15        1.74509       0.896274
15        1.80973       0.665171
15        1.87436       0.604539
15        1.93899       0.677017
15        2.00362        0.68642
15        2.06826       0.829807
15        2.13289       0.867572
15        2.19752       0.916135
15        2.26216         1.0506
15        2.32679        1.06019
15        2.39142       0.728077
15        2.45606       0.832138
15        2.52069       0.878688
15        2.58532       0.974253
15        2.64995        1.04132
15        2.71459       0.869612
15        2.77922       0.633384
15        2.84385        0.80919
15        2.90849       0.790885
15        2.97312       0.957146
15        3.03775       0.981132
15        3.10239        1.03251
15        3.16702        1.08878
15        3.23165       0.899273
15        3.29629        0.83835
15        3.36092       0.907707
15        3.42555       0.939687
15        3.49018       0.890453
15        3.55482       0.816129
15        3.61945       0.900679
15        3.68408        1.04956
15        3.74872       0.959122
15        3.81335       0.910504
15        3.87798        1.05124
15        3.94262        1.05485
15        4.00725       0.965755
15        4.07188       0.930164
15        4.13651       0.980523
15        4.20115       0.885677
15        4.26578       0.854798
15        4.33041        1.00216
15        4.39505       0.953568
15        4.45968         1.0009
15        4.52431        0.91956
15        4.58895       0.980068
15        4.65358       0.999529
15        4.71821        0.96403
15        4.78285        1.05987
15        4.84748        1.05649
15        4.91211        1.13835
15        4.97674        1.12679
15        5.04138        1.07878
15        5.10601        1.04923
15        5.17064        1.05819
15        5.23528       0.962043
15        5.29991        1.01344
15        5.36454        1.00137
15        5.42918        1.01159
15        5.49381        1.07587
15        5.55844        1.06208
15        5.62307        1.05063
15        5.68771        1.01713
15        5.75234        1.06416
15        5.81697       0.988129
15        5.88161        1.00863
15        5.94624        1.09589
15        6.01087        1.13026
15        6.07551        1.01406
15        6.14014       0.917531
15        6.20477        1.07351
15         6.2694        1.09477
15        6.33404         1.0712
15        6.39867        1.04658
16              0              0
16       0.064633              0
16       0.129266              0
16       0.193899              0
16       0.258532              0
16       0.323165              0
16       0.387798              0
16       0.452431              0
16       0.517064              0
16       0.581697              0
16        0.64633              0
16       0.710963              0
16       0.775596              0
16        0.84023              0
16       0.904863       0.192024
16       0.969496        1.01741
16        1.03413        1.69953
16        1.09876         1.4325
16        1.16339        1.81437
16        1.22803        1.47524
16        1.29266        1.56858
16        1.35729       0.795678
16        1.42193       0.890382
16        1.48656        1.28857
16        1.55119         1.1019
16        1.61583        0.99872
16        1.68046        1.12994
16        1.74509        1.11998
16        1.80973       0.835831
16        1.87436        1.06233
16        1.93899       0.810778
16        2.00362       0.814023
16        2.06826       0.797772
16        2.13289        1.06793
16        2.19752       0.867531
16        2.26216       0.878244
16        2.32679        1.10689
16        2.39142       0.813459
16        2.45606       0.684857
16        2.52069       0.660415
16        2.58532       0.710725
16        2.64995       0.912658
16        2.71459       0.728806
16        2.77922       0.984688
16        2.84385        1.01424
16        2.90849       0.973316
16        2.97312       0.936448
16        3.03775        0.77939
16        3.10239       0.695145
16        3.16702       0.769806
16        3.23165        1.05721
16        3.29629       0.959761
16        3.36092       0.862559
16        3.42555        0.82337
16        3.49018        0.78939
16        3.55482       0.893383
16        3.61945       0.918118
16        3.68408       0.864342
16        3.74872       0.865666
16        3.81335        0.98697
16        3.87798        1.01038
16        3.94262        1.10362
16        4.00725       0.974418
16        4.07188        0.94776
16        4.13651       0.910466
16        4.20115        1.09686
16        4.26578        1.03524
16        4.33041        1.00503
16        4.39505       0.941238
16        4.45968        1.09378
16        4.52431        1.01927
16        4.58895       0.942488
16        4.65358       0.793103
16        4.71821        0.85714
16        4.78285        1.01483
16        4.84748          1.045
16        4.91211       0.946793
16        4.97674       0.938693
16        5.04138        1.12502
16        5.10601        1.10622
16        5.17064        1.12675
16        5.23528        1.04273
16        5.29991         1.0917
16        5.36454        1.07792
16        5.42918        1.04629
16        5.49381        1.00793
16        5.55844        1.02079
16        5.62307         1.0512
16        5.68771        1.04403
16        5.75234        1.01687
16        5.81697       0.964005
16        5.88161       0.991291
16        5.94624         1.1445
16        6.01087        1.03512
16        6.07551        1.22174
16        6.14014         1.0681
16        6.20477        1.05499
16         6.2694         1.0361
16        6.33404        1.00718
16        6.39867       0.949658
17              0              0
17       0.064633              0
17       0.129266              0
17       0.193899              0
17       0.258532              0
17       0.323165              0
17       0.387798              0
17       0.452431              0
17       0.517064              0
17       0.581697              0
17        0.64633              0
17       0.710963              0
17       0.775596              0
17        0.84023              0
17       0.904863      0.0207594
17       0.969496       0.426949
17        1.03413        2.22061
17        1.09876         2.2806
17        1.16339         1.2691
17        1.22803        1.46088
17        1.29266        1.41535
17        1.35729        1.48511
17        1.42193       0.946435
17        1.48656        1.13442
17        1.55119        1.08735
17        1.61583        1.68356
17        1.68046        1.65682
17        1.74509         1.0305
17        1.80973       0.958115
17        1.87436       0.876706
17        1.93899        1.10998
17        2.00362       0.740321
17        2.06826       0.887677
17        2.13289       0.733351
17        2.19752       0.740978
17        2.26216        1.03588
17        2.32679       0.927462
17        2.39142       0.707119
17        2.45606       0.690011
17        2.52069       0.649922
17        2.58532       0.624214
17        2.64995       0.817589
17        2.71459       0.655079
17        2.77922       0.858934
17        2.84385        1.06551
17        2.90849        1.07455
17        2.97312        1.01672
17        3.03775        1.05757
17        3.10239       0.903967
17        3.16702       0.824601
17        3.23165       0.705808
17        3.29629       0.865513
17        3.36092       0.802362
17        3.42555       0.811166
17        3.49018       0.859583
17        3.55482       0.844125
17        3.61945       0.902047
17        3.68408       0.844863
17        3.74872       0.893415
17        3.81335        1.05912
17        3.87798        1.00382
17        3.94262         0.9573
17        4.00725        0.83302
17        4.07188        0.98593
17        4.13651        1.06134
17        4.20115       0.968877
17        4.26578        1.08485
17        4.33041         1.1011
17        4.39505        1.00126
17        4.45968        1.02802
17        4.52431       0.842912
17        4.58895       0.872025
17        4.65358       0.956749
17        4.71821       0.973123
17        4.78285         1.0282
17        4.84748        1.02183
17        4.91211        0.97216
17        4.97674        1.03592
17        5.04138        1.03787
17        5.10601       0.921764
17        5.17064        1.14174
17        5.23528        1.14117
17        5.29991        1.02258
17        5.36454        1.05961
17        5.42918         1.1024
17        5.49381        1.06557
17        5.55844        1.00329
17        5.62307       0.974497
17        5.68771        1.07998
17        5.75234        1.03772
17        5.81697        1.02531
17        5.88161        1.00694
17        5.94624       0.992172
17        6.01087       0.993164
17        6.07551         1.0764
17        6.14014        1.01879
17        6.20477        1.07151
17         6.2694         1.0423
17        6.33404        1.05668
17        6.39867       0.956825
18              0              0
18       0.064633              0
18       0.129266              0
18       0.193899              0
18       0.258532              0
18       0.323165              0
18       0.387798              0
18       0.452431              0
18       0.517064              0
18       0.581697              0
18        0.64633              0
18       0.710963              0
18       0.775596              0
18        0.84023              0
18       0.904863      0.0726578
18       0.969496        1.05375
18        1.03413          1.447
18        1.09876        2.14875
18        1.16339        2.27035
18        1.22803        2.00334
18        1.29266        1.66726
18        1.35729        1.73302
18        1.42193        1.19867
18        1.48656        1.18778
18        1.55119       0.881885
18        1.61583       0.881223
18        1.68046        1.23718
18        1.74509        1.24699
18        1.80973        1.14221
18        1.87436         1.2906
18        1.93899        1.09707
18        2.00362       0.995528
18        2.06826       0.906278
18        2.13289       0.742105
18        2.19752       0.497042
18        2.26216       0.728405
18        2.32679       0.707067
18        2.39142        0.64968
18        2.45606       0.876322
18        2.52069       0.922063
18        2.58532       0.774611
18        2.64995       0.834701
18        2.71459       0.820662
18        2.77922       0.948923
18        2.84385         1.0385
18        2.90849       0.877883
18        2.97312       0.857696
18        3.03775        1.04306
18        3.10239       0.962437
18        3.16702       0.980968
18        3.23165       0.886861
18        3.29629       0.804602
18        3.36092       0.722759
18        3.42555       0.676544
18        3.49018        0.84672
18        3.55482       0.851921
18        3.61945       0.937609
18        3.68408       0.858729
18        3.74872       0.927863
18        3.81335         1.1066
18        3.87798        1.12937
18        3.94262        1.13681
18        4.00725       0.998171
18        4.07188       0.989179
18        4.13651       0.957958
18        4.20115        0.81978
18        4.26578        1.00784
18        4.33041        1.01749
18        4.39505       0.913555
18        4.45968       0.974687
18        4.52431       0.964143
18        4.58895       0.856652
18        4.65358       0.931205
18        4.71821       0.933115
18        4.78285       0.963105
18        4.84748        1.03734
18        4.91211        0.97757
18        4.97674       0.792573
18        5.04138       0.929101
18        5.10601        1.05216
18        5.17064        1.10451
18        5.23528        1.11521
18        5.29991        1.03317
18        5.36454        1.06712
18        5.42918        1.20055
18        5.49381        1.05198
18        5.55844        1.00387
18        5.62307        1.08556
18        5.68771        1.06061
18        5.75234        1.01333
18        5.81697        1.01159
18        5.88161        1.00342
18        5.94624       0.971249
18        6.01087       0.956828
18        6.07551       0.931796
18        6.14014       0.969835
18        6.20477       0.964374
18         6.2694        1.01382
18        6.33404        1.11901
18        6.39867         1.0683
19              0              0
19       0.064633              0
19       0.129266              0
19       0.193899              0
19       0.258532              0
19       0.323165              0
19       0.387798              0
19       0.452431              0
19       0.517064              0
19       0.581697              0
19        0.64633              0
19       0.710963              0
19       0.775596              0
19        0.84023              0
19       0.904863      0.0518985
19       0.969496       0.926571
19        1.03413        2.06428
19        1.09876        1.87793
19        1.16339        1.36476
19        1.22803         1.3059
19        1.29266        1.82048
19        1.35729        2.24065
19        1.42193         2.0136
19        1.48656        1.31822
19        1.55119         1.5383
19        1.61583        1.07761
19        1.68046        1.00715
19        1.74509       0.951119
19        1.80973       0.937959
19        1.87436       0.890503
19        1.93899        0.61131
19        2.00362       0.948227
19        2.06826       0.793639
19        2.13289       0.889942
19        2.19752       0.795084
19        2.26216       0.956195
19        2.32679       0.879123
19        2.39142        1.00285
19        2.45606       0.821828
19        2.52069        0.72058
19        2.58532       0.827849
19        2.64995       0.935474
19        2.71459       0.896202
19        2.77922       0.906813
19        2.84385       0.788795
19        2.90849       0.897919
19        2.97312       0.764808
19        3.03775       0.834059
19        3.10239        1.12764
19        3.16702        1.00502
19        3.23165       0.894137
19        3.29629        1.08693
19        3.36092        1.15483
19        3.42555       0.913754
19        3.49018       0.754845
19        3.55482       0.820382
19        3.61945       0.956074
19        3.68408        1.09149
19        3.74872        1.09309
19        3.81335       0.997762
19        3.87798        1.12609
19        3.94262        1.11372
19        4.00725       0.956813
19        4.07188       0.992427
19        4.13651       0.796855
19        4.20115        0.85769
19        4.26578       0.907621
19        4.33041       0.999041
19        4.39505       0.872611
19        4.45968       0.876156
19        4.52431       0.959751
19        4.58895       0.928822
19        4.65358       0.912307
19        4.71821       0.858959
19        4.78285       0.894073
19        4.84748       0.828417
19        4.91211       0.907437
19        4.97674        1.01321
19        5.04138       0.997831
19        5.10601        1.03541
19        5.17064        1.06206
19        5.23528        1.13723
19        5.29991       0.959071
19        5.36454       0.905707
19        5.42918        1.00318
19        5.49381       0.996728
19        5.55844         1.0011
19        5.62307       0.901641
19        5.68771        1.06688
19        5.75234        1.03513
19        5.81697        1.01732
19        5.88161        1.05596
19        5.94624        1.01463
19        6.01087         1.0541
19        6.07551        1.01052
19        6.14014       0.997243
19        6.20477        1.02685
19         6.2694        1.01175
19        6.33404       0.985577
19        6.39867        1.08296
20              0              0
20       0.064633              0
20       0.129266              0
20       0.193899              0
20       0.258532              0
20       0.323165              0
20       0.387798              0
20       0.452431              0
20       0.517064              0
20       0.581697              0
20        0.64633              0
20       0.710963              0
20       0.775596              0
20        0.84023              0
20       0.904863      0.0518985
20       0.969496       0.862983
20        1.03413        1.89994
20        1.09876        1.84229
20        1.16339        1.63261
20        1.22803        1.32886
20        1.29266        1.22837
20        1.35729        1.51344
20        1.42193        1.32371
20        1.48656        1.22533
20        1.55119        1.55648
20        1.61583       0.785547
20        1.68046        1.47653
20        1.74509       0.998747
20        1.80973       0.779393
20        1.87436         1.0385
20        1.93899       0.958619
20        2.00362        1.11323
20        2.06826        0.94968
20        2.13289       0.968724
20        2.19752       0.947315
20        2.26216        1.21603
20        2.32679        1.23389
20        2.39142       0.908155
20        2.45606       0.715049
20        2.52069        0.72198
20        2.58532       0.771283
20        2.64995       0.838504
20        2.71459       0.909497
20        2.77922        0.80644
20        2.84385       0.956365
20        2.90849         1.0698
20        2.97312       0.927866
20        3.03775       0.795355
20        3.10239         1.0998
20        3.16702        1.08209
20        3.23165         1.0555
20        3.29629         1.1248
20        3.36092        1.12275
20        3.42555       0.902313
20        3.49018        1.00438
20        3.55482       0.899762
20        3.61945        0.93419
20        3.68408        1.03536
20        3.74872       0.869493
20        3.81335       0.845446
20        3.87798       0.878567
20        3.94262       0.948065
20        4.00725        1.00907
20        4.07188       0.984847
20        4.13651       0.973176
20        4.20115       0.964806
20        4.26578       0.971306
20        4.33041       0.986583
20        4.39505       0.864236
20        4.45968       0.881805
20        4.52431       0.910995
20        4.58895       0.916438
20        4.65358        0.94325
20        4.71821        0.97676
20        4.78285       0.950321
20        4.84748        0.98487
20        4.91211       0.984285
20        4.97674       0.815291
20        5.04138       0.837342
20        5.10601       0.966324
20        5.17064        1.00125
20        5.23528        1.00001
20        5.29991        1.12587
20        5.36454       0.996513
20        5.42918       0.971079
20        5.49381       0.999117
20        5.55844        1.00051
20        5.62307       0.869134
20        5.68771       0.841241
20        5.75234       0.968361
20        5.81697       0.990528
20        5.88161       0.981512
20        5.94624        1.05252
20        6.01087        1.08232
20        6.07551        1.05146
20        6.14014        1.01388
20        6.20477       0.900841
20         6.2694       0.980061
20        6.33404        1.09617
20        6.39867        1.00413
