1.79916
1.79879
1.799
1.79979
1.80109
1.80284
1.80495
1.80731
1.80982
1.8124
1.81494
1.81739
1.81966
1.82172
1.82352
1.82502
1.8262
1.82704
1.82752
1.82764
1.82738
1.82675
1.82574
1.82436
1.82263
1.82056
1.8182
1.81556
1.81272
1.80973
1.80667
1.80362
1.80065
1.79786
1.79533
1.79312
1.79128
1.78985
1.78882
1.78819
1.78793
1.78799
1.78831
1.78884
1.78951
1.79028
1.7911
1.79194
1.79278
1.7936
1.79442
1.79523
1.79606
1.79693
1.79786
1.79887
1.79999
1.80122
1.80258
1.80404
1.80561
1.80726
1.80897
1.8107
1.81242
1.8141
1.81571
1.81724
1.81866
1.81996
1.82115
1.82221
1.82317
1.82403
1.8248
1.82551
1.82616
1.82677
1.82737
1.82795
1.82854
1.82913
1.82974
1.83036
1.83099
1.83163
1.83227
1.8329
1.83352
1.83412
1.83469
1.83521
1.83568
1.83609
1.83642
1.83667
1.83681
1.83683
1.83673
1.83648
1.83607
1.83548
1.8347
1.83371
1.83251
1.83108
1.82942
1.82753
1.82542
1.82308
1.82054
1.8178
1.8149
1.81185
1.80868
1.80541
1.80209
1.79875
1.79543
1.79218
1.78905
1.7861
1.78339
1.78097
1.77889
1.77719
1.77589
1.77503
1.77458
1.77455
1.77492
1.77566
1.77674
1.77813
1.77978
1.78164
1.78366
1.78577
1.78792
1.79004
1.79209
1.794
1.79574
1.7973
1.79864
1.79978
1.80071
1.80143
1.80197
1.80232
1.80251
1.80253
1.8024
1.80213
1.80171
1.80116
1.80049
1.79972
1.79888
1.79801
1.79714
1.79635
1.79569
1.79523
1.79505
1.7952
1.79574
1.79668
1.79803
1.79978
1.80189
1.80428
1.8069
1.80964
1.81244
1.81522
1.81789
1.82042
1.82274
1.82483
1.82667
1.82825
1.82955
1.83059
1.83138
1.83192
1.83224
1.83234
1.83225
1.83198
1.83154
1.83096
1.83024
1.82939
1.82843
1.82738
1.82623
1.825
1.8237
1.82234
1.82093
1.81947
1.81798
1.81647
1.81495
1.81343
1.81191
1.81042
1.80896
1.80755
1.80619
1.80489
1.80365
1.80249
1.80139
1.80036
1.7994
1.79851
1.79766
1.79688
1.79615
1.79547
1.79486
1.79433
1.79389
1.79359
1.79344
1.79348
1.79375
1.79426
1.79505
1.79613
1.79749
1.79911
1.80098
1.80304
1.80526
1.80756
1.80991
1.81225
1.81453
1.8167
1.81874
1.82062
1.82233
1.82386
1.8252
1.82637
1.82738
1.82822
1.82893
1.82952
1.82999
1.83038
1.83069
1.83093
1.83113
1.83128
1.83141
1.83151
1.83159
1.83167
1.83173
1.8318
1.83186
1.83192
1.83198
1.83204
1.8321
1.83217
1.83224
1.83232
1.83241
1.83253
1.83269
1.8329
1.83317
1.83352
1.83396
1.83453
1.83521
1.83604
1.837
1.83809
1.83931
1.84063
1.84203
1.84348
1.84493
1.84635
1.84769
1.84891
1.84999
1.85088
1.85158
1.85206
1.85234
1.85242
1.85232
1.85209
1.85176
1.85139
1.85102
1.85071
1.8505
1.85044
1.85056
1.85087
1.85139
1.85209
1.85295
1.85395
1.85503
1.85614
1.85724
1.85825
1.85913
1.85983
1.86031
1.86053
1.86048
1.86014
1.85953
1.85866
1.85757
1.8563
1.85492
1.85347
1.85204
1.85068
1.84945
1.84838
1.84752
1.84689
1.8465
1.84635
1.84643
1.84673
1.84723
1.84791
1.84874
1.84969
1.85075
1.85189
1.85309
1.85435
1.85565
1.857
1.8584
1.85986
1.86139
1.86299
1.86468
1.86643
1.86824
1.87008
1.87188
1.8736
1.87515
1.87646
1.87743
1.878
1.8781
1.87768
1.87673
1.87524
1.87328
1.87093
1.86828
1.8655
1.86274
1.86016
1.85792
1.85614
1.85492
1.85429
1.85427
1.85481
1.85582
1.85719
1.85882
1.86057
1.86234
1.86403
1.86554
1.86681
1.86782
1.86854
1.86899
1.86922
1.86927
1.86923
1.86918
1.86923
1.86946
1.86996
1.87078
1.87197
1.87352
1.87543
1.87764
1.88008
1.88268
1.88534
1.88795
1.89044
1.89272
1.89471
1.89636
1.89763
1.8985
1.89894
1.89897
1.89859
1.89784
1.89674
1.89535
1.89372
1.89191
1.88998
1.88799
1.88601
1.8841
1.88233
1.88074
1.87938
1.87828
1.87746
1.87692
1.87667
1.87668
1.87694
1.8774
1.87803
1.87879
1.87964
1.88052
1.8814
1.88224
1.883
1.88366
1.8842
1.88459
1.88482
1.88488
1.88477
1.88448
1.88401
1.88335
1.8825
1.88144
1.88016
1.87864
1.87687
1.87481
1.87246
1.86979
1.8668
1.86349
1.85989
1.85605
1.85205
1.84799
1.84402
1.84027
1.8369
1.83403
1.83175
1.8301
1.82906
1.82855
1.82844
1.82861
1.82892
1.82925
1.82953
1.82974
1.8299
1.83009
1.83039
1.8309
1.8317
1.83285
1.83437
1.83624
1.83842
1.84082
1.84335
1.84591
1.84842
1.85078
1.85295
1.85488
1.85655
1.85794
1.85906
1.85992
1.86053
1.86092
1.86109
1.86108
1.86089
1.86055
1.86008
1.85948
1.85877
1.85795
1.85704
1.85603
1.85494
1.85377
1.85252
1.85119
1.84977
1.84828
1.84671
1.84504
1.84329
1.84145
1.8395
1.83746
1.83531
1.83305
1.8307
1.82827
1.82577
1.82322
1.82067
1.81814
1.81568
1.81333
1.81113
1.8091
1.80725
1.80556
1.80402
1.80256
1.80111
1.79959
1.7979
1.79597
1.79373
1.79113
1.78818
1.7849
1.7814
1.77779
1.77426
1.77099
1.76819
1.76601
1.76459
1.76397
1.76412
1.76493
1.76624
1.76786
1.76958
1.77121
1.77259
1.77362
1.77423
1.77439
1.77412
1.77348
1.77255
1.77143
1.77025
1.76912
1.76819
1.76756
1.76735
1.76764
1.76848
1.76987
1.7718
1.7742
1.77699
1.78004
1.78325
1.7865
1.78968
1.79269
1.79547
1.79794
1.80006
1.80182
1.80319
1.80417
1.80477
1.80498
1.80484
1.80436
1.80356
1.80248
1.80116
1.79962
1.79793
1.79611
1.79423
1.79233
1.79045
1.78864
1.78693
1.78535
1.78392
1.78265
1.78153
1.78056
1.77973
1.77902
1.7784
1.77787
1.7774
1.777
1.77664
1.77633
1.77607
1.77587
1.77574
1.77567
1.77569
1.77579
1.77597
1.77623
1.77656
1.77695
1.77737
1.77782
1.77826
1.77869
1.77907
1.77941
1.7797
1.77992
1.78007
1.78018
1.78024
1.78026
1.78026
1.78026
1.78026
1.78028
1.78033
1.78041
1.78052
1.78068
1.78087
1.7811
1.78136
1.78164
1.78196
1.78229
1.78265
1.78303
1.78343
1.78385
1.78429
1.78474
1.78521
1.78569
1.78617
1.78665
1.78711
1.78754
1.78794
1.78827
1.78854
1.78872
1.7888
1.78876
1.78861
1.78831
1.78787
1.78728
1.78654
1.78565
1.7846
1.78341
1.78209
1.78066
1.77912
1.77751
1.77585
1.77418
1.77252
1.7709
1.76936
1.76793
1.76663
1.76548
1.7645
1.7637
1.76306
1.76258
1.76224
1.76202
1.76186
1.76175
1.76163
1.76145
1.76118
1.76076
1.76018
1.75939
1.75838
1.75715
1.75573
1.75413
1.75241
1.75063
1.74885
1.74715
1.74559
1.74423
1.7431
1.74219
1.7415
1.74096
1.74051
1.74008
1.73958
1.73894
1.73811
1.73711
1.73595
1.73471
1.73354
1.73259
1.73204
1.73208
1.73286
1.73448
1.73697
1.74029
1.74433
1.74891
1.75385
1.75894
1.764
1.76886
1.77341
1.77755
1.78123
1.78442
1.78712
1.78933
1.79108
1.79239
1.79328
1.79379
1.79392
1.79372
1.7932
1.79239
1.7913
1.78995
1.78837
1.78659
1.78462
1.78251
1.7803
1.77802
1.77572
1.77345
1.77127
1.76922
1.76736
1.76572
1.76434
1.76325
1.76245
1.76196
1.76175
1.76182
1.76214
1.76268
1.7634
1.76427
1.76525
1.76632
1.76744
1.76858
1.76973
1.77084
1.77191
1.77292
1.77385
1.77469
1.77543
1.77607
1.77661
1.77703
1.77736
1.77759
1.77773
1.7778
1.7778
1.77775
1.77766
1.77756
1.77745
1.77734
1.77727
1.77723
1.77725
1.77733
1.77748
1.7777
1.77801
1.77841
1.77889
1.77946
1.78012
1.78087
1.78169
1.78258
1.78355
1.78458
1.78566
1.78679
1.78796
1.78914
1.79034
1.79154
1.79272
1.79387
1.79496
1.79599
1.79694
1.79778
1.7985
1.79908
1.79951
1.79976
1.79983
1.7997
1.79935
1.7988
1.79802
1.79703
1.79582
1.79442
1.79283
1.79109
1.78922
1.78727
1.78529
1.78332
1.78143
1.77966
1.77808
1.77673
1.77565
1.77489
1.77445
1.77434
1.77455
1.77506
1.77583
1.77682
1.77797
1.77924
1.78057
1.7819
1.7832
1.78442
1.78553
1.7865
1.78733
1.78802
1.78856
1.78898
1.7893
1.78957
1.78982
1.7901
1.79045
1.79092
1.79155
1.79237
1.7934
1.79464
1.79611
1.79779
1.79964
1.80166
1.8038
1.80602
1.80829
1.81058
1.81284
1.81506
1.8172
1.81925
1.82119
1.823
1.82468
1.82621
1.82759
1.82881
1.82987
1.83076
1.83146
1.83197
1.83227
1.83233
1.83215
1.83168
1.83089
1.82974
1.82818
1.82615
1.82361
1.8205
1.81674
1.81229
1.80711
1.80117
1.79446
1.78701
1.7789
1.77026
1.76127
1.75215
1.74318
1.73468
1.72696
1.72031
1.71497
1.71109
1.70874
1.70785
1.7083
1.70987
1.71234
1.71548
1.71909
1.72303
1.72718
1.73149
1.73592
1.74041
1.74492
1.74938
1.75371
1.7578
1.76154
1.76482
1.76754
1.76962
1.77101
1.77167
1.77161
1.77087
1.76951
1.76766
1.76547
1.76313
1.76085
1.75888
1.75744
1.75672
1.75685
1.75788
1.7598
1.7625
1.76582
1.76958
1.77357
1.77763
1.78159
1.78534
1.78882
1.79196
1.79476
1.79723
1.79938
1.80125
1.80287
1.80427
1.80548
1.80654
1.80747
1.8083
1.80904
1.80972
1.81034
1.81092
1.81147
1.81198
1.81247
1.81293
1.81336
1.81376
1.81413
1.81445
1.81472
1.81492
1.81505
1.81508
1.81501
1.81482
1.81449
1.81399
1.81331
1.81243
1.81133
1.80997
1.80835
1.80644
1.80424
1.80171
1.79888
1.79573
1.79229
1.78859
1.78469
1.78064
1.77653
1.77245
1.76852
1.76483
1.7615
1.75861
1.75623
1.75441
1.75315
1.75246
1.7523
1.75262
1.75336
1.75448
1.75591
1.75761
1.75952
1.7616
1.76381
1.7661
1.76844
1.77079
1.7731
1.77535
1.77749
1.77949
1.78134
1.78302
1.7845
1.78578
1.78687
1.78776
1.78846
1.78898
1.78933
1.78954
1.7896
1.78953
1.78934
1.78903
1.78861
1.78808
1.78741
1.78661
1.78566
1.78453
1.78322
1.7817
1.77999
1.77806
1.77595
1.77366
1.77123
1.7687
1.76612
1.76354
1.76103
1.75865
1.75648
1.75459
1.75307
1.75203
1.75157
1.75178
1.75272
1.75444
1.75691
1.76005
1.76374
1.76781
1.77208
1.77635
1.78044
1.7842
1.7875
1.79026
1.79242
1.79397
1.79492
1.79529
1.79515
1.79458
1.79366
1.7925
1.79122
1.78994
1.78877
1.7878
1.78712
1.78678
1.78677
1.78707
1.78764
1.78836
1.78916
1.7899
1.79049
1.79082
1.79083
1.79047
1.78971
1.78856
1.78705
1.78526
1.78326
1.78114
1.77902
1.777
1.77518
1.77363
1.77241
1.77156
1.77108
1.77097
1.7712
1.77174
1.77256
1.77363
1.7749
1.77635
1.77795
1.77968
1.7815
1.78339
1.78531
1.78722
1.7891
1.79089
1.79258
1.79412
1.79548
1.79665
1.7976
1.79831
1.79878
1.79902
1.79901
1.79877
1.7983
1.79763
1.79677
1.79572
1.79453
1.7932
1.79176
1.79022
1.78863
1.78698
1.78531
1.78364
1.78199
1.78037
1.7788
1.7773
1.77588
1.77454
1.7733
1.77216
1.77113
1.7702
1.76937
1.76865
1.76801
1.76745
1.76697
1.76656
1.76619
1.76587
1.76558
1.76531
1.76505
1.76478
1.76452
1.76423
1.76393
1.7636
1.76325
1.76287
1.76245
1.76201
1.76154
1.76106
1.76055
1.76004
1.75953
1.75902
1.75854
1.7581
1.75769
1.75735
1.75708
1.7569
1.75682
1.75684
1.75698
1.75725
1.75764
1.75816
1.75881
1.75958
1.76047
1.76146
1.76254
1.76371
1.76494
1.76623
1.76755
1.76889
1.77023
1.77157
1.77288
1.77416
1.7754
1.77658
1.77769
1.77873
1.7797
1.78059
1.78138
1.78209
1.78271
1.78324
1.78367
1.784
1.78424
1.78438
1.78442
1.78437
1.78421
1.78395
1.7836
1.78313
1.78257
1.78189
1.78111
1.78022
1.77922
1.77811
1.77689
1.77556
1.77412
1.77257
1.77093
1.76919
1.76736
1.76546
1.76349
1.76146
1.75941
1.75733
1.75525
1.75318
1.75116
1.74918
1.74729
1.74548
1.74379
1.74222
1.7408
1.73954
1.73844
1.73753
1.73681
1.73628
1.73596
1.73583
1.73591
1.73617
1.7366
1.7372
1.73794
1.7388
1.73976
1.74079
1.74187
1.74297
1.74406
1.74514
1.74618
1.74717
1.7481
1.74895
1.74973
1.75044
1.75107
1.75162
1.75211
1.75252
1.75288
1.75319
1.75344
1.75366
1.75383
1.75397
1.75407
1.75414
1.75418
1.75417
1.75413
1.75404
1.7539
1.7537
1.75342
1.75307
1.75262
1.75207
1.75139
1.75059
1.74965
1.74855
1.7473
1.74589
1.74432
1.74261
1.74077
1.73884
1.73685
1.73485
1.73291
1.73109
1.72947
1.72811
1.72709
1.72645
1.72623
1.72644
1.72707
1.72809
1.72945
1.73109
1.73295
1.73494
1.737
1.73907
1.7411
1.74305
1.74488
1.74657
1.74812
1.74952
1.75076
1.75186
1.75282
1.75365
1.75436
1.75495
1.75545
1.75585
1.75616
1.75639
1.75654
1.75663
1.75665
1.7566
1.7565
1.75633
1.7561
1.75582
1.75547
1.75507
1.75461
1.75409
1.75351
1.75286
1.75215
1.75138
1.75054
1.74963
1.74865
1.7476
1.74648
1.7453
1.74405
1.74274
1.74138
1.73997
1.73853
1.73706
1.73559
1.73412
1.73267
1.73125
1.72988
1.72857
1.72733
1.72617
1.72509
1.7241
1.7232
1.72241
1.72172
1.72112
1.72062
1.72022
1.71989
1.71964
1.71943
1.71924
1.71905
1.71881
1.7185
1.71808
1.71752
1.71681
1.71592
1.71487
1.71368
1.71237
1.71101
1.70967
1.70843
1.70738
1.70659
1.70614
1.70608
1.70645
1.70725
1.70846
1.71004
1.71193
1.71406
1.71637
1.71878
1.72122
1.72365
1.72602
1.72827
1.7304
1.73235
1.73414
1.73573
1.73712
1.73832
1.73932
1.74013
1.74077
1.74125
1.74159
1.7418
1.74191
1.74195
1.74193
1.74188
1.74181
1.74175
1.7417
1.74168
1.74168
1.74173
1.7418
1.7419
1.74202
1.74216
1.74229
1.74242
1.74254
1.74262
1.74267
1.74269
1.74265
1.74257
1.74244
1.74226
1.74203
1.74176
1.74146
1.74112
1.74077
1.7404
1.74004
1.73969
1.73936
1.73906
1.7388
1.73861
1.73847
1.73841
1.73842
1.73851
1.73868
1.73894
1.73928
1.73969
1.74018
1.74072
1.74132
1.74196
1.74263
1.74333
1.74403
1.74473
1.74542
1.74609
1.74673
1.74733
1.74789
1.74839
1.74883
1.74921
1.74953
1.74979
1.74997
1.75009
1.75014
1.75012
1.75004
1.7499
1.74969
1.74942
1.74909
1.74871
1.74827
1.74778
1.74723
1.74663
1.74598
1.74527
1.7445
1.74368
1.7428
1.74185
1.74085
1.73978
1.73864
1.73744
1.73616
1.73482
1.73342
1.73195
1.73042
1.72885
1.72725
1.72564
1.72403
1.72245
1.72095
1.71956
1.71831
1.71726
1.71645
1.71592
1.7157
1.71582
1.7163
1.71715
1.71835
1.71989
1.72174
1.72386
1.72619
1.72869
1.73129
1.73393
1.73654
1.73906
1.74143
1.74359
1.74548
1.74704
1.74823
1.74901
1.74933
1.74918
1.74853
1.74738
1.74575
1.74369
1.74127
1.73862
1.73589
1.73329
1.73103
1.72934
1.72843
1.72847
1.72954
1.73165
1.73473
1.7386
1.74307
1.74789
1.75285
1.75775
1.76241
1.76672
1.7706
1.77401
1.77692
1.77935
1.78132
1.78286
1.784
1.78477
1.78522
1.78537
1.78526
1.78491
1.78436
1.78363
1.78274
1.78171
1.78056
1.77932
1.778
1.77662
1.77521
1.77378
1.77235
1.77095
1.76959
1.7683
1.76709
1.76598
1.76498
1.76411
1.76339
1.76282
1.76241
1.76216
1.76207
1.76214
1.76237
1.76275
1.76327
1.76391
1.76467
1.76554
1.76648
1.7675
1.76858
1.7697
1.77086
1.77203
1.7732
1.77437
1.77553
1.77666
1.77776
1.77883
1.77985
1.78082
1.78174
1.78261
1.78341
1.78416
1.78485
1.78548
1.78604
1.78655
1.787
1.78739
1.78774
1.78803
1.78828
1.7885
1.78869
1.78886
1.78902
1.78918
1.78934
1.78953
1.78975
1.79001
1.79033
1.7907
1.79113
1.79163
1.79221
1.79285
1.79355
1.79431
1.79512
1.79596
1.79682
1.79768
1.79854
1.79936
1.80013
1.80083
1.80146
1.80198
1.80238
1.80266
1.80279
1.80278
1.80261
1.80229
1.80181
1.80117
1.8004
1.7995
1.7985
1.79742
1.79629
1.79515
1.79404
1.793
1.79206
1.79128
1.79068
1.79029
1.79014
1.79024
1.79059
1.79119
1.79203
1.79309
1.79434
1.79576
1.79729
1.79892
1.80059
1.80226
1.8039
1.80547
1.80693
1.80824
1.80938
1.8103
1.81099
1.81143
1.81159
1.81147
1.81105
1.81034
1.80934
1.80807
1.80655
1.80481
1.80289
1.80083
1.79869
1.79654
1.79442
1.7924
1.79053
1.78888
1.78747
1.78635
1.78553
1.78502
1.78482
1.78491
1.78528
1.7859
1.78674
1.78779
1.78901
1.79038
1.79189
1.79349
1.79518
1.79693
1.79871
1.80048
1.80222
1.80388
1.80544
1.80686
1.80811
1.80917
1.81001
1.81064
1.81105
1.81125
1.81126
1.8111
1.8108
1.81041
1.80995
1.80949
1.80904
1.80867
1.80841
1.80829
1.80833
1.80856
1.80898
1.80959
1.81038
1.81135
1.81246
1.81368
1.81499
1.81635
1.81772
1.81907
1.82037
1.82159
1.82269
1.82365
1.82444
1.82506
1.82548
1.82569
1.82568
1.82544
1.82497
1.82427
1.82335
1.82222
1.82087
1.81935
1.81766
1.81584
1.81392
1.81194
1.80994
1.80796
1.80604
1.80422
1.80254
1.80102
1.79968
1.79852
1.79754
1.79672
1.79605
1.79551
1.79505
1.79465
1.79429
1.79395
1.7936
1.79324
1.79286
1.79246
1.79205
1.79165
1.79127
1.79092
1.79062
1.7904
1.79026
1.79023
1.79032
1.79052
1.79085
1.7913
1.79187
1.79255
1.79332
1.79415
1.79504
1.79596
1.79687
1.79776
1.79858
1.79933
1.79996
1.80046
1.8008
1.80096
1.80094
1.80071
1.80027
1.79962
1.79876
1.79769
1.79644
1.79501
1.79344
1.79175
1.78997
1.78815
1.78631
1.78451
1.78278
1.78116
1.77967
1.77836
1.77724
1.77633
1.77563
1.77513
1.77485
1.77476
1.77484
1.77508
1.77545
1.77594
1.77652
1.77717
1.77786
1.77858
1.77932
1.78005
1.78075
1.78143
1.78206
1.78264
1.78315
1.78359
1.78395
1.78421
1.78438
1.78445
1.78441
1.78426
1.78399
1.7836
1.78309
1.78246
1.78172
1.78087
1.77993
1.7789
1.77781
1.77668
1.77553
1.77438
1.77327
1.77223
1.77129
1.77047
1.7698
1.7693
1.76898
1.76886
1.76893
1.76919
1.76963
1.77023
1.77096
1.77179
1.7727
1.77366
1.77462
1.77557
1.77648
1.77731
1.77806
1.77871
1.77924
1.77965
1.77994
1.7801
1.78015
1.78009
1.77992
1.77966
1.77932
1.77891
1.77844
1.77792
1.77736
1.77677
1.77613
1.77547
1.77477
1.77402
1.77323
1.77239
1.77147
1.77048
1.7694
1.76823
1.76695
1.76556
1.76406
1.76246
1.76077
1.759
1.75719
1.75537
1.75359
1.75188
1.7503
1.74892
1.74777
1.7469
1.74636
1.74616
1.74632
1.74682
1.74765
1.74876
1.75011
1.75165
1.7533
1.75501
