1           0.01
2           0.04
3           0.09
4           2.25
5              4
6           0.36
7           0.25
8           0.25
9           0.01
10           2.89
11           0.49
12           0.09
13           0.16
14              0
15           1.69
16           0.25
17           0.81
18              1
19           2.56
20              0
21           0.09
22           0.25
23           1.21
24           0.04
25              4
26           0.64
27           0.01
28              0
29           0.36
30           0.64
31           0.09
32           0.04
33           1.96
34           0.04
35           2.56
36           1.21
37           0.81
38              1
39              1
40           1.96
41           0.01
42           0.01
43           0.64
44           0.25
45           0.36
46              1
47           0.04
48           6.25
49           0.04
50           0.01
51           0.09
52           1.44
53           0.04
54           0.01
55           0.25
56           0.01
57           1.21
58           1.21
59           0.25
60           2.25
61           0.49
62           0.01
63           1.69
64           0.36
65           0.16
66           2.89
67           1.96
68           0.09
69           0.49
70           3.24
71           1.21
72           1.69
73           1.21
74           0.36
75           1.44
76           0.81
77           2.89
78           0.36
79           0.04
80           0.16
81           0.64
82           1.69
83           1.44
84              4
85           0.25
86           0.04
87           0.81
88           1.21
89              1
90           0.16
91           0.04
92           0.01
93           0.09
94           0.16
95          13.69
96           0.04
97           0.49
98           0.25
99           0.64
100           0.01
