10000       0.499095              0
20000       0.499382    0.000287381
30000       0.500328    0.000960657
40000       0.501294     0.00118058
50000       0.500053     0.00154099
60000       0.500917     0.00152598
70000       0.500769     0.00129814
80000       0.500669     0.00112868
90000       0.500347     0.00104606
100000       0.500217    0.000944585
110000       0.500298    0.000858179
120000       0.500497     0.00080841
130000       0.500392    0.000751055
140000       0.500671    0.000749131
150000       0.500414    0.000743262
160000       0.500335    0.000699713
170000       0.500362     0.00065785
180000       0.500573    0.000655075
190000       0.500293    0.000680161
200000       0.500339    0.000646923
210000       0.500214    0.000627893
220000       0.500248    0.000599636
230000       0.499906    0.000667444
240000       0.499979    0.000643153
250000       0.499845    0.000631148
260000       0.499838    0.000606435
270000       0.499796    0.000585055
280000       0.500078    0.000630631
290000       0.500137    0.000611372
300000       0.500108    0.000591386
310000       0.500045    0.000575397
320000       0.500081    0.000558288
330000       0.500088    0.000541154
340000        0.50004    0.000527192
350000       0.500017    0.000512457
360000       0.500053    0.000499358
370000       0.499991    0.000489612
380000        0.50007    0.000483093
390000       0.500044    0.000471269
400000       0.500164    0.000474703
410000       0.500144    0.000463433
420000       0.500148    0.000452284
430000       0.500127    0.000442112
440000       0.500158    0.000433048
450000       0.500166     0.00042339
460000       0.500191    0.000414806
470000       0.500107     0.00041445
480000        0.50009    0.000406076
490000       0.500067    0.000398344
500000       0.500026    0.000392516
510000       0.500033    0.000384814
520000       0.500021     0.00037752
530000       0.499999    0.000370986
540000       0.499983    0.000364428
550000       0.499971    0.000357922
560000       0.499912    0.000356395
570000       0.499887    0.000350996
580000       0.499828    0.000349899
590000       0.499836    0.000343998
600000       0.499895    0.000343355
610000       0.499928    0.000339328
620000        0.49996    0.000335282
630000       0.499939    0.000330551
640000       0.499906    0.000326988
650000       0.499907     0.00032192
660000       0.499876    0.000318515
670000       0.499901    0.000314684
680000       0.499926    0.000311045
690000       0.500005    0.000316407
700000       0.499945    0.000317487
710000       0.499996    0.000317051
720000       0.500004    0.000312727
730000       0.499979    0.000309419
740000       0.499963    0.000305629
750000       0.500008    0.000304898
760000       0.499989    0.000301481
770000       0.499969    0.000298209
780000        0.49993    0.000296922
790000       0.500008    0.000303205
800000       0.499946    0.000305673
810000       0.500035    0.000314692
820000       0.499951    0.000321862
830000       0.499939    0.000318194
840000       0.499948    0.000314502
850000       0.499948     0.00031078
860000       0.500013    0.000314042
870000       0.500027    0.000310719
880000       0.500056     0.00030858
890000       0.500042     0.00030544
900000       0.500059    0.000302499
910000       0.500076    0.000299684
920000        0.50005    0.000297539
930000       0.500068    0.000294864
940000       0.500066    0.000291724
950000       0.500105    0.000291322
960000       0.500024     0.00029931
970000       0.499997    0.000297474
980000        0.49999    0.000294516
990000       0.500001     0.00029174
1e+06       0.500017    0.000289273
