10000      0.0840098              0
20000      0.0841824    0.000172597
30000      0.0838641    0.000333579
40000      0.0835363    0.000403834
50000      0.0835955    0.000318354
60000      0.0834021    0.000323996
70000      0.0833125    0.000288089
80000      0.0833072    0.000249549
90000      0.0833781    0.000231207
100000      0.0833853    0.000206923
110000      0.0833159    0.000199621
120000      0.0833774    0.000192329
130000      0.0834301    0.000184607
140000      0.0834256    0.000170973
150000      0.0833758    0.000166785
160000      0.0834667    0.000180562
170000      0.0834181    0.000176437
180000      0.0834266    0.000166562
190000      0.0834042    0.000159136
200000      0.0833903    0.000151605
210000      0.0833184    0.000161145
220000      0.0833307    0.000154143
230000      0.0832926    0.000152147
240000      0.0832746    0.000146772
250000      0.0832889    0.000141499
260000      0.0832445    0.000143024
270000      0.0832212    0.000139577
280000      0.0832238    0.000134525
290000      0.0832159    0.000130043
300000      0.0831909    0.000128099
310000      0.0832061    0.000124824
320000      0.0832576    0.000131378
330000      0.0832428    0.000128187
340000      0.0832177    0.000126885
350000      0.0832191    0.000123215
360000      0.0832216    0.000119769
370000        0.08327    0.000126147
380000      0.0833021    0.000126927
390000      0.0833215     0.00012514
400000      0.0833454    0.000124279
410000      0.0833686    0.000123415
420000      0.0833891    0.000122181
430000      0.0833776    0.000119857
440000      0.0833684    0.000117467
450000       0.083371    0.000114857
460000      0.0833643    0.000112535
470000      0.0833721    0.000110395
480000      0.0833931    0.000110079
490000      0.0834146    0.000109935
500000      0.0833921    0.000110041
510000      0.0833828    0.000108258
520000      0.0833902    0.000106413
530000      0.0833929     0.00010442
540000      0.0833836    0.000102893
550000      0.0833855    0.000101022
560000      0.0833754    9.97057e-05
570000      0.0833741    9.79497e-05
580000      0.0833462    0.000100228
590000      0.0833572    9.91364e-05
600000       0.083349    9.78207e-05
610000      0.0833561    9.64699e-05
620000      0.0833592    9.49514e-05
630000      0.0833466    9.42778e-05
640000      0.0833235    9.56226e-05
650000      0.0833152    9.45048e-05
660000      0.0833064    9.34795e-05
670000      0.0833146    9.24365e-05
680000      0.0833286    9.21371e-05
690000      0.0833503    9.33575e-05
700000      0.0833494    9.20188e-05
710000      0.0833715    9.33713e-05
720000      0.0833715    9.20653e-05
730000       0.083387    9.20967e-05
740000      0.0833871    9.08437e-05
750000       0.083378    9.00807e-05
760000      0.0833766     8.8898e-05
770000      0.0833735    8.77902e-05
780000      0.0833782    8.67823e-05
790000        0.08337    8.60685e-05
800000      0.0833793    8.54931e-05
810000      0.0833878    8.48596e-05
820000      0.0833901    8.38506e-05
830000      0.0833941    8.29308e-05
840000      0.0834093    8.33358e-05
850000      0.0834066    8.23965e-05
860000      0.0833974    8.19421e-05
870000      0.0834037    8.12378e-05
880000      0.0834037    8.03094e-05
890000      0.0834094    7.96075e-05
900000      0.0834093    7.87182e-05
910000      0.0834123     7.7907e-05
920000      0.0834272    7.84888e-05
930000      0.0834199    7.79859e-05
940000      0.0834149    7.73099e-05
950000      0.0834212    7.67443e-05
960000      0.0834241    7.59989e-05
970000      0.0834223    7.52325e-05
980000      0.0834323      7.512e-05
990000      0.0834432    7.51579e-05
1e+06      0.0834448    7.44187e-05
