0        301.881
1        301.881
2        301.881
3        298.762
4        298.762
5         276.71
6        275.415
7        274.944
8        274.944
9        266.032
10        248.181
11         237.76
12         237.76
13         237.76
14         237.76
15        236.926
16        215.632
17        215.175
18        215.175
19        215.175
20        214.804
21        214.804
22        207.513
23        198.788
24        198.788
25        198.788
26        198.788
27        198.788
28        197.578
29        189.865
30        189.865
31        188.489
32        185.217
33        185.217
34        178.025
35        178.025
36        178.025
37        178.025
38        164.605
39        164.605
40        164.605
41        162.949
42        162.949
43        162.949
44        162.949
45        152.308
46        152.308
47        152.308
48        152.308
49        150.841
50        150.841
51        150.841
52        150.384
53        143.715
54        143.715
55        143.715
56        143.715
57        143.715
58        143.715
59        143.527
60         140.88
61         140.88
62         140.88
63         140.88
64         140.88
65        138.871
66        138.858
67        138.858
68        138.858
69        138.858
70        138.858
71        134.482
72        134.482
73        134.482
74        134.482
75        134.482
76        134.482
77        134.482
78        134.482
79         121.95
80         121.95
81         121.95
82        121.869
83        121.869
84        121.869
85        119.257
86        119.257
87        119.257
88        119.257
89        119.257
90        119.257
91        119.257
92        117.029
93        117.029
94        110.198
95        110.198
96          109.5
97        104.282
98        104.282
99        104.282
100        104.278
101        104.278
102        97.9587
103        97.9587
104        97.9452
105        97.8574
106         97.855
107        97.7073
108        97.7073
109        97.7073
110        96.4408
111        92.5621
112        92.5621
113        92.3219
114        92.3219
115        89.5153
116        89.5153
117        89.5153
118        87.6503
119        87.6503
120        84.7005
121        84.4584
122        84.4584
123        84.4584
124        84.4584
125        80.1642
126        80.1642
127        80.1642
128        79.9968
129        77.2144
130        77.2144
131        77.2144
132        77.2144
133        77.2144
134        77.2144
135        77.2144
136        77.1428
137        77.0158
138        77.0158
139        77.0158
140        77.0158
141        77.0158
142        76.9082
143        76.9082
144        76.9082
145        76.9082
146        76.9082
147        76.8794
148        76.8794
149        75.7273
150        71.5934
151        71.5934
152        71.5934
153        70.2603
154        70.2603
155        67.1727
156        67.1727
157        67.1727
158        67.1727
159        65.8896
160        65.6996
161        65.6996
162        65.6996
163        65.6996
164        64.6238
165        64.6238
166        64.6238
167        64.6238
168        64.6238
169        63.1507
170        63.1507
171        63.1507
172        63.1507
173        63.1507
174        63.1507
175        63.1507
176        63.0784
177        63.0784
178        63.0784
179        63.0784
180        63.0784
181        63.0784
182        63.0784
183        63.0784
184        63.0784
185        63.0784
186        63.0784
187        63.0784
188        63.0784
189        63.0784
190        63.0784
191        63.0784
192        63.0784
193        63.0784
194        63.0784
195        63.0784
196        63.0784
197        63.0784
198        63.0784
199        63.0784
200        63.0784
201        62.3488
202        62.3488
203        62.3488
204        62.3488
205        62.3488
206        62.3488
207        62.3488
208        62.3488
209        62.3488
210        62.3488
211        62.3488
212        62.3488
213        62.3488
214        62.3488
215        62.3488
216        62.3488
217        62.3488
218        62.3488
219        62.3488
220        62.3488
221        62.3488
222        62.3488
223        62.3488
224        62.3488
225        62.3488
226        62.3488
227        62.3488
228        62.3488
229        62.3488
230        62.3488
231        62.3488
232        62.3488
233        62.3488
234        62.3488
235        62.3488
236        62.3488
237        62.3488
238        62.3488
239        62.3488
240        62.3488
241        62.3488
242        62.3488
243        62.3488
244        62.3488
245        62.3488
246        62.3488
247        62.3488
248        62.3488
249        62.3488
250        62.3488
251        62.3488
252        62.3488
253        62.3488
254        62.3488
255        62.3488
256        62.3488
257        62.2256
258        62.2256
259        62.2256
260        62.2256
261        62.2256
262        62.2256
263        62.2256
264        62.2256
265        62.2256
266        62.2256
267        62.2256
268        62.2256
269        62.2256
270        62.2256
271        62.2256
272        62.2256
273        62.2256
274        62.2256
275        62.2256
276        62.2256
277        62.2256
278        62.2256
279        62.2256
280        62.2256
281        62.2256
282        62.2256
283        62.2256
284        62.2256
285        62.2256
286        62.2256
287        62.2256
288        62.2256
289        62.2256
290        62.2256
291        62.2256
292        62.2256
293        62.2256
294        62.2256
295        62.2256
296        62.2256
297        62.2256
298        62.2256
299        62.2256
300        62.2256
301        62.2256
302        62.2256
303        62.2256
304        62.2256
305        62.2256
306        62.2256
307        62.2256
308        62.2256
309        62.2256
310        62.2256
311        62.2256
312        62.2256
313        62.2256
314        62.2256
315        62.2256
316        62.2256
317        62.2256
318        62.2256
319        62.2256
320        62.2256
321        62.2256
322        62.2256
323        62.2256
324        62.2256
325        62.2256
326        62.2256
327        62.2256
328        62.2256
329        62.2256
330        62.2256
331        62.2256
332        62.2256
333        62.2256
334        62.2256
335        62.2256
336        62.2256
337        62.2256
338        62.2256
339        62.2256
340        62.2256
341        62.2256
342        62.2256
343        62.2256
344        62.2256
345        62.2256
346        62.2256
347        62.2256
348        62.2256
349        62.2256
350        62.2256
351        62.2256
352        62.2256
353        62.2256
354        62.2256
355        62.2256
356        62.2256
357        62.2256
358        62.2256
359        62.2256
360        62.2256
361        62.2256
362        62.2256
363        62.2256
364        62.2256
365        62.2256
366        62.2256
367        62.2256
368        62.2256
369        62.2256
370        62.2256
371        62.2256
372        62.2256
373        62.2256
374        62.2256
375        62.2256
376        62.2256
377        62.2256
378        62.2256
379        62.2256
380        62.2256
381        62.2256
382        62.2256
383        62.2256
384        62.2256
385        62.2256
386        62.2256
387        62.2256
388        62.2256
389        62.2256
390        62.2256
391        62.2256
392        62.2256
393        62.2256
394        62.2256
395        62.2256
396        62.2256
397        62.2256
398        62.2256
399        62.2256
400        62.2256
401        62.2256
402        62.2256
403        62.2256
404        62.2256
405        62.2256
406        62.2256
407        62.2256
408        62.2256
409        62.2256
410        62.2256
411        62.2256
412        62.2256
413        62.2256
414        62.2256
415        62.2256
416        62.2256
417        62.2256
418        62.2256
419        62.2256
420        62.2256
421        62.2256
422        62.2256
423        62.2256
424        62.2256
425        62.2256
426        62.2256
427        62.2256
428        62.2256
429        62.2256
430        62.2256
431        62.2256
432        62.2256
433        62.2256
434        62.2256
435        62.2256
436        62.2256
437        62.2256
438        62.2256
439        62.2256
440        62.2256
441        62.2256
442        62.2256
443        62.2256
444        62.2256
445        62.2256
446        62.2256
447        62.2256
448        62.2256
449        62.2256
450        62.2256
451        62.2256
452        62.2256
453        62.2256
454        62.2256
455        62.2256
456        62.2256
457        62.2256
458        62.2256
459        62.2256
460        62.2256
461        62.2256
462        62.2256
463        62.2256
464        62.2256
465        62.2256
466        62.2256
467        62.2256
468        62.2256
469        62.2256
470        62.2256
471        62.2256
472        62.2256
473        62.2256
474        62.2256
475        62.2256
476        62.2256
477        62.2256
478        62.2256
479        62.2256
480        62.2256
481        62.2256
482        62.2256
483        62.2256
484        62.2256
485        62.2256
486        62.2256
487        62.2256
488        62.2256
489        62.2256
490        62.2256
491        62.2256
492        62.2256
493        62.2256
494        62.2256
495        62.2256
496        62.2256
497        62.2256
498        62.2256
499        62.2256
500        62.2256
