            100        1.81369              0
            200        1.81016     0.00352637
            300        1.81416     0.00448681
            400        1.82567      0.0119434
            500        1.83388      0.0123649
            600        1.82875      0.0113244
            700        1.82168      0.0118974
            800         1.8145       0.012559
            900        1.81186      0.0113873
           1000        1.80873      0.0106554
           1100        1.80599      0.0100182
           1200        1.80393     0.00937541
           1300        1.80067     0.00921965
           1400        1.79681     0.00936581
           1500        1.79235     0.00979343
           1600        1.78896     0.00976976
           1700        1.78842     0.00919276
           1800        1.78909     0.00869285
           1900        1.78964     0.00824061
           2000        1.78872     0.00787097
