            100        1.20913              0
            200        1.20677     0.00235091
            300        1.20944     0.00299121
            400        1.21712     0.00796224
            500        1.22259     0.00824326
            600        1.21917      0.0075496
            700        1.21445     0.00793162
            800        1.20967     0.00837266
            900         1.2079     0.00759154
           1000        1.20582     0.00710361
           1100        1.20399     0.00667879
           1200        1.20262     0.00625027
           1300        1.20045     0.00614644
           1400        1.19788     0.00624387
           1500         1.1949     0.00652895
           1600        1.19264     0.00651318
           1700        1.19228     0.00612851
           1800        1.19273     0.00579523
           1900        1.19309     0.00549374
           2000        1.19248     0.00524732
