            100      -0.409532              0
            200      -0.406013     0.00351944
            300      -0.409997     0.00447221
            400      -0.421485      0.0119156
            500      -0.429681      0.0123437
            600      -0.424548      0.0113105
            700      -0.417482      0.0118876
            800      -0.410306      0.0125491
            900      -0.407663      0.0113784
           1000      -0.404537      0.0106464
           1100      -0.401807      0.0100094
           1200      -0.399744     0.00936741
           1300      -0.396481     0.00921381
           1400      -0.392623     0.00936227
           1500      -0.388155     0.00979414
           1600       -0.38475       0.009774
           1700      -0.384206      0.0091972
           1800      -0.384868     0.00869646
           1900      -0.385405     0.00824356
           2000      -0.384488     0.00787411
