            100        1.66661              0
            200        1.67687      0.0102546
            300         1.7078      0.0314953
            400        1.69152      0.0275884
            500        1.69327      0.0214416
            600        1.69685      0.0178695
            700        1.70598      0.0176452
            800        1.70076      0.0161474
            900        1.69996      0.0142631
           1000        1.69735      0.0130207
           1100        1.69517      0.0119794
           1200        1.69481      0.0109416
           1300        1.69923      0.0109935
           1400        1.69309      0.0118837
           1500        1.69548      0.0113168
           1600        1.69666      0.0106515
           1700        1.69748      0.0100394
           1800        1.70097      0.0100865
           1900         1.7031     0.00977582
           2000        1.70429     0.00934989
