            100        1.11108              0
            200        1.11791     0.00683643
            300        1.13853      0.0209969
            400        1.12768      0.0183923
            500        1.12885      0.0142944
            600        1.13124       0.011913
            700        1.13732      0.0117635
            800        1.13384      0.0107649
            900        1.13331     0.00950874
           1000        1.13157     0.00868045
           1100        1.13011     0.00798629
           1200        1.12987     0.00729438
           1300        1.13282     0.00732902
           1400        1.12873     0.00792247
           1500        1.13032     0.00754453
           1600         1.1311     0.00710097
           1700        1.13166     0.00669292
           1800        1.13398     0.00672431
           1900         1.1354     0.00651722
           2000        1.13619     0.00623326
