            100       -4.97389              0
            200        -4.9846      0.0107118
            300       -5.01698      0.0329628
            400       -5.00093      0.0282953
            500        -5.0029      0.0220052
            600        -5.0068      0.0183865
            700        -5.0162      0.0181601
            800        -5.0111      0.0165332
            900       -5.01028      0.0146039
           1000       -5.00759      0.0133359
           1100       -5.00521      0.0122955
           1200       -5.00488       0.011229
           1300       -5.00924      0.0112114
           1400        -5.0032      0.0120125
           1500       -5.00599      0.0115264
           1600       -5.00729      0.0108603
           1700       -5.00818      0.0102403
           1800       -5.01182      0.0103159
           1900       -5.01397     0.00999396
           2000        -5.0152     0.00955968
