            100       -3.30727              0
            200       -3.30773    0.000457181
            300       -3.30917     0.00146749
            400       -3.30941     0.00106527
            500       -3.30962    0.000851409
            600       -3.30995    0.000766852
            700       -3.31022     0.00070303
            800       -3.31034    0.000620187
            900       -3.31032    0.000547306
           1000       -3.31024    0.000496429
           1100       -3.31004    0.000488222
           1200       -3.31008     0.00044688
           1300       -3.31001    0.000415862
           1400        -3.3101    0.000394917
           1500       -3.31051    0.000550699
           1600       -3.31063    0.000529436
           1700        -3.3107    0.000501362
           1800       -3.31085    0.000495594
           1900       -3.31088    0.000469674
           2000       -3.31091    0.000446988
