            100         1.1817              0
            200        1.17606     0.00564174
            300         1.1746     0.00356772
            400        1.17083     0.00453512
            500        1.17007      0.0035955
            600        1.17165     0.00333233
            700        1.17172     0.00281723
            800        1.17252     0.00256957
            900        1.17353     0.00247857
           1000        1.17075     0.00355515
           1100        1.17113     0.00323903
           1200        1.17357     0.00383121
           1300        1.17083     0.00446169
           1400        1.17249     0.00444931
           1500        1.17222     0.00415045
           1600        1.17191     0.00389486
           1700        1.17198     0.00365915
           1800        1.17277     0.00353925
           1900        1.17215     0.00340427
           2000          1.171     0.00342785
