            100       -6.69799              0
            200       -6.69289     0.00509965
            300        -6.6911     0.00344818
            400       -6.68739     0.00444065
            500       -6.68678     0.00349271
            600        -6.6881     0.00314139
            700       -6.68842     0.00267467
            800       -6.68911     0.00241671
            900       -6.69021     0.00239901
           1000       -6.68751     0.00344727
           1100       -6.68782     0.00313315
           1200        -6.6902     0.00372318
           1300       -6.68724     0.00452915
           1400       -6.68879     0.00447153
           1500       -6.68845     0.00417682
           1600       -6.68803      0.0039298
           1700         -6.688     0.00369152
           1800       -6.68873     0.00355605
           1900       -6.68808     0.00342619
           2000        -6.6869     0.00345493
