            100       -5.51629              0
            200       -5.51683    0.000542096
            300       -5.51649    0.000461473
            400       -5.51655    0.000331304
            500       -5.51671    0.000302501
            600       -5.51645    0.000358082
            700       -5.51671    0.000394458
            800       -5.51659    0.000361099
            900       -5.51669    0.000332989
           1000       -5.51677    0.000308716
           1100       -5.51668    0.000290919
           1200       -5.51663    0.000270744
           1300        -5.5164    0.000337354
           1400        -5.5163    0.000328047
           1500       -5.51623    0.000315449
           1600       -5.51611    0.000315151
           1700       -5.51602    0.000310852
           1800       -5.51596    0.000299303
           1900       -5.51593    0.000285141
           2000        -5.5159    0.000271422
