            100       0.787801              0
            200       0.784039     0.00376116
            300       0.783069     0.00237848
            400       0.780557     0.00302342
            500       0.780046       0.002397
            600       0.781097     0.00222155
            700       0.781144     0.00187815
            800       0.781682     0.00171305
            900       0.782351     0.00165238
           1000       0.780498      0.0023701
           1100       0.780757     0.00215935
           1200       0.782381     0.00255414
           1300       0.780557     0.00297446
           1400       0.781659     0.00296621
           1500       0.781483     0.00276697
           1600       0.781276     0.00259657
           1700       0.781319     0.00243943
           1800       0.781845      0.0023595
           1900       0.781434     0.00226951
           2000       0.780668     0.00228524
