0.811055
0.816276
0.813484
0.802704
0.785492
0.764669
0.743738
0.72594
0.713622
0.70801
0.709262
0.716692
0.729188
0.745456
0.764115
0.783679
0.802391
0.818273
0.829348
0.833985
0.831253
0.821118
0.804454
0.782888
0.758657
0.734232
0.712013
0.693932
0.681202
0.674256
0.672756
0.675811
0.68212
0.690203
0.698586
0.706064
0.711942
0.71614
0.719124
0.721801
0.725187
0.730183
0.737399
0.74692
0.758303
0.770493
0.78203
0.791293
0.796717
0.797269
0.792588
0.783063
0.769874
0.754777
0.73959
0.725719
0.713943
0.704445
0.697186
0.69245
0.690808
0.69287
0.698721
0.707582
0.718101
0.728988
0.739459
0.749332
0.758797
0.767968
0.776652
0.784351
0.790406
0.794178
0.795328
0.794003
0.790795
0.786627
0.782581
0.779568
0.777955
0.777343
0.77643
0.773448
0.767077
0.757576
0.747165
0.738666
0.733302
0.729938
0.726662
0.722452
0.717569
0.712861
0.708941
0.705851
0.703149
0.700361
0.697409
0.694855
0.693931
0.69604
0.702309
0.713043
0.727471
0.744058
0.761032
0.776869
0.790597
0.801754
0.810037
0.814962
0.815743
0.811464
0.801546
0.786069
0.766221
0.74433
0.723799
0.70839
0.700778
0.700887
0.70592
0.712253
0.717491
0.721042
0.723764
0.72698
0.731793
0.738575
0.746914
0.755974
0.764904
0.7728
0.778522
0.78061
0.777814
0.769978
0.758328
0.745203
0.733347
0.725223
0.722346
0.724989
0.732308
0.742783
0.755034
0.768399
0.782849
0.798379
0.814255
0.8288
0.839924
0.845878
0.845732
0.839613
0.828633
0.814438
0.798644
0.782278
0.76571
0.749001
0.732442
0.716815
0.70319
0.692571
0.685525
0.68197
0.68136
0.682909
0.685739
0.689118
0.692639
0.696231
0.699944
0.703713
0.707175
0.70969
0.710743
0.71033
0.70926
0.709014
0.711195
0.716924
0.72635
0.738657
0.752376
0.765881
0.777733
0.786908
0.792837
0.795436
0.794986
0.791888
0.786488
0.77914
0.770289
0.760662
0.75134
0.743527
0.73846
0.737093
0.739818
0.746244
0.755183
0.764922
0.773643
0.779899
0.782985
0.783033
0.780816
0.777218
0.772796
0.7675
0.760835
0.752328
0.741928
0.730313
0.718826
0.709318
0.703707
0.703535
0.709457
0.720916
0.736256
0.753029
0.76863
0.780757
0.787796
0.788888
0.783895
0.773287
0.75797
0.739081
0.718007
0.696374
0.676139
0.65963
0.649366
0.647663
0.655899
0.673854
0.699404
0.72912
0.75928
0.786781
0.809611
0.826794
0.83799
0.843044
0.842
0.835228
0.823599
0.808691
0.792636
0.777704
0.765579
0.756782
0.750799
0.746484
0.742785
0.738844
0.733987
0.727865
0.72063
0.712983
0.705986
0.700836
0.69851
0.699497
0.703817
0.711022
0.720375
0.731014
0.742048
0.752721
0.762438
0.770995
0.778687
0.786182
0.794035
0.80218
0.809662
0.8147
0.815248
0.809695
0.797321
0.778551
0.754835
0.728448
0.702283
0.679456
0.662813
0.654474
0.655293
0.664479
0.679791
0.698084
0.715994
0.730679
0.740145
0.74328
0.739878
0.730616
0.717166
0.702149
0.688819
0.680244
0.678319
0.683205
0.693649
0.708034
0.725185
0.744353
0.764995
0.786213
0.806684
0.824795
0.839186
0.84898
0.853848
0.853941
0.849569
0.841192
0.829469
0.815359
0.800131
0.78517
0.771685
0.760324
0.751042
0.742868
0.734254
0.723642
0.710291
0.69496
0.679858
0.668203
0.663177
0.6669
0.67965
0.699689
0.723962
0.7488
0.770689
0.786789
0.795241
0.795214
0.786971
0.771719
0.751588
0.729617
0.709357
0.694312
0.687167
0.689047
0.699304
0.715837
0.73578
0.756372
0.775524
0.792169
0.806002
0.816995
0.824789
0.828333
0.826196
0.817411
0.802216
0.782358
0.760732
0.740512
0.724298
0.713545
0.708586
0.708946
0.713643
0.721316
0.73066
0.740602
0.750446
0.759738
0.76797
0.774324
0.777941
0.778099
0.77449
0.767358
0.757523
0.746412
0.735917
0.728059
0.724382
0.725345
0.73011
0.736826
0.743462
0.748579
0.75145
0.751898
0.7501
0.746339
0.740903
0.734121
0.726462
0.718647
0.711619
0.706388
0.703864
0.704663
0.708807
0.715766
0.724504
0.733717
0.742279
0.749485
0.755112
0.759395
0.76289
0.766353
0.770389
0.775281
0.780628
0.785486
0.788657
0.789067
0.786046
0.779465
0.769682
0.757555
0.74457
0.733157
0.726595
0.727431
0.735663
0.748251
0.76085
0.769804
0.772885
0.769331
0.759605
0.745231
0.728497
0.712115
0.698814
0.690902
0.689954
0.696593
0.710294
0.729331
0.75101
0.772326
0.790573
0.803671
0.810459
0.8107
0.805018
0.79485
0.782142
0.769061
0.757582
0.749078
0.744132
0.742584
0.743757
0.746719
0.750425
0.753935
0.756514
0.757658
0.757065
0.754662
0.750534
0.744801
0.73745
0.728334
0.717381
0.704833
0.691463
0.678669
0.668315
0.662263
0.661936
0.667816
0.679233
0.694644
0.712103
0.729728
0.74595
0.759557
0.769795
0.776304
0.779069
0.778353
0.774564
0.768384
0.760968
0.754086
0.749725
0.749626
0.75468
0.764665
0.778139
0.792746
0.805661
0.814266
0.816667
0.811977
0.800476
0.783634
0.763993
0.744815
0.729621
0.721375
0.721555
0.72954
0.742668
0.757228
0.769735
0.777926
0.781075
0.779515
0.774091
0.765667
0.755078
0.743306
0.731635
0.721665
0.714802
0.711778
0.712412
0.715993
0.721576
0.728332
0.735661
0.743094
0.750179
0.756417
0.761372
0.764818
0.76691
0.76813
0.769108
0.7703
0.771785
0.773089
0.773301
0.771349
0.766393
0.758241
0.747583
0.73591
0.725121
0.717027
0.712814
0.712742
0.716037
0.721134
0.726039
0.728832
0.72827
0.72422
0.717849
0.711294
0.706774
0.705949
0.709508
0.717201
0.728242
0.741643
0.756405
0.771597
0.786154
0.798768
0.807845
0.811713
0.809111
0.799718
0.784727
0.767036
0.750618
0.739065
0.73432
0.736427
0.744377
0.75703
0.773229
0.791536
0.809981
0.826207
0.83778
0.842426
0.838575
0.825682
0.804351
0.776271
0.743986
0.710603
0.679557
0.654265
0.637737
0.632062
0.637735
0.653349
0.676015
0.702275
0.729105
0.754301
0.776353
0.79399
0.805953
0.811116
0.808807
0.799162
0.783302
0.76333
0.742075
0.722814
0.70879
0.702515
0.705094
0.715929
0.732897
0.753027
0.773232
0.790958
0.804449
0.812944
0.816621
0.816454
0.813703
0.809176
0.803
0.794589
0.783213
0.768887
0.752821
0.737132
0.723981
0.714521
0.708635
0.70565
0.705007
0.706457
0.709756
0.714347
0.71939
0.724146
0.728286
0.731939
0.735588
0.739808
0.744845
0.750348
0.755483
0.759265
0.76106
0.760893
0.75942
0.75771
0.756916
0.757933
0.761099
0.766129
0.772296
0.778556
0.783711
0.786687
0.786663
0.783126
0.775996
0.765636
0.752863
0.738783
0.724858
0.712756
0.704324
0.701412
0.705198
0.715597
0.730934
0.748544
0.76574
0.78053
0.791826
0.799195
0.802682
0.802605
0.799535
0.794207
0.787374
0.779591
0.771112
0.762075
0.752752
0.743606
0.734992
0.727064
0.719943
0.713956
0.709751
0.708233
0.710092
0.715351
0.723221
0.732262
0.74092
0.747886
0.752384
0.754233
0.75371
0.751613
0.749125
0.747516
0.747622
0.749458
0.752246
0.754977
0.756931
0.75814
0.759254
0.761055
0.763813
0.766961
0.769407
0.770051
0.768459
0.765107
0.761205
0.758179
0.756969
0.757633
0.759441
0.761413
0.762816
0.763478
0.763571
0.763261
0.762438
0.760526
0.756843
0.751037
0.743511
0.735526
0.728705
0.724285
0.722416
0.722247
0.722658
0.722914
0.722959
0.723144
0.72373
0.724864
0.726595
0.729134
0.732739
0.737381
0.742637
0.747694
0.75177
0.754437
0.755572
0.755155
0.753031
0.748861
0.742275
0.733185
0.721924
0.709401
0.697168
0.687659
0.684153
0.68981
0.705935
0.73088
0.760785
0.791174
0.818126
0.838511
0.849881
0.850562
0.840083
0.819722
0.792716
0.763955
0.738807
0.721493
0.713813
0.714788
0.721518
0.730622
0.739586
0.747327
0.754068
0.760626
0.767615
0.774881
0.78157
0.786423
0.788356
0.786779
0.781871
0.774396
0.765496
0.756421
0.748231
0.741659
0.737247
0.735569
0.737328
0.7431
0.752917
0.76587
0.780119
0.793379
0.803438
0.808483
0.807279
0.799118
0.783971
0.762427
0.735904
0.706919
0.67915
0.656903
0.643707
0.640891
0.647027
0.659038
0.673696
0.688638
0.702763
0.715958
0.728635
0.7413
0.754278
0.767508
0.78055
0.792666
0.802919
0.810503
0.814924
0.815898
0.813268
0.806778
0.796256
0.781977
0.764959
0.746895
0.729921
0.716142
0.707098
0.703356
0.704377
0.708933
0.71567
0.723562
0.731888
0.740039
0.747356
0.753068
0.75648
0.757187
0.755346
0.751636
0.747094
0.742854
0.739863
0.738656
0.739265
0.741299
0.743998
0.746579
0.748455
0.749314
0.748982
0.747395
0.744561
0.740539
0.735565
0.730237
0.725559
0.722721
0.722739
0.726126
0.732601
0.741112
0.750141
0.757988
0.763293
0.765432
0.764796
0.762727
0.761116
0.76176
0.765513
0.772072
0.780063
0.787573
0.792788
0.794536
0.792463
0.787145
0.779775
0.771719
0.763925
0.756592
0.749257
0.741174
0.73184
0.721339
0.710494
0.700724
0.693632
0.69074
0.693016
0.700511
0.712433
0.727309
0.743397
0.75895
0.772408
0.782454
0.788064
0.788771
0.784766
0.776915
0.766555
0.755267
0.744514
0.735254
0.727862
0.722111
0.717363
0.712979
0.708519
0.703979
0.699772
0.696572
0.695093
0.695898
0.699245
0.705104
0.713292
0.723593
0.735693
0.749092
0.763183
0.777185
0.7902
0.801181
0.809042
0.812837
0.812075
0.806941
0.798304
0.787649
0.776757
0.76724
0.760012
0.755031
0.751361
0.747799
0.74355
0.73854
0.733434
0.729292
0.727137
0.727625
0.730836
0.736196
0.742569
0.748454
0.752275
0.752822
0.749565
0.742808
0.733594
0.723459
0.714261
0.707822
0.705558
0.707957
0.714317
0.723289
0.733625
0.744487
0.755233
0.76519
0.773417
0.778835
0.780503
0.777997
0.771424
0.761461
0.749248
0.736146
0.723611
0.713139
