0.792406
0.787096
0.785445
0.787632
0.792807
0.799398
0.805542
0.809693
0.810972
0.809252
0.804877
0.798444
0.790629
0.781971
0.772768
0.763146
0.753231
0.743351
0.734134
0.726529
0.721605
0.720252
0.722971
0.729725
0.739988
0.752771
0.766874
0.781188
0.794977
0.807932
0.819939
0.830635
0.839299
0.84493
0.846771
0.844653
0.839157
0.831452
0.823095
0.815631
0.810211
0.807279
0.806494
0.806996
0.807778
0.807979
0.807027
0.804762
0.80135
0.797257
0.793223
0.790176
0.788915
0.789932
0.79323
0.798374
0.804634
0.810967
0.816103
0.818787
0.818409
0.81533
0.810696
0.805792
0.801261
0.796764
0.791136
0.782884
0.770923
0.75515
0.736602
0.717483
0.700629
0.688955
0.68485
0.689716
0.703743
0.725803
0.753858
0.785407
0.8178
0.848442
0.874882
0.895036
0.907332
0.910926
0.90577
0.892659
0.873138
0.849286
0.823374
0.797541
0.773357
0.751857
0.733665
0.719272
0.709102
0.703492
0.702557
0.706016
0.713139
0.722864
0.734037
0.745713
0.757196
0.768005
0.777795
0.78644
0.794266
0.8022
0.811451
0.822945
0.836761
0.851877
0.866472
0.878369
0.885752
0.887623
0.883892
0.875156
0.862585
0.84764
0.831897
0.81693
0.804098
0.79453
0.789097
0.788265
0.791914
0.799029
0.807856
0.816274
0.822354
0.824867
0.823451
0.81867
0.811814
0.804315
0.797174
0.790647
0.784399
0.778073
0.771681
0.765711
0.760903
0.757999
0.757412
0.758911
0.761593
0.764054
0.765065
0.76406
0.761324
0.757874
0.755083
0.754251
0.756233
0.761106
0.768045
0.775591
0.781992
0.78558
0.785275
0.780936
0.773522
0.764978
0.757507
0.7526
0.750728
0.751846
0.756101
0.763953
0.775574
0.790359
0.806817
0.82287
0.836198
0.844682
0.846763
0.841823
0.830401
0.814323
0.796384
0.779852
0.767666
0.761674
0.762236
0.768244
0.777532
0.787563
0.796022
0.801282
0.802788
0.801095
0.797649
0.794282
0.792573
0.793589
0.797846
0.805386
0.815875
0.828453
0.841722
0.854065
0.863904
0.869842
0.870749
0.865841
0.854721
0.837567
0.815233
0.789395
0.762464
0.737449
0.717444
0.704824
0.700575
0.704385
0.715054
0.731007
0.750489
0.771571
0.791929
0.80905
0.820523
0.824596
0.820612
0.809577
0.794543
0.780102
0.770794
0.769224
0.775313
0.787206
0.802532
0.818873
0.833884
0.845515
0.852379
0.85405
0.85112
0.844957
0.837224
0.829489
0.822944
0.81833
0.815901
0.815508
0.816857
0.819781
0.824327
0.830566
0.837916
0.844919
0.849587
0.850248
0.846194
0.837645
0.825313
0.810013
0.792503
0.773588
0.754306
0.736112
0.720746
0.709757
0.704052
0.703749
0.708264
0.716632
0.727626
0.739745
0.751353
0.76083
0.766929
0.769083
0.767539
0.763454
0.758596
0.754778
0.753502
0.755838
0.762321
0.772886
0.786827
0.80296
0.819886
0.836226
0.850741
0.862406
0.8704
0.874228
0.873796
0.869499
0.862086
0.852385
0.841095
0.828784
0.816055
0.803796
0.793361
0.786263
0.783386
0.78428
0.787134
0.789695
0.790288
0.78843
0.784655
0.780218
0.776756
0.775901
0.778709
0.785187
0.793964
0.802627
0.808687
0.810309
0.806727
0.798348
0.786607
0.773551
0.761412
0.752084
0.74656
0.74468
0.745432
0.747446
0.749744
0.751941
0.754221
0.757012
0.760679
0.765404
0.771113
0.77741
0.78377
0.789697
0.794909
0.7993
0.802875
0.805469
0.80664
0.80595
0.803287
0.799099
0.794304
0.790064
0.787332
0.78654
0.787522
0.789598
0.791897
0.793616
0.794126
0.793085
0.790509
0.786849
0.782993
0.780024
0.778812
0.779773
0.782705
0.786758
0.79061
0.792855
0.792452
0.789472
0.785246
0.78191
0.781481
0.785042
0.792536
0.802897
0.814512
0.82556
0.8344
0.839747
0.84096
0.838244
0.832648
0.825673
0.818689
0.812367
0.806542
0.800463
0.793279
0.784562
0.774616
0.764584
0.756345
0.751929
0.752726
0.75899
0.769931
0.784224
0.800403
0.817098
0.833154
0.847522
0.859177
0.867155
0.87064
0.869186
0.862759
0.851769
0.837209
0.820559
0.80378
0.78896
0.777793
0.77092
0.767702
0.766761
0.766742
0.766951
0.767444
0.768567
0.770606
0.773643
0.777862
0.783669
0.791215
0.79976
0.807556
0.812359
0.812356
0.80683
0.796511
0.783265
0.769759
0.758602
0.7517
0.749556
0.75125
0.754863
0.758216
0.759585
0.758024
0.75332
0.745924
0.736872
0.727676
0.720055
0.715462
0.714512
0.716873
0.721803
0.728711
0.737394
0.747747
0.759637
0.772802
0.786658
0.80037
0.812946
0.823508
0.831542
0.837194
0.841318
0.845278
0.850498
0.858068
0.868262
0.880423
0.893122
0.904629
0.913391
0.918081
0.91784
0.912156
0.900877
0.884318
0.863255
0.838965
0.813012
0.787167
0.763219
0.742888
0.727694
0.71873
0.716325
0.719994
0.728519
0.740268
0.753441
0.766265
0.777226
0.785302
0.79022
0.792446
0.792868
0.792364
0.791403
0.790103
0.788448
0.786598
0.784875
0.783589
0.782857
0.782669
0.78294
0.783687
0.784906
0.786314
0.787348
0.787765
0.788171
0.790015
0.794833
0.803389
0.815248
0.82884
0.841922
0.8521
0.857323
0.856298
0.848597
0.834819
0.816607
0.796462
0.777398
0.762236
0.752698
0.748907
0.749446
0.751965
0.75406
0.754013
0.751063
0.745196
0.737007
0.727619
0.71862
0.711964
0.709878
0.714436
0.726889
0.746941
0.772667
0.80114
0.829346
0.854632
0.874856
0.888528
0.895054
0.894726
0.888482
0.877744
0.864155
0.84931
0.83463
0.821149
0.809658
0.800991
0.796152
0.796008
0.800867
0.810023
0.821784
0.833839
0.843944
0.850173
0.851176
0.846281
0.835514
0.819437
0.798975
0.775472
0.750842
0.727477
0.707835
0.693769
0.68643
0.686359
0.693823
0.708602
0.729643
0.754755
0.780883
0.804727
0.823466
0.835185
0.839122
0.83566
0.826208
0.812933
0.798398
0.785134
0.775154
0.769531
0.76822
0.770317
0.774493
0.779651
0.78539
0.791719
0.798455
0.804696
0.809074
0.810471
0.808546
0.803933
0.797833
0.791599
0.786294
0.78267
0.781189
0.782088
0.785306
0.79036
0.796464
0.80285
0.809185
0.815847
0.823559
0.832768
0.84307
0.853159
0.8613
0.865963
0.866188
0.861846
0.853597
0.842592
0.830122
0.81738
0.805518
0.795762
0.789268
0.78682
0.788471
0.793468
0.800357
0.807383
0.812914
0.815617
0.814547
0.809126
0.7993
0.785728
0.769727
0.752938
0.736814
0.722143
0.709044
0.697437
0.687473
0.679844
0.675608
0.675698
0.680634
0.690292
0.704107
0.721504
0.742103
0.765676
0.791789
0.819529
0.847577
0.874345
0.898054
0.916883
0.929115
0.93363
0.93007
0.919017
0.901891
0.88074
0.857765
0.834916
0.813673
0.795054
0.779814
0.768583
0.761735
0.759349
0.761
0.765788
0.772521
0.779764
0.786143
0.790494
0.79212
0.790929
0.787387
0.782404
0.776865
0.771572
0.767219
0.764618
0.76482
0.768908
0.777563
0.790808
0.80783
0.827024
0.846274
0.863193
0.875442
0.881034
0.878699
0.86835
0.851255
0.829913
0.807329
0.785815
0.766528
0.749952
0.73672
0.727878
0.72444
0.726697
0.733925
0.744611
0.756982
0.769599
0.781538
0.792301
0.801603
0.809159
0.814895
0.818934
0.82163
0.823415
0.824439
0.82448
0.822978
0.819049
0.81173
0.800259
0.784352
0.764452
0.741898
0.718795
0.697542
0.680521
0.669677
0.666404
0.671428
0.684726
0.70534
0.731359
0.760176
0.788795
0.814375
0.834615
0.847764
0.852698
0.848888
0.836596
0.817466
0.794576
0.772169
0.754507
0.744485
0.742693
0.747781
0.757666
0.770455
0.784722
0.799253
0.812733
0.823811
0.831431
0.835187
0.835297
0.832624
0.828412
0.824012
0.820571
0.818851
0.81907
0.820785
0.822974
0.824449
0.824016
0.821047
0.815931
0.810017
0.805336
0.803789
0.806252
0.812382
0.820929
0.830313
0.839044
0.845804
0.849352
0.848646
0.843001
0.832363
0.817517
0.799977
0.781649
0.764504
0.750123
0.739605
0.73366
0.732556
0.735769
0.741863
0.749126
0.756359
0.763211
0.769862
0.776479
0.783082
0.789597
0.79601
0.802401
0.808836
0.815129
0.820608
0.824181
0.82467
0.821087
0.812869
0.800003
0.782995
0.762788
0.740524
0.717625
0.696128
0.678782
0.668879
0.669303
0.68142
0.704448
0.735662
0.771434
0.808136
0.842762
0.873146
0.897849
0.91607
0.927456
0.932104
0.930467
0.923328
0.91181
0.897414
0.88181
0.866404
0.851965
0.838575
0.825794
0.813091
0.800174
0.787192
0.774929
0.764624
0.757714
0.755171
0.756921
0.761688
0.767457
0.772149
0.774198
0.772887
0.76843
0.761759
0.754183
0.74686
0.740473
0.735274
0.731391
0.729141
0.729092
0.731758
0.737254
0.745043
0.754077
0.763243
0.771648
0.778873
0.784895
0.790004
0.794713
0.799648
0.805365
0.812086
0.819629
0.827469
0.834999
0.841769
0.847613
0.852665
0.857085
0.860882
0.863714
0.864985
0.863997
0.860052
0.852704
0.841987
0.828427
0.812852
0.796237
0.779614
0.763953
0.750307
0.739865
0.733933
0.733382
0.7383
0.747816
0.760214
0.773446
0.785434
0.794481
0.799515
0.800138
0.796567
0.789438
0.779676
0.768375
0.756686
0.74579
0.736691
0.730304
0.727411
0.728678
0.734468
0.744788
0.759003
0.775728
0.792998
0.80877
0.821466
0.830279
0.835191
0.836842
0.836142
0.833927
0.830855
0.827228
0.823185
0.818785
0.814052
0.809074
0.804003
0.798993
0.794105
0.789123
0.783679
0.777602
0.771351
0.766299
0.76433
0.766857
0.77384
0.783708
0.793957
0.802247
0.8072
0.808554
0.806882
0.803226
0.798578
0.793727
0.789155
0.785292
0.782617
0.781621
0.78279
0.786443
0.792471
0.800494
0.809935
0.81999
0.829712
0.838017
0.843879
0.846718
0.846812
0.845522
0.84493
0.84655
0.849959
0.852853
0.852537
0.847376
0.837133
0.822603
0.805332
0.787409
0.771063
0.758305
0.750302
0.747228
0.748415
0.75274
0.759096
0.766515
0.773995
0.780479
0.784937
0.786602
0.785113
