0.803369
0.803579
0.800025
0.792923
0.783286
0.773033
0.764626
0.760306
0.761171
0.766599
0.774821
0.783839
0.792107
0.798803
0.804018
0.808647
0.813985
0.820982
0.829665
0.838677
0.84568
0.848319
0.845096
0.83598
0.82244
0.80707
0.792694
0.78134
0.773672
0.769143
0.766621
0.765154
0.764236
0.763897
0.764403
0.765949
0.768656
0.772551
0.777599
0.783705
0.790625
0.797921
0.805021
0.811126
0.815299
0.81666
0.814705
0.80941
0.801073
0.790183
0.77735
0.763509
0.749921
0.737896
0.728506
0.722392
0.719847
0.720928
0.725472
0.732946
0.742442
0.752798
0.762965
0.772187
0.780129
0.786878
0.792658
0.797656
0.801937
0.805512
0.808457
0.811041
0.813816
0.817186
0.821094
0.824799
0.827118
0.826929
0.82356
0.81705
0.808068
0.797575
0.786464
0.775411
0.764727
0.754616
0.745264
0.73708
0.730766
0.727096
0.72661
0.729478
0.735452
0.744022
0.754411
0.765556
0.776288
0.785591
0.792748
0.797371
0.799305
0.798602
0.795499
0.790426
0.784018
0.777074
0.770554
0.76554
0.762998
0.763442
0.766627
0.771597
0.777047
0.781793
0.78501
0.786535
0.786906
0.787095
0.788075
0.790515
0.794649
0.800311
0.807079
0.814099
0.820066
0.823463
0.823197
0.819125
0.812106
0.803647
0.795515
0.789189
0.785617
0.784986
0.786766
0.790084
0.794023
0.797827
0.801169
0.804061
0.806747
0.809156
0.810499
0.809456
0.80489
0.796753
0.786567
0.776747
0.769551
0.766042
0.766085
0.768945
0.773877
0.780104
0.786846
0.793346
0.799261
0.804582
0.809458
0.813823
0.817328
0.819444
0.819623
0.817449
0.812676
0.805083
0.794506
0.780805
0.763848
0.743697
0.720757
0.696304
0.672743
0.653533
0.642527
0.642609
0.654669
0.677408
0.708075
0.743301
0.779725
0.814116
0.843483
0.865352
0.877978
0.880686
0.874068
0.860072
0.841816
0.82309
0.807443
0.797123
0.792413
0.791811
0.793109
0.794404
0.794629
0.793569
0.791601
0.789324
0.787292
0.785942
0.785501
0.785819
0.78648
0.786857
0.786383
0.784755
0.782297
0.77982
0.778292
0.77853
0.78098
0.785632
0.792059
0.799411
0.806431
0.811674
0.813837
0.811992
0.80572
0.795446
0.782464
0.768694
0.756301
0.74716
0.742502
0.742907
0.748469
0.758977
0.773767
0.79158
0.810595
0.828491
0.842778
0.85111
0.851812
0.84463
0.831251
0.814974
0.79963
0.788096
0.781489
0.779385
0.780483
0.783291
0.786504
0.789029
0.789939
0.788718
0.785352
0.78028
0.774103
0.767288
0.760076
0.752695
0.745519
0.739148
0.734284
0.731677
0.732048
0.735838
0.743066
0.753299
0.766023
0.780883
0.79748
0.814967
0.831755
0.845849
0.855466
0.85962
0.858441
0.852939
0.844491
0.834159
0.822176
0.808303
0.792657
0.776146
0.760382
0.746888
0.736543
0.729443
0.725339
0.724075
0.725798
0.730757
0.738909
0.749584
0.761479
0.772914
0.78215
0.787735
0.788831
0.78538
0.778119
0.768496
0.7584
0.74977
0.744331
0.74327
0.747129
0.755762
0.768352
0.783564
0.79949
0.813908
0.824516
0.829324
0.827095
0.817739
0.802425
0.783415
0.763782
0.746812
0.735181
0.730469
0.732889
0.741428
0.754322
0.769383
0.784263
0.796878
0.805734
0.810291
0.811302
0.81048
0.809825
0.810885
0.814087
0.818672
0.823153
0.826106
0.826754
0.825152
0.822044
0.818216
0.814111
0.809563
0.804139
0.797698
0.79055
0.783433
0.777114
0.77214
0.768711
0.766648
0.765426
0.764221
0.762367
0.759757
0.756911
0.754718
0.753796
0.754166
0.755442
0.757254
0.759721
0.763335
0.768245
0.773621
0.777857
0.779562
0.778379
0.775106
0.771263
0.768321
0.76707
0.767448
0.768863
0.770686
0.772733
0.775094
0.778088
0.781982
0.786858
0.792467
0.798376
0.804078
0.80921
0.813781
0.818257
0.823338
0.829458
0.8364
0.843148
0.848053
0.849475
0.846335
0.838439
0.826448
0.811615
0.795238
0.778382
0.761671
0.745395
0.729896
0.715827
0.704271
0.696683
0.694772
0.700138
0.713666
0.734961
0.762038
0.791692
0.820224
0.844255
0.861412
0.870562
0.871982
0.866906
0.857103
0.844312
0.829831
0.814453
0.79877
0.783444
0.769394
0.757797
0.74978
0.746046
0.746441
0.74988
0.754581
0.758685
0.760727
0.760052
0.757027
0.752943
0.749675
0.749243
0.753208
0.762156
0.775219
0.790205
0.804347
0.815344
0.822154
0.82539
0.826977
0.828817
0.8316
0.834494
0.836042
0.835191
0.831571
0.82539
0.817176
0.807568
0.797194
0.786571
0.776172
0.766628
0.758912
0.754017
0.752498
0.754023
0.757286
0.760688
0.763047
0.764068
0.764391
0.765175
0.767574
0.772301
0.779374
0.788132
0.797448
0.806117
0.813312
0.818758
0.822656
0.825393
0.827387
0.828725
0.829424
0.829462
0.828897
0.827715
0.825608
0.82187
0.81534
0.804589
0.788534
0.76722
0.742508
0.71808
0.698737
0.688841
0.690739
0.703975
0.725889
0.752727
0.780672
0.80639
0.827306
0.841866
0.849632
0.851192
0.848029
0.842098
0.835232
0.828699
0.8229
0.817595
0.812203
0.806109
0.79908
0.791393
0.783908
0.777573
0.772865
0.769541
0.767007
0.76491
0.763374
0.762832
0.763758
0.766394
0.770536
0.775401
0.779892
0.782833
0.783565
0.782233
0.779837
0.777967
0.778183
0.781242
0.786634
0.79278
0.797769
0.800092
0.799223
0.795667
0.790671
0.78571
0.781953
0.779973
0.779728
0.780654
0.781936
0.782824
0.782894
0.782236
0.781055
0.779344
0.776595
0.772012
0.765262
0.756876
0.748239
0.741094
0.736881
0.736488
0.740146
0.747551
0.758019
0.77059
0.784209
0.797839
0.810406
0.82081
0.828098
0.831798
0.832009
0.829328
0.824532
0.81814
0.810288
0.801003
0.790612
0.780025
0.770619
0.76369
0.760046
0.75986
0.76289
0.768682
0.776365
0.784617
0.791738
0.796138
0.796781
0.793335
0.786261
0.776682
0.766348
0.757413
0.75202
0.751894
0.757942
0.769999
0.786891
0.806604
0.82656
0.844055
0.856573
0.862185
0.859876
0.849741
0.833072
0.812207
0.790175
0.770171
0.754817
0.745655
0.742911
0.74564
0.752081
0.760138
0.767786
0.773558
0.776926
0.778317
0.77889
0.780189
0.783444
0.788977
0.795962
0.802839
0.807996
0.810463
0.810025
0.807006
0.801791
0.794574
0.785151
0.773169
0.758655
0.742521
0.726854
0.714749
0.709366
0.712645
0.724355
0.742104
0.76231
0.781531
0.797018
0.807146
0.811395
0.810273
0.805135
0.797978
0.79091
0.785679
0.78338
0.78432
0.787876
0.792671
0.79687
0.798879
0.797696
0.793075
0.785393
0.775724
0.765618
0.75696
0.751502
0.750501
0.754525
0.763383
0.776271
0.791952
0.808863
0.825309
0.839592
0.85016
0.855634
0.854922
0.847365
0.832962
0.812596
0.788097
0.761979
0.737059
0.715825
0.699862
0.68974
0.68529
0.685963
0.691203
0.700609
0.713668
0.729681
0.747524
0.765789
0.782839
0.797242
0.807929
0.814416
0.816707
0.815363
0.811515
0.806895
0.80377
0.804337
0.809722
0.819108
0.830015
0.839422
0.845253
0.846917
0.84513
0.84121
0.836459
0.831787
0.827696
0.824192
0.820847
0.816824
0.811057
0.802576
0.790785
0.775755
0.758433
0.740716
0.725182
0.714339
0.709894
0.712085
0.719669
0.730332
0.741508
0.75106
0.757729
0.761154
0.761776
0.760616
0.758917
0.758032
0.759135
0.763089
0.770355
0.7808
0.793648
0.807603
0.821107
0.832759
0.84162
0.84719
0.849262
0.847789
0.842883
0.835098
0.825607
0.816103
0.80843
0.803926
0.802993
0.805018
0.808639
0.812325
0.814948
0.816013
0.815494
0.81347
0.809805
0.804203
0.796529
0.787216
0.777204
0.767527
0.758773
0.751015
0.744247
0.738905
0.735957
0.736674
0.74193
0.751748
0.765126
0.780202
0.794804
0.807035
0.815831
0.821194
0.824143
0.826174
0.828576
0.831637
0.834427
0.835285
0.832744
0.826151
0.815704
0.802068
0.786126
0.768793
0.751271
0.735118
0.722134
0.714027
0.711923
0.715997
0.725345
0.738155
0.752211
0.765498
0.776654
0.785002
0.790531
0.79376
0.795549
0.796841
0.798248
0.799979
0.802041
0.804639
0.808457
0.814387
0.822821
0.832829
0.842223
0.848379
0.849314
0.844413
0.834287
0.820362
0.804221
0.787111
0.769846
0.752973
0.737225
0.723865
0.71466
0.7112
0.714072
0.722347
0.733936
0.746388
0.757787
0.76728
0.775
0.78157
0.787651
0.793927
0.801052
0.809389
0.818683
0.828049
0.836218
0.841975
0.844581
0.843891
0.840218
0.834173
0.826283
0.81704
0.806907
0.796427
0.786429
0.777951
0.772054
0.769379
0.769789
0.772099
0.774466
0.775062
0.773004
0.768854
0.764271
0.76112
0.760469
0.762204
0.765272
0.768176
0.769487
0.768153
0.76396
0.757993
0.752697
0.751422
0.756936
0.769741
0.787514
0.80627
0.822227
0.833136
0.838519
0.83927
0.836964
0.833192
0.829233
0.825803
0.823064
0.820739
0.818248
0.815007
0.810473
0.804294
0.796402
0.787167
0.777332
0.767714
0.758967
0.751566
0.745918
0.74248
0.741483
0.742836
0.746202
0.751221
0.757772
0.76584
0.775185
0.785186
0.795028
0.803969
0.811611
0.817836
0.822572
0.825588
0.826464
0.824743
0.820085
0.812626
0.802908
0.791831
0.780586
0.770489
0.762728
0.758214
0.757298
0.759682
0.764565
0.770818
0.777186
0.78246
0.785593
0.785933
0.783355
0.778325
0.77167
0.764511
0.758159
0.75382
0.752339
0.754047
0.758385
0.763921
0.768861
0.771816
0.772599
0.772459
0.773556
0.777907
0.786243
0.797699
0.810011
0.820476
0.826704
0.82707
0.821116
0.809576
0.794252
0.777647
0.762388
0.750548
0.743306
0.740926
0.743066
0.749025
0.757948
0.768876
0.780661
0.792024
0.801828
0.809284
0.813992
0.815998
0.815738
0.813793
0.810655
0.806515
0.801238
0.79452
0.786215
0.776712
0.767192
0.759486
0.755437
0.756113
0.761336
0.769653
0.778893
0.786861
0.792088
0.794181
0.793725
0.791921
0.790216
0.789823
0.791429
0.795084
0.800185
0.805732
