1         7.4123        6.71252
2        5.23785         8.5185
3        -3.2829       -9.44577
4       -4.04286        9.14633
5       -9.61358        2.75303
6       -9.58411       -2.85391
7       -4.63743        -8.8597
8        8.69778        4.93443
9       -7.00627       -7.13527
10        6.59771       -7.51467
11       -6.11679        7.91106
12         3.0221       -9.53241
13      -0.560722       -9.98427
14        9.91968        1.26486
15        5.31905        8.46804
16        -9.5737       -2.88864
17       -1.04411        9.94534
18       -9.91095       -1.33158
19        9.94617        1.03624
20       -9.36782       -3.49915
21        9.25722        3.78206
22       -1.83422       -9.83034
23        1.71011        9.85269
24        3.99562        9.16706
25       -9.83441        1.81228
26       -1.75195       -9.84534
27       -9.64629        2.63612
28       -9.84546        1.75127
29       0.234332        9.99725
30        1.34776        9.90876
31       -9.52085        3.05833
32       -9.33081       -3.59665
