           0     -0.6864        2.56
         100       -0.52           0
         200     -0.5248        1.44
         300     -0.4432        0.64
         400       -0.52           0
         500       -0.52           0
         600     -0.5936        2.56
         700     -0.5128        3.24
         800     -0.5288        4.84
         900     -0.4432        0.64
        1000     -0.3584        0.16
        1100      -0.592           4
        1200     -0.6056        1.96
        1300     -0.2824        0.36
        1400      -0.604           1
        1500     -0.2776        0.36
        1600     -0.6024        0.36
        1700     -0.5264        2.56
        1800     -0.4328        3.24
        1900     -0.3568        0.64
        2000      -0.684           1
        2100     -0.6016        0.16
        2200      -0.364           1
        2300     -0.5168        0.64
        2400     -0.3584        0.16
        2500     -0.5288        4.84
        2600     -0.5144        1.96
        2700     -0.5144        1.96
        2800     -0.3584        0.16
        2900     -0.5216        0.16
        3000     -0.4408        0.04
        3100     -0.4408        0.04
        3200       -0.44           0
        3300     -0.4424        0.36
        3400     -0.4376        0.36
        3500     -0.5168        0.64
        3600     -0.5248        1.44
        3700      -0.444           1
        3800     -0.4472        3.24
        3900     -0.5952        1.44
        4000     -0.5248        1.44
        4100     -0.6896        5.76
        4200     -0.3568        0.64
        4300     -0.3568        0.64
        4400     -0.5136        2.56
        4500     -0.4384        0.16
        4600     -0.1976        0.36
        4700     -0.6008        0.04
        4800     -0.4368        0.64
        4900     -0.5176        0.36
        5000     -0.4376        0.36
        5100     -0.3664        2.56
        5200     -0.5144        1.96
        5300     -0.5176        0.36
        5400      -0.512           4
        5500     -0.4392        0.04
        5600     -0.5232        0.64
        5700     -0.3584        0.16
        5800     -0.5176        0.36
        5900      -0.284           1
        6000      -0.524           1
        6100     -0.2808        0.04
        6200     -0.5128        3.24
        6300     -0.6032        0.64
        6400     -0.5248        1.44
        6500     -0.4368        0.64
        6600     -0.5224        0.36
        6700       -0.52           0
        6800     -0.5216        0.16
        6900      -0.432           4
        7000     -0.5168        0.64
        7100      -0.528           4
        7200     -0.5216        0.16
        7300     -0.5104        5.76
        7400     -0.5144        1.96
        7500     -0.5216        0.16
        7600     -0.5208        0.04
        7700     -0.6824        0.36
        7800     -0.3576        0.36
        7900       -0.28           0
        8000      -0.192           4
        8100     -0.5184        0.16
        8200     -0.4408        0.04
        8300     -0.3624        0.36
        8400     -0.4424        0.36
        8500     -0.3616        0.16
        8600     -0.4416        0.16
        8700     -0.3616        0.16
        8800        -0.6           0
        8900     -0.5256        1.96
        9000     -0.4424        0.36
        9100     -0.2776        0.36
        9200     -0.5232        0.64
        9300     -0.4392        0.04
        9400     -0.2808        0.04
        9500       -0.52           0
        9600     -0.5216        0.16
        9700     -0.5176        0.36
        9800     -0.6688        7.84
        9900     -0.3656        1.96
       10000     -0.3656        1.96
       10100     -0.3592        0.04
       10200       -0.28           0
       10300       -0.52           0
       10400     -0.5312        7.84
       10500     -0.5944        1.96
       10600      -0.364           1
       10700     -0.3568        0.64
       10800     -0.6072        3.24
       10900     -0.5248        1.44
       11000        -0.2           0
       11100     -0.5216        0.16
       11200      -0.444           1
       11300     -0.6008        0.04
       11400      -0.364           1
       11500     -0.5224        0.36
       11600     -0.4448        1.44
       11700     -0.5128        3.24
       11800       -0.68           0
       11900     -0.4448        1.44
       12000       -0.44           0
       12100     -0.4464        2.56
       12200     -0.6792        0.04
       12300      -0.524           1
       12400     -0.2808        0.04
       12500     -0.5192        0.04
       12600     -0.6024        0.36
       12700     -0.3632        0.64
       12800     -0.5192        0.04
       12900     -0.4408        0.04
       13000     -0.3616        0.16
       13100     -0.5216        0.16
       13200     -0.4456        1.96
       13300     -0.6752        1.44
       13400     -0.3568        0.64
       13500     -0.5112        4.84
       13600     -0.3608        0.04
       13700      -0.532           9
       13800     -0.5248        1.44
       13900     -0.6032        0.64
       14000        -0.6           0
       14100      -0.672           4
       14200      -0.436           1
       14300     -0.5072       10.24
       14400       -0.36           0
       14500       -0.36           0
       14600     -0.2832        0.64
       14700     -0.3584        0.16
       14800     -0.5136        2.56
       14900     -0.3592        0.04
       15000     -0.4448        1.44
       15100     -0.4432        0.64
       15200       -0.44           0
       15300     -0.5944        1.96
       15400     -0.4416        0.16
       15500     -0.5952        1.44
       15600     -0.3648        1.44
       15700     -0.4424        0.36
       15800      -0.524           1
       15900     -0.4472        3.24
       16000     -0.5152        1.44
       16100     -0.5144        1.96
       16200     -0.4488        4.84
       16300     -0.5272        3.24
       16400      -0.604           1
       16500     -0.3632        0.64
       16600     -0.2024        0.36
       16700      -0.444           1
       16800       -0.36           0
       16900     -0.2848        1.44
       17000     -0.4448        1.44
       17100     -0.1976        0.36
       17200     -0.4424        0.36
       17300     -0.6728        3.24
       17400     -0.4328        3.24
       17500     -0.3504        5.76
       17600     -0.3688        4.84
       17700     -0.2784        0.16
       17800     -0.4416        0.16
       17900      -0.124           1
       18000      -0.368           4
       18100     -0.2776        0.36
       18200     -0.4424        0.36
       18300     -0.4448        1.44
       18400     -0.4336        2.56
       18500     -0.5992        0.04
       18600     -0.3584        0.16
       18700     -0.3608        0.04
       18800     -0.5976        0.36
       18900     -0.5224        0.36
       19000       -0.52           0
       19100     -0.2864        2.56
       19200     -0.4368        0.64
       19300     -0.3648        1.44
       19400     -0.4432        0.64
       19500     -0.4392        0.04
       19600       -0.44           0
       19700     -0.6072        3.24
       19800     -0.3608        0.04
       19900     -0.4472        3.24
       20000     -0.5288        4.84
       20100     -0.5232        0.64
       20200     -0.5288        4.84
       20300     -0.3656        1.96
       20400     -0.2032        0.64
       20500     -0.4376        0.36
       20600     -0.4496        5.76
       20700     -0.4432        0.64
       20800       -0.44           0
       20900     -0.5248        1.44
       21000     -0.2856        1.96
       21100     -0.2064        2.56
       21200     -0.4432        0.64
       21300     -0.2784        0.16
       21400     -0.5224        0.36
       21500     -0.3616        0.16
       21600      -0.524           1
       21700     -0.5296        5.76
       21800     -0.6072        3.24
       21900     -0.4424        0.36
       22000     -0.6744        1.96
       22100     -0.3536        2.56
       22200     -0.4376        0.36
       22300     -0.4488        4.84
       22400     -0.5152        1.44
       22500     -0.5224        0.36
       22600     -0.5264        2.56
       22700     -0.4344        1.96
       22800     -0.4368        0.64
       22900     -0.6712        4.84
       23000     -0.3616        0.16
       23100      -0.364           1
       23200     -0.5208        0.04
       23300     -0.4376        0.36
       23400     -0.4352        1.44
       23500     -0.2816        0.16
       23600     -0.4448        1.44
       23700     -0.3672        3.24
       23800     -0.4416        0.16
       23900     -0.3592        0.04
       24000     -0.3592        0.04
       24100      -0.516           1
       24200     -0.4312        4.84
       24300     -0.5176        0.36
       24400     -0.5176        0.36
       24500     -0.6032        0.64
       24600     -0.6024        0.36
       24700     -0.6056        1.96
       24800     -0.6016        0.16
       24900     -0.5184        0.16
       25000     -0.5296        5.76
       25100     -0.5184        0.16
       25200     -0.6744        1.96
       25300      -0.364           1
       25400       -0.52           0
       25500      -0.516           1
       25600     -0.3624        0.36
       25700     -0.5184        0.16
       25800     -0.3568        0.64
       25900     -0.4384        0.16
       26000     -0.2808        0.04
       26100     -0.5216        0.16
       26200     -0.5232        0.64
       26300     -0.7536        2.56
       26400       -0.52           0
       26500     -0.5296        5.76
       26600     -0.4432        0.64
       26700     -0.5184        0.16
       26800     -0.5184        0.16
       26900     -0.4416        0.16
       27000     -0.4376        0.36
       27100        -0.6           0
       27200      -0.528           4
       27300     -0.6016        0.16
       27400      -0.528           4
       27500     -0.6048        1.44
       27600     -0.5144        1.96
       27700     -0.5152        1.44
       27800     -0.4384        0.16
       27900     -0.5968        0.64
       28000     -0.4336        2.56
       28100     -0.6024        0.36
       28200     -0.4448        1.44
       28300     -0.4376        0.36
       28400     -0.2768        0.64
       28500     -0.5208        0.04
       28600     -0.3632        0.64
       28700     -0.5224        0.36
       28800     -0.6808        0.04
       28900     -0.5184        0.16
       29000     -0.5936        2.56
       29100     -0.3648        1.44
       29200     -0.3648        1.44
       29300     -0.3584        0.16
       29400     -0.6896        5.76
       29500     -0.4384        0.16
       29600     -0.3624        0.36
       29700     -0.5176        0.36
       29800     -0.5176        0.36
       29900     -0.5224        0.36
       30000        -0.6           0
       30100     -0.2864        2.56
       30200     -0.4432        0.64
       30300     -0.5168        0.64
       30400     -0.6048        1.44
       30500     -0.5976        0.36
       30600      -0.432           4
       30700     -0.4384        0.16
       30800     -0.4328        3.24
       30900     -0.5232        0.64
       31000     -0.5152        1.44
       31100     -0.5168        0.64
       31200     -0.3648        1.44
       31300      -0.436           1
       31400      -0.444           1
       31500     -0.5216        0.16
       31600      -0.524           1
       31700     -0.4416        0.16
       31800      -0.524           1
       31900     -0.5952        1.44
       32000     -0.4464        2.56
       32100      -0.284           1
       32200     -0.4424        0.36
       32300     -0.4432        0.64
       32400     -0.5144        1.96
       32500     -0.5288        4.84
       32600     -0.6776        0.36
       32700      -0.364           1
       32800     -0.1976        0.36
       32900     -0.5184        0.16
       33000     -0.5072       10.24
       33100     -0.5968        0.64
       33200     -0.5128        3.24
       33300     -0.2016        0.16
       33400     -0.5232        0.64
       33500     -0.3544        1.96
       33600     -0.4408        0.04
       33700     -0.3664        2.56
       33800     -0.1144        1.96
       33900      -0.356           1
       34000      -0.516           1
       34100     -0.4384        0.16
       34200     -0.6072        3.24
       34300     -0.4416        0.16
       34400     -0.6048        1.44
       34500     -0.4312        4.84
       34600     -0.5968        0.64
       34700     -0.4336        2.56
       34800     -0.4408        0.04
       34900      -0.444           1
       35000     -0.5264        2.56
       35100     -0.4344        1.96
       35200     -0.4432        0.64
       35300     -0.4304        5.76
       35400     -0.5168        0.64
       35500        -0.6           0
       35600     -0.5976        0.36
       35700     -0.5168        0.64
       35800       -0.28           0
       35900     -0.3584        0.16
       36000       -0.44           0
       36100      -0.364           1
       36200     -0.4384        0.16
       36300     -0.4352        1.44
       36400     -0.5168        0.64
       36500     -0.2848        1.44
       36600      -0.356           1
       36700       -0.52           0
       36800     -0.4448        1.44
       36900     -0.3584        0.16
       37000     -0.4328        3.24
       37100     -0.4376        0.36
       37200      -0.448           4
       37300     -0.6096        5.76
       37400     -0.3688        4.84
       37500     -0.3552        1.44
       37600     -0.3584        0.16
       37700     -0.3664        2.56
       37800       -0.52           0
       37900       -0.68           0
       38000     -0.6792        0.04
       38100     -0.4456        1.96
       38200     -0.4408        0.04
       38300     -0.6024        0.36
       38400     -0.4464        2.56
       38500     -0.6024        0.36
       38600     -0.5232        0.64
       38700     -0.5192        0.04
       38800      -0.356           1
       38900     -0.5264        2.56
       39000     -0.3576        0.36
       39100     -0.5984        0.16
       39200     -0.5088        7.84
       39300     -0.1944        1.96
       39400     -0.4408        0.04
       39500      -0.444           1
       39600     -0.5208        0.04
       39700     -0.7528        3.24
       39800       -0.44           0
       39900       -0.36           0
       40000     -0.4328        3.24
       40100     -0.3536        2.56
       40200     -0.3624        0.36
       40300     -0.4448        1.44
       40400     -0.3592        0.04
       40500        -0.6           0
       40600     -0.5144        1.96
       40700     -0.2744        1.96
       40800     -0.5272        3.24
       40900     -0.4432        0.64
       41000      -0.592           4
       41100     -0.5248        1.44
       41200     -0.5936        2.56
       41300     -0.2032        0.64
       41400     -0.4408        0.04
       41500     -0.3568        0.64
       41600     -0.6024        0.36
       41700     -0.4344        1.96
       41800       -0.36           0
       41900      -0.436           1
       42000     -0.5248        1.44
       42100     -0.5248        1.44
       42200     -0.3576        0.36
       42300     -0.4432        0.64
       42400     -0.5232        0.64
       42500     -0.4432        0.64
       42600     -0.2824        0.36
       42700     -0.5936        2.56
       42800     -0.6048        1.44
       42900     -0.4368        0.64
       43000     -0.6672       10.24
       43100     -0.2832        0.64
       43200     -0.6048        1.44
       43300     -0.4392        0.04
       43400     -0.4416        0.16
       43500     -0.6088        4.84
       43600     -0.2864        2.56
       43700      -0.516           1
       43800      -0.596           1
       43900     -0.5992        0.04
       44000     -0.2832        0.64
       44100     -0.3592        0.04
       44200        -0.2           0
       44300        -0.6           0
       44400     -0.5912        4.84
       44500     -0.5216        0.16
       44600     -0.5136        2.56
       44700     -0.6064        2.56
       44800     -0.4424        0.36
       44900     -0.5112        4.84
       45000     -0.2848        1.44
       45100     -0.5984        0.16
       45200     -0.4376        0.36
       45300     -0.3648        1.44
       45400     -0.6064        2.56
       45500     -0.4384        0.16
       45600     -0.5208        0.04
       45700      -0.524           1
       45800     -0.5976        0.36
       45900     -0.1216        0.16
       46000     -0.4376        0.36
       46100     -0.2824        0.36
       46200     -0.4416        0.16
       46300     -0.6856        1.96
       46400     -0.3584        0.16
       46500     -0.2784        0.16
       46600     -0.3624        0.36
       46700     -0.4432        0.64
       46800     -0.3632        0.64
       46900     -0.4448        1.44
       47000     -0.4368        0.64
       47100      -0.528           4
       47200      -0.444           1
       47300       -0.44           0
       47400     -0.5224        0.36
       47500     -0.5992        0.04
       47600      -0.516           1
       47700      -0.448           4
       47800     -0.4328        3.24
       47900     -0.2808        0.04
       48000      -0.516           1
       48100     -0.5968        0.64
       48200     -0.5968        0.64
       48300     -0.3624        0.36
       48400     -0.2784        0.16
       48500     -0.5224        0.36
       48600     -0.3632        0.64
       48700     -0.4448        1.44
       48800     -0.2816        0.16
       48900     -0.6816        0.16
       49000     -0.4448        1.44
       49100     -0.4432        0.64
       49200      -0.684           1
       49300     -0.4408        0.04
       49400      -0.596           1
       49500     -0.3608        0.04
       49600      -0.524           1
       49700     -0.3568        0.64
       49800     -0.4384        0.16
       49900     -0.5224        0.36
       50000     -0.6864        2.56
