0.0282843 0.484782
0.0565685 0.469641
0.0848528 0.454892
0.113137 0.438915
0.141421 0.423147
0.169706 0.40802
0.19799 0.392241
0.226274 0.378189
0.254558 0.362886
0.282843 0.347527
0.311127 0.333324
0.339411 0.318281
0.367696 0.305061
0.39598 0.291164
0.424264 0.277861
0.452548 0.263432
0.480833 0.250786
0.509117 0.238111
0.537401 0.225418
0.565685 0.212389
0.59397 0.200241
0.622254 0.186699
0.650538 0.174999
0.678823 0.163797
0.707107 0.150681
0.735391 0.139348
0.763675 0.127456
0.79196 0.11657
0.820244 0.105167
0.848528 0.094138
0.876812 0.083962
0.905097 0.074664
0.933381 0.065194
0.961665 0.055652
0.989949 0.047565
1.01823 0.039148
1.04652 0.031306
1.0748 0.024769
1.10309 0.018221
1.13137 0.012709
1.15966 0.007177
1.18794 0.000364
