              1      -0.432063              0
              2      -0.438119     0.00605585
              3      -0.440555     0.00426158
              4      -0.441302     0.00310461
              5      -0.440871     0.00244324
              6      -0.438072     0.00343721
              7      -0.439235     0.00312918
              8      -0.438475     0.00281445
              9      -0.437475     0.00267596
             10      -0.438648      0.0026655
             11      -0.439066     0.00244705
             12      -0.440518     0.00266387
             13      -0.440492     0.00245054
             14      -0.440129     0.00229757
             15      -0.439657     0.00219046
             16      -0.438956     0.00216545
             17      -0.439025     0.00203524
             18      -0.438319      0.0020446
             19      -0.438381       0.001935
             20      -0.438243     0.00184091
             21      -0.437214     0.00203109
             22      -0.437331     0.00194011
             23      -0.437399     0.00185508
             24      -0.437631      0.0017912
             25      -0.437601     0.00171831
             26      -0.437865     0.00167178
             27      -0.437993     0.00161379
             28      -0.438239     0.00157433
             29      -0.438024     0.00153409
             30      -0.438096     0.00148379
             31       -0.43827     0.00144565
             32      -0.438013      0.0014231
             33      -0.437914     0.00138282
             34       -0.43748     0.00141011
             35      -0.437477     0.00136924
             36      -0.437305     0.00134176
             37      -0.437626     0.00134406
             38      -0.437286     0.00135184
             39      -0.437229     0.00131793
             40      -0.437364     0.00129159
             41       -0.43745     0.00126261
             42      -0.437162     0.00126527
             43      -0.437259     0.00123927
             44      -0.437137      0.0012169
             45      -0.437302       0.001201
             46      -0.437061     0.00119917
             47       -0.43722      0.0011842
             48       -0.43711     0.00116449
             49      -0.437255     0.00114966
             50      -0.437315       0.001128
             51      -0.436962     0.00116052
             52      -0.437081     0.00114421
             53      -0.437492     0.00119505
             54       -0.43741     0.00117554
             55      -0.437549     0.00116231
             56      -0.437505      0.0011422
             57      -0.437569     0.00112379
             58      -0.437565     0.00110426
             59      -0.437855     0.00112361
             60      -0.437502     0.00115966
             61      -0.437675     0.00115341
             62      -0.437405     0.00116625
             63      -0.437519     0.00115324
             64      -0.437774     0.00116342
             65      -0.437692     0.00114834
             66       -0.43783     0.00113919
             67      -0.437734     0.00112615
             68      -0.437652      0.0011125
             69       -0.43758     0.00109859
             70      -0.437543      0.0010834
             71      -0.437512     0.00106849
             72      -0.437529     0.00105368
             73      -0.437578      0.0010403
             74       -0.43757     0.00102618
             75      -0.437416     0.00102404
             76      -0.437478     0.00101238
             77       -0.43747    0.000999179
             78      -0.437489    0.000986474
             79      -0.437579    0.000978024
             80      -0.437401    0.000982048
             81      -0.437242    0.000982669
             82      -0.437249    0.000970633
             83      -0.437304    0.000960449
             84      -0.437233    0.000951619
             85      -0.437262    0.000940802
             86      -0.437351    0.000934135
             87      -0.437284    0.000925794
             88       -0.43721    0.000918237
             89      -0.437289    0.000911329
             90      -0.437297     0.00090118
             91      -0.437366    0.000893921
             92      -0.437318    0.000885488
             93      -0.437314    0.000875923
             94      -0.437382    0.000869217
             95      -0.437303    0.000863655
             96      -0.437341    0.000855472
             97      -0.437294    0.000847903
             98       -0.43723    0.000841641
             99      -0.437327    0.000838712
            100      -0.437348    0.000830547
